,timestamp,gaze_0_x,gaze_0_y,gaze_0_z,gaze_1_x,gaze_1_y,gaze_1_z,gaze_angle_x,gaze_angle_y,AU01_r,AU02_r,AU04_r,AU05_r,AU06_r,AU07_r,AU09_r,AU10_r,AU12_r,AU14_r,AU15_r,AU17_r,AU20_r,AU23_r,AU25_r,AU26_r,AU45_r
0,316.67,0.196372,0.310153,-0.930185,-0.159156,0.374428,-0.913495,0.02,0.356,0.03,0.0,0.03,0.0,0.92,0.87,0.0,0.82,1.95,0.78,0.0,0.0,0.0,0.0,1.75,0.0,0.74
1,316.7,0.200157,0.31931,-0.926271,-0.160059,0.375804,-0.912772,0.022,0.361,0.0,0.0,0.03,0.06,0.88,0.51,0.0,0.96,2.06,0.85,0.0,0.13,0.0,0.0,1.87,0.1,0.48
2,316.73,0.102215,0.180837,-0.978187,-0.086129,0.198882,-0.976231,0.008,0.192,0.0,0.0,0.06,0.06,0.8,0.38,0.0,0.9,2.03,0.87,0.0,0.22,0.0,0.0,1.96,0.26,0.24
3,316.77,0.080999,0.184299,-0.979527,-0.073839,0.225483,-0.971445,0.004,0.207,0.0,0.0,0.04,0.06,0.74,0.22,0.0,0.92,1.96,1.02,0.0,0.31,0.03,0.0,1.99,0.52,0.0
4,316.8,0.082657,0.181732,-0.979868,-0.069901,0.22757,-0.97125,0.007,0.207,0.0,0.0,0.1,0.0,0.77,0.31,0.0,0.8,1.83,0.98,0.0,0.31,0.07,0.0,1.83,0.67,0.0
5,316.83,0.069508,0.178584,-0.981467,-0.073923,0.229012,-0.970613,-0.002,0.206,0.0,0.0,0.14,0.0,0.8,0.34,0.0,0.83,1.76,0.93,0.0,0.21,0.13,0.0,1.77,0.78,0.0
6,316.87,0.061471,0.188094,-0.980225,-0.078071,0.241797,-0.967181,-0.009,0.217,0.0,0.0,0.24,0.0,0.81,0.42,0.0,0.77,1.76,0.78,0.0,0.18,0.12,0.0,1.73,0.77,0.0
7,316.9,0.064705,0.18901,-0.979841,-0.078149,0.243215,-0.966819,-0.007,0.218,0.0,0.0,0.24,0.0,0.8,0.45,0.0,0.74,1.74,0.65,0.0,0.05,0.18,0.0,1.75,0.69,0.0
8,316.93,0.050688,0.203774,-0.977705,-0.082464,0.246051,-0.965742,-0.016,0.227,0.0,0.0,0.28,0.0,0.8,0.43,0.0,0.64,1.68,0.61,0.0,0.05,0.16,0.0,1.8,0.74,0.0
9,316.97,0.060069,0.205586,-0.976794,-0.100021,0.24048,-0.965487,-0.021,0.226,0.0,0.0,0.27,0.0,0.76,0.24,0.0,0.61,1.56,0.6,0.0,0.01,0.25,0.0,1.77,0.84,0.0
10,317.0,0.057631,0.204415,-0.977186,-0.105626,0.230308,-0.967368,-0.025,0.22,0.0,0.0,0.41,0.0,0.7,0.15,0.0,0.47,1.44,0.71,0.04,0.13,0.31,0.0,1.77,1.12,0.0
11,317.03,0.050519,0.177751,-0.982778,-0.09806,0.213579,-0.971992,-0.024,0.198,0.0,0.0,0.43,0.0,0.62,0.05,0.0,0.43,1.32,0.75,0.08,0.28,0.45,0.0,1.61,1.14,0.0
12,317.07,0.052294,0.177184,-0.982788,-0.099183,0.219699,-0.970513,-0.024,0.2,0.0,0.0,0.48,0.0,0.61,0.05,0.0,0.34,1.28,0.75,0.08,0.44,0.5,0.0,1.52,1.14,0.0
13,317.1,0.053871,0.177522,-0.982641,-0.100104,0.219265,-0.970516,-0.024,0.2,0.0,0.0,0.42,0.0,0.59,0.03,0.0,0.35,1.24,0.81,0.22,0.56,0.56,0.0,1.42,1.06,0.0
14,317.13,0.0489,0.174845,-0.983381,-0.105668,0.226755,-0.968203,-0.029,0.203,0.0,0.0,0.45,0.0,0.6,0.0,0.0,0.27,1.18,0.89,0.18,0.54,0.64,0.0,1.48,1.01,0.0
15,317.17,0.042631,0.16059,-0.9861,-0.109534,0.217311,-0.969937,-0.034,0.191,0.0,0.0,0.4,0.0,0.59,0.0,0.0,0.2,1.03,0.91,0.2,0.54,0.65,0.0,1.53,1.02,0.0
16,317.2,0.044714,0.171211,-0.984219,-0.096309,0.221613,-0.970367,-0.026,0.198,0.0,0.0,0.4,0.0,0.65,0.12,0.0,0.15,1.0,0.85,0.04,0.48,0.58,0.0,1.56,1.0,0.0
17,317.23,0.052657,0.180521,-0.982161,-0.09501,0.23274,-0.967887,-0.022,0.209,0.0,0.0,0.32,0.0,0.71,0.22,0.0,0.23,1.0,0.8,0.04,0.61,0.49,0.0,1.41,1.11,0.0
18,317.27,0.053097,0.190664,-0.980218,-0.090814,0.227084,-0.969632,-0.019,0.211,0.0,0.0,0.31,0.0,0.77,0.3,0.01,0.36,1.07,0.79,0.09,0.58,0.47,0.0,1.32,1.13,0.0
19,317.3,0.055014,0.190788,-0.980089,-0.091449,0.23019,-0.968839,-0.019,0.213,0.0,0.0,0.32,0.0,0.79,0.24,0.01,0.47,1.07,0.75,0.13,0.53,0.49,0.0,1.22,1.14,0.0
20,317.33,0.054934,0.192025,-0.979851,-0.090261,0.230324,-0.968919,-0.018,0.213,0.0,0.0,0.4,0.0,0.83,0.19,0.1,0.59,1.06,0.76,0.13,0.49,0.52,0.0,1.29,1.14,0.0
21,317.37,0.056126,0.183897,-0.981342,-0.095602,0.22906,-0.968706,-0.02,0.209,0.0,0.0,0.4,0.0,0.9,0.29,0.17,0.61,1.14,0.7,0.08,0.48,0.59,0.0,1.48,1.15,0.0
22,317.4,0.057059,0.174213,-0.983053,-0.096346,0.224163,-0.969778,-0.02,0.201,0.0,0.0,0.36,0.0,1.0,0.52,0.3,0.66,1.21,0.8,0.11,0.53,0.58,0.0,1.67,1.13,0.0
23,317.43,0.058233,0.16689,-0.984254,-0.080133,0.228278,-0.970293,-0.011,0.199,0.0,0.0,0.29,0.0,1.08,0.66,0.34,0.67,1.31,0.83,0.19,0.56,0.51,0.0,1.72,1.08,0.0
24,317.47,0.057249,0.175344,-0.982841,-0.086371,0.23241,-0.968775,-0.015,0.206,0.0,0.0,0.28,0.0,1.11,0.73,0.36,0.72,1.29,0.86,0.2,0.71,0.35,0.0,1.68,1.09,0.0
25,317.5,0.055336,0.177299,-0.9826,-0.084657,0.233517,-0.96866,-0.015,0.208,0.0,0.0,0.21,0.0,1.15,0.83,0.37,0.74,1.32,0.86,0.22,0.85,0.38,0.0,1.77,1.15,0.0
26,317.53,0.064804,0.164517,-0.984243,-0.066064,0.229283,-0.971115,-0.001,0.199,0.0,0.0,0.23,0.0,1.3,0.98,0.43,0.94,1.56,0.98,0.29,0.82,0.27,0.0,2.12,1.1,0.0
27,317.57,0.08195,0.158668,-0.983925,-0.067847,0.213832,-0.974512,0.007,0.188,0.0,0.0,0.19,0.0,1.51,1.14,0.5,1.19,1.89,1.06,0.35,0.71,0.25,0.0,2.5,0.99,0.0
28,317.6,0.082136,0.153691,-0.984699,-0.067061,0.210907,-0.975203,0.008,0.184,0.0,0.0,0.2,0.0,1.72,1.16,0.5,1.43,2.19,1.02,0.4,0.51,0.08,0.0,2.78,0.9,0.0
29,317.63,0.086607,0.154477,-0.984193,-0.063758,0.21852,-0.973747,0.012,0.188,0.0,0.0,0.15,0.0,1.8,1.13,0.47,1.41,2.23,1.01,0.3,0.57,0.12,0.0,2.82,0.97,0.0
30,317.67,0.082919,0.154972,-0.984433,-0.072605,0.214027,-0.974126,0.005,0.186,0.0,0.0,0.15,0.0,1.84,0.97,0.46,1.33,2.23,1.1,0.23,0.67,0.1,0.0,2.83,0.97,0.0
31,317.7,0.081981,0.157697,-0.984079,-0.071957,0.214052,-0.974168,0.005,0.188,0.0,0.0,0.12,0.0,1.79,0.88,0.52,1.2,2.18,1.14,0.17,0.88,0.13,0.0,2.72,0.79,0.0
32,317.73,0.084071,0.161798,-0.983236,-0.067174,0.219242,-0.973355,0.009,0.192,0.0,0.0,0.06,0.0,1.74,0.8,0.58,1.07,2.1,1.07,0.29,1.02,0.21,0.0,2.49,0.56,0.0
33,317.77,0.074113,0.167527,-0.983078,-0.062044,0.224058,-0.972599,0.006,0.198,0.0,0.0,0.01,0.0,1.66,0.71,0.63,1.0,2.05,1.04,0.36,1.15,0.38,0.0,2.34,0.42,0.0
34,317.8,0.075539,0.16225,-0.983854,-0.067621,0.22339,-0.972381,0.004,0.195,0.0,0.0,0.01,0.0,1.71,0.61,0.68,1.1,2.09,1.13,0.44,1.08,0.43,0.0,2.41,0.4,0.0
35,317.83,0.0697,0.15984,-0.984679,-0.075588,0.217066,-0.973226,-0.003,0.19,0.0,0.0,0.03,0.0,1.8,0.73,0.63,1.35,2.17,1.1,0.39,0.89,0.33,0.0,2.68,0.47,0.0
36,317.87,0.069695,0.158008,-0.984975,-0.086453,0.218159,-0.972076,-0.009,0.19,0.0,0.0,0.04,0.0,1.91,0.94,0.57,1.54,2.26,0.98,0.38,0.77,0.12,0.0,2.86,0.45,0.0
37,317.9,0.068404,0.153126,-0.985836,-0.086338,0.213114,-0.973205,-0.009,0.185,0.0,0.0,0.07,0.0,1.96,1.14,0.51,1.62,2.28,0.93,0.36,0.78,0.08,0.0,2.93,0.5,0.0
38,317.93,0.069605,0.150047,-0.986226,-0.08592,0.210401,-0.973832,-0.008,0.182,0.0,0.0,0.11,0.0,2.04,1.26,0.54,1.67,2.35,0.97,0.46,0.71,0.04,0.0,3.02,0.41,0.0
39,317.97,0.055863,0.152728,-0.986688,-0.089536,0.215801,-0.972324,-0.017,0.186,0.0,0.0,0.24,0.0,2.06,1.16,0.57,1.7,2.42,0.99,0.49,0.64,0.04,0.0,3.12,0.33,0.0
40,318.0,0.057761,0.149626,-0.987054,-0.082172,0.20687,-0.974912,-0.012,0.18,0.0,0.0,0.32,0.0,2.08,1.06,0.59,1.67,2.47,0.85,0.44,0.55,0.0,0.0,3.26,0.31,0.0
41,318.03,0.059404,0.151657,-0.986646,-0.083321,0.212572,-0.973586,-0.012,0.184,0.0,0.0,0.35,0.0,2.05,0.95,0.54,1.65,2.48,0.68,0.37,0.62,0.0,0.0,3.34,0.3,0.0
42,318.07,0.064136,0.161001,-0.984868,-0.086932,0.21951,-0.97173,-0.012,0.192,0.0,0.0,0.36,0.0,2.06,0.97,0.5,1.64,2.49,0.58,0.34,0.67,0.0,0.0,3.38,0.42,0.0
43,318.1,0.061814,0.160395,-0.985115,-0.087536,0.217797,-0.972061,-0.013,0.191,0.0,0.0,0.33,0.0,2.11,1.05,0.44,1.69,2.51,0.55,0.36,0.64,0.0,0.0,3.34,0.39,0.0
44,318.13,0.057989,0.152857,-0.986546,-0.089541,0.214989,-0.972503,-0.016,0.186,0.0,0.0,0.35,0.0,2.14,1.0,0.5,1.76,2.53,0.63,0.35,0.56,0.0,0.0,3.22,0.37,0.0
45,318.17,0.05807,0.155938,-0.986058,-0.085657,0.21206,-0.973496,-0.014,0.186,0.0,0.0,0.24,0.0,2.16,1.06,0.51,1.84,2.55,0.74,0.36,0.41,0.0,0.0,3.33,0.26,0.0
46,318.2,0.057705,0.163418,-0.984868,-0.096238,0.214865,-0.971891,-0.02,0.191,0.0,0.0,0.17,0.0,2.14,1.0,0.5,1.91,2.55,0.78,0.43,0.31,0.0,0.0,3.45,0.24,0.0
47,318.23,0.066673,0.16432,-0.984151,-0.101518,0.216031,-0.971095,-0.018,0.192,0.0,0.0,0.05,0.0,2.14,1.16,0.43,1.92,2.6,0.73,0.45,0.21,0.0,0.0,3.69,0.27,0.0
48,318.27,0.063267,0.16636,-0.984033,-0.104364,0.214213,-0.971196,-0.021,0.192,0.0,0.0,0.01,0.0,2.14,1.13,0.4,1.9,2.63,0.72,0.55,0.2,0.0,0.0,3.68,0.32,0.0
49,318.3,0.063561,0.166152,-0.984049,-0.102394,0.213168,-0.971635,-0.02,0.192,0.0,0.0,0.07,0.0,2.14,1.25,0.45,1.99,2.71,0.8,0.49,0.2,0.0,0.0,3.6,0.37,0.0
50,318.33,0.066493,0.167769,-0.983581,-0.106896,0.206372,-0.972617,-0.021,0.189,0.0,0.0,0.13,0.0,2.15,1.21,0.5,2.03,2.74,0.75,0.54,0.19,0.0,0.0,3.47,0.32,0.0
51,318.37,0.063753,0.176087,-0.982308,-0.101235,0.213279,-0.971732,-0.019,0.197,0.0,0.0,0.15,0.0,2.13,1.4,0.51,2.04,2.72,0.71,0.58,0.24,0.0,0.0,3.38,0.23,0.0
52,318.4,0.063402,0.177333,-0.982107,-0.096989,0.218707,-0.970958,-0.017,0.2,0.0,0.0,0.09,0.0,2.14,1.46,0.47,1.9,2.7,0.64,0.75,0.28,0.0,0.0,3.35,0.09,0.0
53,318.43,0.0643,0.182495,-0.981102,-0.09569,0.22306,-0.970097,-0.016,0.205,0.0,0.0,0.02,0.0,2.13,1.51,0.38,1.8,2.68,0.67,0.75,0.31,0.0,0.0,3.31,0.03,0.0
54,318.47,0.060696,0.189254,-0.98005,-0.097722,0.225641,-0.969297,-0.019,0.21,0.0,0.0,0.0,0.0,2.13,1.62,0.34,1.77,2.71,0.71,0.69,0.27,0.0,0.0,3.28,0.0,0.0
55,318.5,0.060802,0.187963,-0.980292,-0.094793,0.22507,-0.96972,-0.017,0.209,0.0,0.0,0.0,0.0,2.08,1.67,0.33,1.75,2.67,0.64,0.65,0.24,0.0,0.0,3.24,0.0,0.0
56,318.53,0.061047,0.186755,-0.980508,-0.095956,0.225596,-0.969484,-0.018,0.208,0.0,0.0,0.0,0.0,2.09,1.75,0.36,1.75,2.66,0.6,0.68,0.27,0.0,0.0,3.23,0.0,0.0
57,318.57,0.060248,0.185058,-0.980879,-0.099924,0.224313,-0.969381,-0.02,0.207,0.0,0.0,0.0,0.0,2.13,1.71,0.39,1.77,2.69,0.52,0.67,0.32,0.0,0.0,3.2,0.0,0.0
58,318.6,0.061197,0.191099,-0.979661,-0.104766,0.226079,-0.968459,-0.022,0.211,0.0,0.0,0.0,0.0,2.18,1.83,0.37,1.75,2.74,0.45,0.48,0.28,0.0,0.0,3.12,0.0,0.0
59,318.63,0.060394,0.190328,-0.979861,-0.112751,0.233696,-0.96575,-0.027,0.215,0.0,0.0,0.0,0.0,2.19,1.96,0.37,1.71,2.75,0.46,0.3,0.2,0.0,0.0,2.99,0.0,0.0
60,318.67,0.063766,0.195497,-0.978629,-0.116103,0.233419,-0.96542,-0.027,0.217,0.0,0.0,0.0,0.0,2.21,2.03,0.37,1.63,2.73,0.48,0.2,0.08,0.0,0.0,2.85,0.0,0.0
61,318.7,0.065828,0.198353,-0.977918,-0.116187,0.236646,-0.964624,-0.026,0.22,0.0,0.0,0.0,0.0,2.19,1.85,0.38,1.54,2.71,0.58,0.22,0.08,0.0,0.0,2.73,0.0,0.0
62,318.73,0.054679,0.206659,-0.976884,-0.117017,0.240387,-0.963598,-0.032,0.226,0.0,0.0,0.0,0.0,2.18,1.61,0.33,1.51,2.74,0.57,0.18,0.06,0.0,0.0,2.71,0.0,0.0
63,318.77,0.049262,0.203353,-0.977865,-0.120621,0.235551,-0.964348,-0.037,0.222,0.0,0.0,0.0,0.0,2.18,1.34,0.25,1.53,2.76,0.57,0.15,0.03,0.0,0.0,2.79,0.0,0.0
64,318.8,0.052177,0.203007,-0.977786,-0.133294,0.236936,-0.962338,-0.042,0.223,0.0,0.0,0.0,0.0,2.19,1.41,0.14,1.6,2.83,0.52,0.08,0.04,0.0,0.0,2.92,0.0,0.0
65,318.83,0.065023,0.209756,-0.975589,-0.147219,0.243319,-0.958709,-0.042,0.23,0.0,0.0,0.0,0.0,2.14,1.38,0.1,1.65,2.83,0.56,0.13,0.07,0.0,0.0,3.05,0.0,0.07
66,318.87,0.152489,0.253229,-0.955312,-0.177994,0.305537,-0.935396,-0.013,0.287,0.0,0.0,0.0,0.0,2.08,1.39,0.11,1.64,2.81,0.52,0.08,0.07,0.0,0.0,3.05,0.0,0.11
67,318.9,0.154532,0.248242,-0.956293,-0.180628,0.304104,-0.935358,-0.014,0.284,0.0,0.0,0.0,0.0,2.0,1.16,0.19,1.66,2.75,0.47,0.07,0.02,0.0,0.0,3.06,0.0,0.2
68,318.93,0.172366,0.243521,-0.954457,-0.190422,0.316269,-0.929362,-0.01,0.289,0.0,0.0,0.0,0.0,1.95,1.02,0.24,1.61,2.74,0.46,0.02,0.0,0.0,0.0,3.04,0.0,0.24
69,318.97,0.171167,0.250003,-0.952995,-0.192131,0.3246,-0.926132,-0.011,0.297,0.0,0.0,0.0,0.0,1.92,0.98,0.27,1.58,2.73,0.43,0.04,0.0,0.0,0.0,3.08,0.0,0.28
70,319.0,0.177165,0.272104,-0.945818,-0.238585,0.342397,-0.908758,-0.033,0.32,0.0,0.0,0.0,0.0,1.93,0.95,0.25,1.56,2.72,0.34,0.03,0.0,0.0,0.0,2.99,0.0,0.41
71,319.03,0.191715,0.284017,-0.939457,-0.257194,0.349694,-0.900869,-0.036,0.332,0.0,0.0,0.0,0.0,1.95,0.96,0.26,1.62,2.74,0.18,0.02,0.0,0.0,0.0,2.92,0.0,0.56
72,319.07,0.183667,0.29799,-0.936733,-0.256417,0.353771,-0.899498,-0.04,0.341,0.0,0.0,0.0,0.0,1.95,0.9,0.23,1.67,2.75,0.11,0.0,0.0,0.0,0.0,2.81,0.0,0.7
73,319.1,0.1828,0.288317,-0.939924,-0.25562,0.349735,-0.901301,-0.04,0.334,0.0,0.0,0.0,0.0,1.96,0.99,0.24,1.65,2.77,0.09,0.01,0.0,0.0,0.0,2.76,0.0,0.7
74,319.13,0.174919,0.280149,-0.943886,-0.269015,0.349176,-0.897612,-0.051,0.329,0.0,0.0,0.0,0.0,1.96,1.14,0.22,1.61,2.75,0.13,0.01,0.0,0.0,0.0,2.73,0.0,0.6
75,319.17,0.18048,0.283304,-0.941895,-0.280908,0.34831,-0.894299,-0.055,0.331,0.0,0.0,0.0,0.0,1.98,1.26,0.21,1.62,2.76,0.13,0.01,0.0,0.0,0.0,2.73,0.0,0.55
76,319.2,0.17588,0.281813,-0.943211,-0.27243,0.348443,-0.896866,-0.052,0.33,0.0,0.0,0.0,0.0,2.01,1.23,0.15,1.64,2.78,0.11,0.0,0.0,0.0,0.0,2.76,0.0,0.54
77,319.23,0.196545,0.27718,-0.9405,-0.27523,0.349324,-0.895668,-0.043,0.329,0.0,0.0,0.12,0.0,2.09,1.16,0.13,1.65,2.85,0.16,0.0,0.0,0.0,0.0,2.73,0.0,0.69
78,319.27,0.181373,0.296392,-0.937686,-0.264281,0.344197,-0.900935,-0.045,0.335,0.0,0.0,0.14,0.0,2.15,1.13,0.09,1.61,2.87,0.22,0.0,0.0,0.0,0.0,2.73,0.0,0.81
79,319.3,0.191237,0.292955,-0.936806,-0.262074,0.346586,-0.900664,-0.039,0.335,0.0,0.0,0.23,0.0,2.17,1.23,0.18,1.65,2.86,0.38,0.0,0.0,0.0,0.0,2.78,0.0,0.94
80,319.33,0.168856,0.288558,-0.942455,-0.249799,0.335298,-0.908392,-0.044,0.325,0.0,0.0,0.18,0.0,2.1,1.11,0.18,1.65,2.82,0.28,0.0,0.0,0.0,0.0,2.85,0.0,1.0
81,319.37,0.183958,0.28126,-0.941835,-0.210889,0.327757,-0.920924,-0.014,0.316,0.0,0.0,0.22,0.0,2.05,0.97,0.24,1.69,2.84,0.16,0.0,0.0,0.0,0.0,2.85,0.0,1.06
82,319.4,0.18512,0.281833,-0.941435,-0.212196,0.334149,-0.918323,-0.015,0.32,0.0,0.0,0.23,0.0,2.0,0.79,0.25,1.67,2.87,0.0,0.0,0.05,0.0,0.0,2.76,0.0,0.94
83,319.43,0.172421,0.287772,-0.94205,-0.211145,0.32359,-0.922338,-0.021,0.317,0.0,0.0,0.29,0.0,2.03,0.93,0.33,1.7,2.88,0.0,0.0,0.06,0.0,0.0,2.74,0.0,0.82
84,319.47,0.164313,0.284436,-0.944509,-0.209738,0.326575,-0.921607,-0.024,0.316,0.0,0.0,0.36,0.0,2.04,1.0,0.38,1.72,2.88,0.0,0.0,0.06,0.0,0.0,2.7,0.0,0.76
85,319.5,0.164534,0.285742,-0.944076,-0.207459,0.326012,-0.922321,-0.023,0.317,0.0,0.0,0.29,0.0,2.07,1.21,0.46,1.76,2.88,0.0,0.0,0.09,0.0,0.0,2.74,0.0,0.58
86,319.53,0.156926,0.267158,-0.950789,-0.185762,0.318092,-0.929683,-0.015,0.302,0.0,0.0,0.22,0.0,2.09,1.34,0.5,1.73,2.87,0.0,0.07,0.18,0.0,0.0,2.75,0.0,0.32
87,319.57,0.158436,0.269211,-0.94996,-0.18658,0.320402,-0.928725,-0.015,0.304,0.0,0.0,0.12,0.0,2.05,1.24,0.59,1.69,2.86,0.0,0.08,0.24,0.0,0.0,2.72,0.0,0.25
88,319.6,0.20504,0.274963,-0.939337,-0.214942,0.377838,-0.900577,-0.005,0.341,0.0,0.0,0.19,0.0,2.0,1.05,0.62,1.67,2.84,0.08,0.08,0.22,0.0,0.0,2.73,0.0,0.44
89,319.63,0.222404,0.284352,-0.932567,-0.210638,0.376281,-0.902244,0.006,0.346,0.0,0.0,0.19,0.0,1.97,0.66,0.6,1.72,2.8,0.08,0.01,0.22,0.0,0.0,2.66,0.0,0.76
90,319.67,0.312136,0.297431,-0.902278,-0.290583,0.398126,-0.87009,0.012,0.374,0.0,0.0,0.25,0.0,1.99,0.54,0.53,1.78,2.79,0.12,0.03,0.27,0.0,0.0,2.69,0.0,0.87
91,319.7,0.295778,0.298003,-0.907584,-0.276799,0.402575,-0.872534,0.011,0.375,0.0,0.0,0.17,0.0,2.0,0.31,0.45,1.81,2.76,0.07,0.09,0.39,0.0,0.0,2.64,0.0,0.96
92,319.73,0.285918,0.304929,-0.908443,-0.278246,0.431025,-0.858368,0.004,0.395,0.0,0.0,0.16,0.0,2.02,0.44,0.47,1.81,2.75,0.1,0.16,0.41,0.0,0.0,2.63,0.0,0.85
93,319.77,0.294885,0.305944,-0.90523,-0.278095,0.421756,-0.863009,0.009,0.39,0.0,0.0,0.11,0.0,2.04,0.52,0.52,1.78,2.7,0.06,0.14,0.38,0.0,0.0,2.6,0.0,0.72
94,319.8,0.288816,0.305706,-0.907265,-0.265244,0.390707,-0.881472,0.013,0.371,0.0,0.0,0.09,0.0,2.11,0.72,0.6,1.75,2.62,0.05,0.09,0.31,0.0,0.0,2.66,0.0,0.41
95,319.83,0.248316,0.289169,-0.924511,-0.188389,0.377727,-0.90655,0.033,0.349,0.0,0.0,0.1,0.0,2.18,0.75,0.65,1.74,2.58,0.14,0.19,0.36,0.0,0.0,2.75,0.0,0.2
96,319.87,0.201407,0.285756,-0.936899,-0.17845,0.36941,-0.911971,0.012,0.341,0.0,0.0,0.07,0.0,2.22,0.77,0.68,1.77,2.57,0.26,0.36,0.42,0.0,0.0,2.81,0.0,0.0
97,319.9,0.20013,0.286613,-0.93691,-0.175889,0.359036,-0.9166,0.013,0.335,0.0,0.0,0.11,0.0,2.25,0.8,0.72,1.77,2.61,0.37,0.5,0.4,0.05,0.0,2.75,0.0,0.0
98,319.93,0.188832,0.293322,-0.937179,-0.154026,0.3785,-0.912696,0.019,0.348,0.0,0.0,0.26,0.0,2.14,0.77,0.77,1.64,2.53,0.56,0.47,0.29,0.21,0.0,2.9,0.0,0.0
99,319.97,0.166564,0.315414,-0.934222,-0.168343,0.388876,-0.905779,-0.001,0.366,0.0,0.0,0.36,0.0,2.0,0.78,0.8,1.49,2.42,0.72,0.47,0.24,0.26,0.0,2.99,0.0,0.0
100,320.0,0.268851,0.297555,-0.916068,-0.098008,0.385833,-0.917348,0.093,0.357,0.0,0.0,0.39,0.0,1.81,0.79,0.78,1.39,2.31,0.92,0.57,0.21,0.32,0.0,3.16,0.0,0.0
101,320.03,0.267177,0.298009,-0.91641,-0.081829,0.389336,-0.917454,0.101,0.359,0.0,0.0,0.36,0.0,1.74,0.91,0.72,1.27,2.29,0.85,0.75,0.21,0.33,0.0,3.05,0.0,0.01
102,320.07,0.296996,0.291211,-0.90939,-0.083609,0.390506,-0.916796,0.116,0.357,0.0,0.0,0.37,0.0,1.69,1.01,0.69,1.19,2.29,0.86,0.87,0.12,0.42,0.0,3.05,0.0,0.03
103,320.1,0.298491,0.285394,-0.910743,-0.060772,0.390078,-0.918774,0.129,0.354,0.0,0.0,0.45,0.0,1.63,1.02,0.67,1.11,2.26,0.84,0.87,0.1,0.47,0.0,2.95,0.0,0.03
104,320.13,0.30502,0.286929,-0.908094,-0.076311,0.392288,-0.916672,0.125,0.356,0.0,0.0,0.42,0.0,1.57,1.03,0.65,1.09,2.24,0.84,0.71,0.1,0.42,0.0,2.93,0.0,0.03
105,320.17,0.32174,0.287409,-0.902153,-0.058378,0.391116,-0.918488,0.144,0.357,0.0,0.0,0.33,0.0,1.48,1.1,0.62,1.02,2.18,0.72,0.59,0.1,0.39,0.0,2.95,0.0,0.0
106,320.2,0.332793,0.28448,-0.899066,-0.054447,0.394996,-0.917068,0.152,0.358,0.0,0.0,0.37,0.0,1.49,1.15,0.52,1.02,2.29,0.56,0.51,0.15,0.23,0.0,2.81,0.02,0.0
107,320.23,0.369628,0.266178,-0.890238,0.011613,0.411982,-0.911118,0.209,0.36,0.0,0.0,0.47,0.0,1.58,1.25,0.52,1.08,2.41,0.3,0.42,0.24,0.22,0.0,2.74,0.02,0.01
108,320.27,0.391013,0.261493,-0.882457,-0.010069,0.419581,-0.907662,0.21,0.364,0.0,0.0,0.6,0.0,1.77,1.23,0.51,1.16,2.52,0.13,0.45,0.42,0.24,0.0,2.69,0.05,0.05
109,320.3,0.385389,0.270813,-0.88212,-0.023715,0.420067,-0.907183,0.199,0.368,0.0,0.0,0.63,0.0,1.86,1.18,0.57,1.17,2.5,0.0,0.46,0.45,0.27,0.0,2.86,0.03,0.08
110,320.33,0.368195,0.269715,-0.889768,-0.03414,0.420165,-0.906805,0.184,0.367,0.0,0.0,0.66,0.0,1.92,1.27,0.53,1.2,2.55,0.0,0.57,0.5,0.2,0.0,2.84,0.03,0.14
111,320.37,0.389242,0.250179,-0.88651,0.010957,0.413172,-0.910587,0.219,0.354,0.0,0.0,0.84,0.0,1.93,1.35,0.48,1.32,2.61,0.0,0.61,0.49,0.17,0.0,2.77,0.04,0.11
112,320.4,0.40463,0.228596,-0.885448,-0.066678,0.401224,-0.91355,0.186,0.337,0.0,0.0,0.84,0.0,1.99,1.61,0.44,1.44,2.61,0.0,0.74,0.48,0.3,0.0,2.68,0.11,0.07
113,320.43,0.352941,0.247671,-0.90227,-0.015303,0.36858,-0.92947,0.182,0.325,0.0,0.0,0.8,0.0,2.0,1.58,0.42,1.51,2.53,0.0,0.84,0.51,0.34,0.0,2.73,0.13,0.0
114,320.47,0.322514,0.208286,-0.923364,0.04367,0.318659,-0.946863,0.193,0.275,0.0,0.0,0.6,0.0,1.97,1.5,0.36,1.53,2.49,0.0,0.87,0.55,0.28,0.0,2.72,0.12,0.0
115,320.5,0.32933,0.203829,-0.921952,0.029309,0.331639,-0.942951,0.19,0.28,0.0,0.0,0.56,0.0,1.91,1.28,0.3,1.49,2.46,0.0,0.92,0.55,0.22,0.0,2.72,0.05,0.0
116,320.53,0.304536,0.207462,-0.929633,0.033484,0.325235,-0.94504,0.178,0.277,0.0,0.0,0.49,0.0,1.93,1.14,0.26,1.48,2.41,0.0,0.92,0.58,0.15,0.0,2.69,0.08,0.0
117,320.57,0.306573,0.209816,-0.928434,0.034035,0.339597,-0.939955,0.18,0.286,0.0,0.0,0.55,0.0,1.94,1.09,0.28,1.46,2.37,0.0,0.95,0.61,0.22,0.0,2.68,0.05,0.0
118,320.6,0.292033,0.227733,-0.9289,0.02698,0.328145,-0.944242,0.169,0.288,0.0,0.0,0.5,0.0,1.95,1.08,0.34,1.49,2.36,0.01,0.95,0.71,0.31,0.0,2.63,0.05,0.0
119,320.63,0.25943,0.233216,-0.93718,-0.00513,0.325699,-0.94546,0.134,0.289,0.0,0.0,0.56,0.0,1.92,1.26,0.35,1.56,2.39,0.04,0.94,0.6,0.34,0.0,2.62,0.0,0.0
120,320.67,0.268046,0.22457,-0.936867,-0.031877,0.345165,-0.938001,0.125,0.295,0.0,0.0,0.55,0.0,1.95,1.47,0.31,1.64,2.45,0.11,0.85,0.47,0.23,0.0,2.67,0.0,0.0
121,320.7,0.270576,0.213518,-0.938722,-0.038171,0.342021,-0.938917,0.123,0.288,0.0,0.0,0.49,0.0,1.92,1.54,0.3,1.63,2.42,0.1,0.82,0.38,0.06,0.0,2.82,0.0,0.0
122,320.73,0.257036,0.213905,-0.942431,-0.056259,0.344395,-0.937138,0.106,0.289,0.0,0.0,0.36,0.0,1.89,1.39,0.31,1.61,2.4,0.09,0.82,0.43,0.04,0.0,2.94,0.0,0.0
123,320.77,0.257156,0.202337,-0.94495,-0.065491,0.343503,-0.936865,0.102,0.282,0.0,0.0,0.25,0.0,1.83,1.23,0.32,1.54,2.35,0.02,0.94,0.42,0.14,0.0,3.06,0.02,0.0
124,320.8,0.323063,0.200788,-0.924832,-0.195277,0.420417,-0.886068,0.07,0.33,0.0,0.0,0.27,0.0,1.82,0.97,0.37,1.53,2.35,0.12,1.03,0.37,0.22,0.0,3.05,0.17,0.21
125,320.83,0.315474,0.243352,-0.9172,-0.268255,0.448903,-0.852365,0.027,0.373,0.0,0.0,0.33,0.0,1.87,0.98,0.5,1.56,2.37,0.13,1.15,0.3,0.31,0.0,3.07,0.26,0.21
126,320.87,0.284972,0.227178,-0.931226,-0.294614,0.424268,-0.85627,-0.005,0.349,0.0,0.0,0.36,0.0,1.91,0.92,0.62,1.63,2.36,0.21,1.19,0.3,0.32,0.0,2.97,0.39,0.21
127,320.9,0.286109,0.226019,-0.931159,-0.294246,0.424239,-0.856412,-0.005,0.349,0.0,0.0,0.27,0.0,1.99,1.17,0.67,1.68,2.31,0.11,1.28,0.28,0.44,0.0,2.96,0.27,0.0
128,320.93,0.228596,0.227121,-0.946657,-0.194404,0.354465,-0.914638,0.018,0.303,0.0,0.0,0.28,0.0,1.9,1.14,0.64,1.5,2.07,0.29,1.49,0.19,0.53,0.0,3.07,0.28,0.0
129,320.97,0.198393,0.251514,-0.947302,-0.184015,0.358208,-0.915328,0.008,0.316,0.0,0.0,0.2,0.0,1.76,1.18,0.62,1.28,1.86,0.41,1.53,0.09,0.66,0.22,3.15,0.26,0.0
130,321.0,0.149446,0.244645,-0.958026,-0.121558,0.317971,-0.940276,0.015,0.288,0.0,0.0,0.19,0.0,1.52,1.05,0.55,1.1,1.73,0.57,1.47,0.0,0.75,0.48,3.11,0.36,0.0
131,321.03,0.097274,0.240233,-0.965829,-0.09805,0.296145,-0.950097,-0.0,0.273,0.0,0.0,0.06,0.0,1.46,0.84,0.48,1.06,1.79,0.45,1.29,0.0,0.85,0.87,3.02,0.36,0.0
132,321.07,0.118252,0.235154,-0.964738,-0.118058,0.298128,-0.947197,0.0,0.272,0.0,0.0,0.0,0.0,1.49,0.73,0.38,1.11,1.95,0.27,1.22,0.0,0.78,1.07,2.84,0.36,0.0
133,321.1,0.126915,0.230102,-0.964855,-0.078383,0.264588,-0.961171,0.025,0.251,0.0,0.0,0.0,0.0,1.61,0.67,0.34,1.22,2.09,0.2,1.08,0.01,0.65,0.98,2.73,0.23,0.0
134,321.13,0.139206,0.222636,-0.964912,-0.087229,0.26489,-0.960325,0.027,0.248,0.0,0.0,0.0,0.0,1.78,0.94,0.31,1.4,2.29,0.24,0.88,0.05,0.38,0.65,2.36,0.13,0.0
135,321.17,0.128291,0.21713,-0.967676,-0.099906,0.28778,-0.952471,0.015,0.257,0.0,0.0,0.0,0.0,1.89,1.0,0.36,1.55,2.38,0.26,0.71,0.14,0.31,0.23,2.38,0.0,0.0
136,321.2,0.116197,0.210554,-0.970652,-0.122958,0.293646,-0.947973,-0.004,0.257,0.0,0.0,0.0,0.0,2.04,1.1,0.45,1.65,2.4,0.38,0.73,0.28,0.25,0.06,2.39,0.0,0.0
137,321.23,0.104934,0.203448,-0.973446,-0.168659,0.286152,-0.943224,-0.033,0.25,0.0,0.0,0.0,0.0,2.11,1.1,0.56,1.73,2.31,0.38,0.81,0.4,0.33,0.0,2.56,0.0,0.0
138,321.27,0.104773,0.207481,-0.972612,-0.175401,0.285098,-0.942313,-0.037,0.252,0.0,0.0,0.0,0.0,2.19,1.19,0.66,1.74,2.25,0.46,0.89,0.44,0.42,0.0,2.52,0.0,0.0
139,321.3,0.10177,0.207258,-0.972978,-0.172825,0.285497,-0.942668,-0.037,0.252,0.0,0.0,0.0,0.0,2.17,1.17,0.68,1.67,2.22,0.37,0.87,0.4,0.41,0.0,2.52,0.0,0.0
140,321.33,0.083099,0.207246,-0.974753,-0.122426,0.280674,-0.951963,-0.02,0.248,0.0,0.0,0.0,0.0,2.17,1.11,0.67,1.56,2.16,0.41,0.89,0.4,0.45,0.0,2.57,0.0,0.0
141,321.37,0.081627,0.213555,-0.973515,-0.129837,0.289967,-0.948189,-0.025,0.256,0.0,0.0,0.0,0.0,2.14,0.99,0.66,1.5,2.15,0.28,0.81,0.33,0.25,0.0,2.77,0.0,0.0
142,321.4,0.057841,0.225725,-0.972472,-0.1581,0.305802,-0.938877,-0.052,0.271,0.0,0.0,0.0,0.0,2.14,0.96,0.64,1.55,2.19,0.19,0.71,0.3,0.18,0.0,2.96,0.0,0.0
143,321.43,0.06061,0.229473,-0.971426,-0.167984,0.31593,-0.933793,-0.056,0.279,0.0,0.0,0.0,0.0,2.16,0.99,0.59,1.64,2.28,0.09,0.6,0.19,0.03,0.0,3.09,0.0,0.0
144,321.47,0.05591,0.239551,-0.969273,-0.173617,0.320321,-0.931264,-0.062,0.286,0.0,0.0,0.0,0.0,2.2,1.11,0.55,1.69,2.31,0.19,0.6,0.19,0.04,0.0,3.04,0.0,0.0
145,321.5,0.060275,0.236418,-0.96978,-0.178034,0.321184,-0.930132,-0.062,0.285,0.0,0.0,0.0,0.0,2.18,1.12,0.45,1.73,2.34,0.16,0.55,0.13,0.03,0.0,2.96,0.0,0.0
146,321.53,0.07697,0.245641,-0.9663,-0.203453,0.354329,-0.91272,-0.067,0.309,0.0,0.0,0.0,0.0,2.1,1.1,0.37,1.76,2.4,0.12,0.37,0.08,0.03,0.0,2.88,0.0,0.0
147,321.57,0.073025,0.239244,-0.968209,-0.220885,0.298481,-0.928503,-0.078,0.276,0.0,0.0,0.0,0.0,2.03,1.19,0.31,1.83,2.47,0.07,0.25,0.02,0.01,0.0,2.82,0.0,0.0
148,321.6,0.067447,0.23345,-0.970027,-0.213416,0.298651,-0.930194,-0.077,0.273,0.0,0.0,0.0,0.0,2.03,1.27,0.29,1.84,2.49,0.15,0.18,0.0,0.05,0.0,2.7,0.0,0.0
149,321.63,0.053176,0.228621,-0.972062,-0.218047,0.29471,-0.930377,-0.086,0.268,0.0,0.0,0.0,0.0,2.05,1.34,0.27,1.85,2.54,0.21,0.21,0.0,0.05,0.0,2.67,0.0,0.0
150,321.67,0.04552,0.220251,-0.97438,-0.22585,0.29147,-0.929536,-0.094,0.263,0.0,0.0,0.0,0.0,2.05,1.25,0.24,1.79,2.55,0.28,0.17,0.0,0.05,0.0,2.67,0.0,0.0
151,321.7,0.043625,0.218675,-0.974822,-0.225361,0.290494,-0.92996,-0.095,0.261,0.0,0.0,0.0,0.0,2.04,1.27,0.22,1.8,2.59,0.34,0.13,0.0,0.0,0.0,2.73,0.0,0.0
152,321.73,0.044106,0.215168,-0.97558,-0.225832,0.286288,-0.931149,-0.095,0.257,0.0,0.0,0.0,0.0,2.01,0.91,0.31,1.71,2.62,0.4,0.17,0.0,0.0,0.0,2.79,0.0,0.18
153,321.77,0.033189,0.291942,-0.95586,-0.357064,0.36216,-0.861014,-0.176,0.346,0.0,0.0,0.0,0.0,1.98,0.61,0.37,1.7,2.67,0.44,0.19,0.0,0.0,0.0,2.81,0.0,0.4
154,321.8,0.033214,0.280288,-0.959341,-0.360184,0.348599,-0.865301,-0.177,0.332,0.0,0.0,0.0,0.0,2.02,0.38,0.43,1.67,2.67,0.49,0.28,0.0,0.0,0.0,2.84,0.0,0.72
155,321.83,0.057805,0.303576,-0.951052,-0.381261,0.390044,-0.838156,-0.179,0.37,0.0,0.0,0.13,0.0,2.17,0.45,0.36,1.85,2.61,0.66,0.37,0.0,0.0,0.0,2.84,0.0,0.88
156,321.87,0.042956,0.309655,-0.949878,-0.396787,0.401619,-0.825386,-0.197,0.381,0.0,0.0,0.27,0.0,2.24,0.34,0.28,2.01,2.58,0.83,0.55,0.0,0.0,0.0,2.92,0.0,0.9
157,321.9,0.029798,0.317849,-0.947673,-0.383246,0.411899,-0.826717,-0.197,0.39,0.0,0.0,0.35,0.0,2.29,0.35,0.22,2.12,2.61,1.05,0.62,0.0,0.0,0.01,2.98,0.0,0.78
158,321.93,0.018196,0.31038,-0.950438,-0.359238,0.399789,-0.843278,-0.188,0.377,0.0,0.0,0.22,0.0,2.28,0.45,0.18,2.12,2.69,1.12,0.73,0.0,0.0,0.07,2.95,0.0,0.54
159,321.97,0.001676,0.304664,-0.952458,-0.361729,0.400221,-0.842007,-0.198,0.374,0.0,0.04,0.19,0.0,2.36,0.62,0.13,2.08,2.75,1.15,0.73,0.0,0.0,0.16,2.77,0.0,0.44
160,322.0,0.001876,0.303319,-0.952887,-0.357253,0.396859,-0.845502,-0.195,0.371,0.0,0.11,0.13,0.0,2.41,0.62,0.1,2.07,2.87,1.14,0.83,0.0,0.0,0.26,2.51,0.0,0.44
161,322.03,-0.023641,0.305386,-0.951935,-0.35239,0.403343,-0.844474,-0.206,0.376,0.0,0.12,0.13,0.0,2.42,0.57,0.06,2.05,2.92,1.11,0.78,0.0,0.0,0.4,2.39,0.0,0.52
162,322.07,-0.05702,0.302396,-0.951476,-0.359809,0.389425,-0.847871,-0.228,0.367,0.0,0.14,0.04,0.0,2.41,0.54,0.04,2.06,2.96,1.08,0.77,0.0,0.0,0.51,2.31,0.0,0.5
163,322.1,-0.056924,0.296732,-0.953263,-0.365362,0.386513,-0.846829,-0.23,0.363,0.0,0.16,0.06,0.0,2.33,0.4,0.0,2.14,2.93,0.94,0.78,0.0,0.0,0.56,2.31,0.0,0.5
164,322.13,-0.053534,0.30505,-0.950831,-0.34918,0.37295,-0.85964,-0.219,0.358,0.0,0.26,0.06,0.0,2.28,0.29,0.05,2.08,2.93,1.03,0.57,0.0,0.0,0.61,2.21,0.0,0.64
165,322.17,-0.049103,0.290492,-0.955617,-0.336373,0.376701,-0.863105,-0.209,0.352,0.0,0.43,0.04,0.0,2.25,0.3,0.08,2.06,2.94,1.09,0.38,0.0,0.0,0.62,2.07,0.0,0.79
166,322.2,-0.048703,0.290417,-0.95566,-0.343606,0.380378,-0.858631,-0.213,0.354,0.0,0.53,0.0,0.0,2.28,0.41,0.13,1.99,2.95,1.21,0.12,0.0,0.0,0.64,2.01,0.0,0.87
167,322.23,-0.048421,0.293249,-0.954809,-0.341562,0.381364,-0.859009,-0.212,0.356,0.0,0.42,0.0,0.0,2.26,0.41,0.08,2.05,2.92,1.16,0.18,0.0,0.0,0.65,1.91,0.0,0.7
168,322.27,-0.101723,0.2758,-0.955817,-0.361871,0.366882,-0.856999,-0.25,0.341,0.0,0.23,0.0,0.0,2.21,0.38,0.05,2.03,2.89,1.13,0.29,0.0,0.0,0.72,1.81,0.0,0.55
169,322.3,-0.104496,0.271013,-0.956887,-0.357089,0.362097,-0.86103,-0.249,0.335,0.0,0.03,0.0,0.0,2.15,0.26,0.0,2.01,2.88,1.21,0.39,0.0,0.0,0.85,1.75,0.0,0.42
170,322.33,-0.096394,0.271804,-0.957513,-0.369257,0.36566,-0.854367,-0.252,0.338,0.0,0.03,0.0,0.0,2.12,0.33,0.0,1.9,2.85,1.28,0.45,0.0,0.0,0.87,1.71,0.0,0.37
171,322.37,-0.101716,0.281436,-0.954174,-0.374482,0.368979,-0.850657,-0.258,0.346,0.0,0.0,0.09,0.0,2.12,0.42,0.0,1.85,2.83,1.36,0.46,0.0,0.0,0.86,1.77,0.0,0.42
172,322.4,-0.099972,0.275131,-0.956195,-0.362644,0.367059,-0.856596,-0.25,0.34,0.0,0.0,0.09,0.0,2.12,0.51,0.0,1.79,2.77,1.45,0.5,0.0,0.0,0.82,1.79,0.0,0.36
173,322.43,-0.098966,0.272902,-0.956938,-0.362472,0.370704,-0.855098,-0.249,0.341,0.0,0.01,0.09,0.0,2.13,0.5,0.0,1.81,2.77,1.51,0.48,0.0,0.0,0.85,1.87,0.0,0.3
174,322.47,-0.097928,0.266722,-0.958785,-0.347763,0.368331,-0.862202,-0.24,0.336,0.0,0.01,0.04,0.0,2.14,0.43,0.0,1.81,2.77,1.6,0.59,0.0,0.0,0.87,1.93,0.0,0.18
175,322.5,-0.096514,0.265532,-0.959259,-0.343266,0.366244,-0.864889,-0.237,0.333,0.0,0.01,0.05,0.0,2.15,0.34,0.0,1.83,2.81,1.58,0.7,0.0,0.0,0.86,1.96,0.0,0.17
176,322.53,-0.094455,0.262265,-0.960362,-0.337381,0.360441,-0.86963,-0.232,0.328,0.0,0.0,0.06,0.0,2.18,0.34,0.0,1.82,2.81,1.56,0.78,0.0,0.0,0.83,1.98,0.0,0.21
177,322.57,-0.099154,0.266463,-0.958731,-0.35398,0.364944,-0.861112,-0.244,0.334,0.0,0.0,0.04,0.0,2.19,0.27,0.0,1.82,2.81,1.51,0.74,0.0,0.0,0.78,2.04,0.0,0.2
178,322.6,-0.100621,0.269261,-0.957796,-0.352094,0.363441,-0.86252,-0.244,0.335,0.0,0.0,0.06,0.0,2.23,0.33,0.0,1.84,2.76,1.53,0.6,0.0,0.0,0.73,2.02,0.0,0.25
179,322.63,-0.106433,0.271315,-0.956588,-0.35012,0.373677,-0.858942,-0.246,0.341,0.0,0.0,0.09,0.0,2.25,0.4,0.0,1.86,2.73,1.54,0.45,0.0,0.0,0.71,2.04,0.0,0.22
180,322.67,-0.103322,0.267624,-0.957968,-0.339438,0.374368,-0.862919,-0.239,0.339,0.0,0.0,0.14,0.0,2.25,0.52,0.0,1.86,2.71,1.57,0.39,0.0,0.0,0.72,2.01,0.0,0.23
181,322.7,-0.102683,0.265961,-0.958499,-0.337998,0.372857,-0.864138,-0.237,0.337,0.0,0.01,0.23,0.0,2.25,0.62,0.0,1.84,2.66,1.55,0.31,0.0,0.0,0.77,2.02,0.0,0.24
182,322.73,-0.100684,0.274084,-0.956421,-0.33843,0.369991,-0.865201,-0.237,0.34,0.0,0.01,0.26,0.0,2.22,0.55,0.0,1.86,2.61,1.46,0.37,0.0,0.0,0.74,2.03,0.0,0.26
183,322.77,-0.10212,0.277841,-0.955184,-0.338964,0.369585,-0.865165,-0.238,0.342,0.0,0.02,0.27,0.0,2.21,0.58,0.02,1.91,2.54,1.45,0.36,0.0,0.0,0.71,2.0,0.0,0.33
184,322.8,-0.100474,0.280328,-0.954632,-0.344133,0.366219,-0.864555,-0.24,0.341,0.0,0.07,0.32,0.0,2.0,0.39,0.02,2.01,2.3,1.34,0.53,0.0,0.0,0.48,2.1,0.0,0.27
185,322.83,-0.102753,0.275206,-0.955878,-0.336827,0.360039,-0.870012,-0.236,0.335,0.0,0.07,0.34,0.0,1.79,0.28,0.04,2.12,2.14,1.28,0.62,0.0,0.0,0.26,2.09,0.0,0.38
186,322.87,-0.107792,0.274287,-0.955587,-0.325681,0.360826,-0.87392,-0.233,0.334,0.0,0.06,0.36,0.0,1.61,0.15,0.02,2.11,1.91,1.11,0.97,0.0,0.0,0.13,2.07,0.0,0.43
187,322.9,-0.107569,0.270576,-0.95667,-0.328055,0.357528,-0.874387,-0.234,0.33,0.0,0.03,0.33,0.0,1.59,0.21,0.04,2.03,1.94,1.06,0.98,0.0,0.0,0.11,1.93,0.0,0.54
188,322.93,-0.09224,0.276914,-0.956457,-0.32991,0.372337,-0.867482,-0.227,0.342,0.0,0.09,0.31,0.0,1.61,0.35,0.1,1.86,1.92,1.08,1.28,0.0,0.0,0.11,1.98,0.0,0.89
189,322.97,-0.014292,0.302938,-0.952903,-0.348187,0.377202,-0.858187,-0.198,0.359,0.0,0.14,0.27,0.0,1.6,0.42,0.17,1.89,2.01,1.21,1.17,0.0,0.0,0.02,1.92,0.0,1.41
190,323.0,0.002785,0.291321,-0.956621,-0.326458,0.394153,-0.859109,-0.176,0.361,0.0,0.11,0.17,0.0,1.56,0.36,0.2,1.76,2.01,1.34,1.31,0.0,0.0,0.04,2.03,0.0,2.03
191,323.03,0.037697,0.301059,-0.95286,-0.299199,0.453845,-0.839347,-0.145,0.399,0.0,0.04,0.08,0.0,1.58,0.38,0.27,1.64,2.15,1.44,0.77,0.0,0.0,0.04,2.05,0.0,2.21
192,323.07,0.04727,0.279578,-0.958959,-0.302508,0.437126,-0.847001,-0.14,0.378,0.0,0.0,0.07,0.0,1.6,0.42,0.35,1.4,2.27,1.43,0.4,0.0,0.0,0.04,2.24,0.0,2.24
193,323.1,0.040119,0.275584,-0.96044,-0.307098,0.433423,-0.847252,-0.147,0.374,0.0,0.0,0.06,0.0,1.73,0.76,0.44,1.25,2.36,1.39,0.01,0.0,0.0,0.11,2.3,0.0,1.61
194,323.13,0.031152,0.27837,-0.959969,-0.278612,0.396859,-0.874573,-0.134,0.353,0.0,0.08,0.08,0.0,1.7,0.78,0.28,1.17,2.29,1.28,0.02,0.0,0.0,0.3,2.53,0.0,0.88
195,323.17,0.046445,0.28006,-0.958858,-0.272945,0.368377,-0.888706,-0.122,0.338,0.0,0.1,0.04,0.0,1.64,0.81,0.13,1.11,2.2,1.17,0.05,0.0,0.0,0.51,2.76,0.0,0.16
196,323.2,0.055672,0.279517,-0.958525,-0.284706,0.376298,-0.88167,-0.124,0.342,0.0,0.1,0.07,0.0,1.52,0.86,0.0,1.1,2.12,0.98,0.05,0.0,0.0,0.61,2.99,0.1,0.0
197,323.23,0.060572,0.287226,-0.955946,-0.243223,0.386132,-0.8898,-0.099,0.35,0.0,0.02,0.08,0.0,1.44,1.06,0.0,0.94,2.1,0.8,0.03,0.0,0.0,0.63,3.01,0.23,0.0
198,323.27,0.061524,0.276672,-0.958993,-0.230826,0.383334,-0.894301,-0.091,0.342,0.0,0.0,0.08,0.0,1.37,1.1,0.0,0.73,2.05,0.56,0.0,0.0,0.0,0.66,3.09,0.39,0.0
199,323.3,0.061659,0.277259,-0.958815,-0.23256,0.380729,-0.894965,-0.092,0.341,0.0,0.0,0.03,0.0,1.36,1.13,0.0,0.59,2.06,0.5,0.09,0.0,0.0,0.67,3.15,0.47,0.0
200,323.33,0.062498,0.278874,-0.958292,-0.239569,0.386248,-0.890741,-0.095,0.345,0.0,0.0,0.0,0.0,1.4,1.11,0.0,0.63,2.12,0.41,0.14,0.0,0.0,0.66,3.01,0.46,0.0
201,323.37,0.060001,0.268726,-0.961346,-0.206039,0.361778,-0.909211,-0.078,0.325,0.0,0.0,0.0,0.0,1.49,1.33,0.0,0.76,2.2,0.39,0.13,0.0,0.0,0.55,2.7,0.36,0.0
202,323.4,0.084499,0.252038,-0.964021,-0.227762,0.344155,-0.910869,-0.076,0.308,0.0,0.0,0.0,0.0,1.57,1.39,0.0,0.85,2.26,0.35,0.04,0.0,0.0,0.34,2.41,0.18,0.0
203,323.43,0.086167,0.247063,-0.965161,-0.235931,0.364205,-0.900939,-0.08,0.317,0.0,0.0,0.0,0.0,1.59,1.32,0.0,1.0,2.25,0.31,0.0,0.0,0.0,0.14,2.39,0.06,0.0
204,323.47,0.091364,0.256869,-0.962118,-0.22124,0.351155,-0.909804,-0.069,0.314,0.0,0.0,0.0,0.0,1.61,1.25,0.0,1.08,2.23,0.25,0.0,0.0,0.0,0.0,2.49,0.0,0.0
205,323.5,0.091316,0.254816,-0.962668,-0.22169,0.352438,-0.909198,-0.07,0.314,0.0,0.0,0.0,0.0,1.58,1.06,0.0,1.21,2.22,0.15,0.0,0.0,0.0,0.0,2.58,0.0,0.0
206,323.53,0.095716,0.260571,-0.960698,-0.227282,0.360213,-0.904759,-0.07,0.321,0.0,0.0,0.0,0.0,1.6,0.98,0.0,1.27,2.21,0.17,0.0,0.0,0.0,0.0,2.62,0.05,0.0
207,323.57,0.105805,0.255739,-0.960939,-0.237533,0.369301,-0.89844,-0.071,0.324,0.0,0.0,0.0,0.0,1.58,0.86,0.0,1.35,2.24,0.18,0.0,0.0,0.0,0.0,2.67,0.1,0.05
208,323.6,0.105316,0.248172,-0.962974,-0.241546,0.360452,-0.900961,-0.073,0.316,0.0,0.0,0.0,0.0,1.6,0.88,0.0,1.4,2.27,0.2,0.0,0.0,0.0,0.0,2.66,0.1,0.15
209,323.63,0.10615,0.248914,-0.962691,-0.242087,0.361077,-0.900565,-0.073,0.316,0.0,0.0,0.0,0.0,1.59,0.96,0.0,1.42,2.28,0.15,0.0,0.0,0.0,0.0,2.6,0.05,0.29
210,323.67,0.112256,0.253492,-0.960802,-0.242086,0.353261,-0.90366,-0.07,0.315,0.0,0.0,0.0,0.0,1.61,0.96,0.0,1.41,2.28,0.13,0.01,0.0,0.0,0.0,2.51,0.0,0.39
211,323.7,0.112489,0.254619,-0.960477,-0.243925,0.354844,-0.902545,-0.07,0.316,0.0,0.0,0.0,0.0,1.61,0.93,0.0,1.31,2.25,0.17,0.01,0.0,0.0,0.0,2.49,0.0,0.46
212,323.73,0.121767,0.253241,-0.959709,-0.232016,0.369274,-0.899892,-0.059,0.323,0.0,0.0,0.0,0.0,1.6,0.9,0.0,1.32,2.25,0.21,0.01,0.0,0.0,0.0,2.44,0.01,0.41
213,323.77,0.12624,0.257119,-0.958099,-0.251269,0.368777,-0.894912,-0.067,0.326,0.0,0.0,0.0,0.0,1.6,0.91,0.0,1.31,2.25,0.29,0.0,0.0,0.0,0.0,2.39,0.01,0.36
214,323.8,0.128628,0.258896,-0.957302,-0.25403,0.371257,-0.893105,-0.068,0.328,0.0,0.0,0.0,0.0,1.59,0.91,0.0,1.4,2.27,0.3,0.0,0.0,0.0,0.0,2.32,0.01,0.29
215,323.83,0.121503,0.26406,-0.956823,-0.245954,0.375497,-0.893593,-0.067,0.333,0.18,0.0,0.0,0.0,1.49,0.6,0.0,1.33,2.32,0.28,0.08,0.0,0.0,0.0,2.47,0.1,1.0
216,323.87,0.267552,0.317502,-0.90973,-0.360467,0.427906,-0.82883,-0.053,0.405,0.26,0.0,0.06,0.0,1.29,0.3,0.0,1.2,2.3,0.32,0.21,0.0,0.0,0.0,2.68,0.25,1.66
217,323.9,0.267483,0.324532,-0.907266,-0.357888,0.4349,-0.826304,-0.052,0.413,0.26,0.0,0.06,0.0,1.06,0.0,0.0,0.96,2.24,0.47,0.27,0.0,0.0,0.0,2.91,0.47,2.29
218,323.93,0.32417,0.329561,-0.886738,-0.326266,0.450649,-0.830943,-0.001,0.426,0.08,0.0,0.06,0.0,1.14,0.17,0.0,0.87,2.26,0.53,0.18,0.0,0.0,0.0,2.7,0.45,2.16
219,323.97,0.209103,0.288651,-0.934321,-0.300802,0.430859,-0.850811,-0.051,0.383,0.0,0.0,0.0,0.0,1.31,0.43,0.0,0.85,2.26,0.52,0.21,0.0,0.0,0.0,2.55,0.38,1.67
220,324.0,0.150549,0.258862,-0.95411,-0.274176,0.378718,-0.883968,-0.067,0.334,0.0,0.0,0.0,0.0,1.49,0.56,0.0,1.01,2.28,0.41,0.18,0.0,0.0,0.0,2.3,0.16,1.25
221,324.03,0.122055,0.263976,-0.956775,-0.24754,0.38136,-0.890667,-0.068,0.336,0.0,0.0,0.0,0.0,1.47,0.46,0.0,1.05,2.16,0.45,0.24,0.0,0.0,0.0,2.29,0.08,0.64
222,324.07,0.111556,0.266278,-0.957419,-0.220158,0.377795,-0.899334,-0.058,0.334,0.0,0.0,0.0,0.0,1.43,0.32,0.0,1.1,2.13,0.47,0.15,0.0,0.0,0.0,2.21,0.0,0.46
223,324.1,0.112369,0.266588,-0.957238,-0.222712,0.37909,-0.898159,-0.059,0.335,0.0,0.0,0.0,0.0,1.39,0.39,0.0,1.08,2.09,0.46,0.18,0.0,0.0,0.0,2.24,0.05,0.17
224,324.13,0.118254,0.252506,-0.960342,-0.20961,0.363058,-0.907884,-0.049,0.318,0.0,0.0,0.0,0.0,1.35,0.41,0.0,1.08,2.15,0.38,0.16,0.0,0.0,0.0,2.31,0.14,0.17
225,324.17,0.11706,0.259034,-0.958748,-0.206619,0.357524,-0.910761,-0.048,0.319,0.0,0.0,0.0,0.0,1.31,0.42,0.0,1.04,2.2,0.29,0.13,0.0,0.0,0.0,2.39,0.2,0.16
226,324.2,0.111032,0.26029,-0.959125,-0.205955,0.353925,-0.912315,-0.051,0.317,0.0,0.0,0.0,0.0,1.29,0.34,0.0,1.06,2.22,0.28,0.15,0.0,0.0,0.0,2.37,0.15,0.27
227,324.23,0.120028,0.253462,-0.95987,-0.200589,0.366622,-0.908489,-0.043,0.32,0.0,0.0,0.0,0.0,1.3,0.25,0.0,1.09,2.16,0.2,0.17,0.0,0.0,0.0,2.35,0.06,0.31
228,324.27,0.11282,0.250481,-0.961525,-0.198975,0.377065,-0.904561,-0.046,0.324,0.0,0.0,0.0,0.0,1.31,0.2,0.0,1.15,2.1,0.11,0.19,0.0,0.0,0.0,2.29,0.0,0.38
229,324.3,0.112883,0.248477,-0.962038,-0.197568,0.370917,-0.907407,-0.045,0.32,0.0,0.0,0.0,0.0,1.34,0.25,0.0,1.15,2.1,0.03,0.11,0.0,0.0,0.0,2.29,0.07,0.42
230,324.33,0.134917,0.252647,-0.958106,-0.202253,0.377441,-0.903677,-0.036,0.326,0.0,0.0,0.0,0.0,1.36,0.38,0.0,1.15,2.14,0.04,0.06,0.0,0.0,0.0,2.28,0.16,0.55
231,324.37,0.144364,0.241691,-0.959554,-0.208398,0.389461,-0.897157,-0.034,0.328,0.0,0.0,0.0,0.0,1.35,0.48,0.0,1.08,2.19,0.04,0.05,0.0,0.0,0.0,2.27,0.32,1.15
232,324.4,0.210416,0.283776,-0.935519,-0.335676,0.404532,-0.850691,-0.07,0.368,0.0,0.0,0.0,0.0,1.41,0.69,0.0,1.05,2.21,0.06,0.1,0.0,0.0,0.0,2.25,0.43,1.35
233,324.43,0.197864,0.249765,-0.947875,-0.301695,0.364726,-0.880883,-0.057,0.324,0.0,0.0,0.0,0.0,1.46,1.01,0.0,0.99,2.21,0.08,0.18,0.0,0.0,0.0,2.24,0.43,1.53
234,324.47,0.163311,0.243304,-0.956103,-0.272535,0.339419,-0.900289,-0.059,0.304,0.0,0.0,0.0,0.0,1.54,1.3,0.0,1.02,2.22,0.1,0.21,0.0,0.0,0.0,2.25,0.38,1.24
235,324.5,0.163182,0.244853,-0.955729,-0.27281,0.338833,-0.900426,-0.059,0.305,0.0,0.0,0.0,0.0,1.42,0.95,0.0,1.05,2.16,0.17,0.19,0.0,0.0,0.0,2.29,0.25,0.87
236,324.53,0.05181,0.173783,-0.98342,-0.117536,0.197821,-0.973166,-0.034,0.188,0.0,0.0,0.0,0.0,1.32,0.49,0.0,1.07,2.09,0.22,0.11,0.0,0.0,0.0,2.29,0.21,0.46
237,324.57,0.060675,0.177763,-0.982201,-0.117513,0.195884,-0.973561,-0.029,0.189,0.0,0.0,0.0,0.0,1.19,0.04,0.0,1.12,1.99,0.27,0.03,0.0,0.0,0.0,2.22,0.15,0.0
238,324.6,0.05651,0.182513,-0.981578,-0.122492,0.193599,-0.973404,-0.034,0.19,0.0,0.0,0.0,0.0,1.17,0.01,0.0,1.11,2.01,0.23,0.0,0.0,0.0,0.0,2.23,0.16,0.0
239,324.63,0.055451,0.163935,-0.984912,-0.131152,0.189345,-0.973112,-0.039,0.179,0.0,0.0,0.0,0.0,1.18,0.01,0.0,1.09,2.03,0.22,0.0,0.0,0.0,0.0,2.24,0.19,0.0
240,324.67,0.052252,0.163578,-0.985146,-0.132242,0.189452,-0.972944,-0.041,0.178,0.0,0.0,0.0,0.0,1.22,0.0,0.0,1.12,2.09,0.27,0.01,0.0,0.0,0.0,2.29,0.23,0.0
241,324.7,0.052488,0.165042,-0.984889,-0.132051,0.189284,-0.973003,-0.041,0.179,0.0,0.0,0.0,0.08,1.22,0.0,0.0,1.15,2.08,0.26,0.06,0.0,0.0,0.0,2.33,0.27,0.0
242,324.73,0.042655,0.158462,-0.986443,-0.117771,0.178793,-0.976813,-0.038,0.17,0.0,0.0,0.0,0.2,1.17,0.0,0.0,1.2,2.08,0.28,0.13,0.0,0.0,0.0,2.4,0.34,0.0
243,324.77,0.047021,0.169046,-0.984486,-0.118074,0.174511,-0.97755,-0.036,0.173,0.0,0.0,0.0,0.27,1.11,0.0,0.0,1.15,2.09,0.22,0.18,0.0,0.0,0.0,2.48,0.34,0.0
244,324.8,0.040869,0.163847,-0.985639,-0.109008,0.180011,-0.977606,-0.035,0.173,0.0,0.0,0.0,0.2,1.12,0.1,0.0,1.17,2.12,0.24,0.25,0.0,0.0,0.0,2.46,0.41,0.0
245,324.83,0.035388,0.154259,-0.987396,-0.103409,0.173068,-0.979466,-0.035,0.165,0.0,0.0,0.0,0.11,1.18,0.15,0.0,1.17,2.14,0.21,0.26,0.0,0.0,0.0,2.42,0.43,0.0
246,324.87,0.035529,0.156137,-0.987096,-0.101315,0.173665,-0.979579,-0.033,0.166,0.0,0.0,0.0,0.07,1.23,0.21,0.0,1.2,2.13,0.24,0.3,0.0,0.0,0.0,2.41,0.49,0.0
247,324.9,0.038441,0.155953,-0.987016,-0.103082,0.174286,-0.979285,-0.033,0.166,0.0,0.0,0.0,0.08,1.22,0.11,0.0,1.22,2.15,0.31,0.25,0.02,0.0,0.0,2.46,0.48,0.0
248,324.93,0.043879,0.159301,-0.986254,-0.103653,0.175619,-0.978986,-0.03,0.169,0.0,0.0,0.0,0.05,1.18,0.06,0.0,1.29,2.15,0.36,0.27,0.1,0.0,0.0,2.53,0.51,0.0
249,324.97,0.036329,0.14187,-0.989218,-0.104965,0.170983,-0.979667,-0.035,0.158,0.0,0.0,0.0,0.02,1.16,0.0,0.0,1.31,2.14,0.43,0.22,0.17,0.04,0.0,2.65,0.62,0.0
250,325.0,0.036428,0.143617,-0.988963,-0.10798,0.178651,-0.977969,-0.036,0.162,0.0,0.0,0.0,0.0,1.15,0.05,0.0,1.28,2.13,0.45,0.34,0.28,0.04,0.0,2.77,0.77,0.0
251,325.03,0.045532,0.152435,-0.987264,-0.1133,0.188608,-0.975495,-0.035,0.172,0.0,0.0,0.0,0.0,1.15,0.09,0.0,1.25,2.14,0.51,0.44,0.31,0.06,0.0,2.87,0.86,0.0
252,325.07,0.046987,0.15237,-0.987206,-0.11971,0.187157,-0.975009,-0.037,0.171,0.0,0.0,0.0,0.0,1.13,0.15,0.0,1.2,2.14,0.54,0.61,0.35,0.05,0.0,2.82,0.88,0.0
253,325.1,0.047371,0.150658,-0.98745,-0.119451,0.188238,-0.974832,-0.037,0.171,0.0,0.0,0.0,0.0,1.24,0.25,0.07,1.22,2.11,0.54,0.61,0.29,0.07,0.0,2.83,0.89,0.0
254,325.13,0.058725,0.209937,-0.97595,-0.246932,0.271196,-0.93031,-0.098,0.247,0.0,0.0,0.0,0.0,1.32,0.29,0.11,1.24,2.1,0.58,0.62,0.32,0.1,0.0,2.85,0.93,0.0
255,325.17,-0.025616,0.155262,-0.987541,-0.181205,0.182727,-0.966321,-0.105,0.171,0.0,0.0,0.0,0.07,1.36,0.23,0.16,1.27,2.09,0.62,0.58,0.31,0.14,0.0,2.92,0.93,0.0
256,325.2,-0.062578,0.13063,-0.989454,-0.177365,0.166993,-0.969874,-0.122,0.151,0.0,0.0,0.0,0.22,1.28,0.07,0.09,1.28,2.07,0.66,0.61,0.35,0.18,0.0,2.9,0.91,0.0
257,325.23,-0.06973,0.093819,-0.993144,-0.19753,0.177057,-0.964175,-0.136,0.138,0.0,0.0,0.04,0.36,1.27,0.0,0.07,1.24,2.04,0.69,0.6,0.34,0.18,0.0,2.81,0.85,0.0
258,325.27,-0.06998,0.092811,-0.993221,-0.196193,0.175022,-0.964819,-0.135,0.136,0.0,0.0,0.08,0.43,1.31,0.0,0.03,1.26,2.04,0.66,0.63,0.37,0.18,0.0,2.76,0.79,0.0
259,325.3,-0.068993,0.09468,-0.993114,-0.196562,0.176306,-0.96451,-0.135,0.138,0.0,0.0,0.08,0.41,1.26,0.0,0.02,1.19,2.05,0.63,0.67,0.35,0.14,0.0,2.71,0.67,0.0
260,325.33,-0.079542,0.089542,-0.992802,-0.192831,0.177972,-0.964957,-0.138,0.136,0.0,0.0,0.04,0.42,1.15,0.0,0.06,1.18,2.04,0.65,0.62,0.34,0.2,0.0,2.75,0.66,0.0
261,325.37,-0.082872,0.080201,-0.993328,-0.195826,0.172538,-0.965341,-0.141,0.128,0.0,0.0,0.0,0.36,1.07,0.0,0.06,1.07,1.94,0.64,0.46,0.22,0.13,0.0,2.67,0.72,0.0
262,325.4,-0.09144,0.087596,-0.99195,-0.197304,0.165229,-0.966318,-0.146,0.128,0.0,0.0,0.0,0.38,1.01,0.0,0.11,1.0,1.81,0.64,0.34,0.24,0.13,0.0,2.48,0.83,0.0
263,325.43,-0.093014,0.087536,-0.991809,-0.208565,0.168702,-0.963348,-0.153,0.13,0.0,0.0,0.04,0.37,0.96,0.0,0.13,0.85,1.68,0.57,0.18,0.23,0.0,0.0,2.23,0.94,0.0
264,325.47,-0.154878,0.062048,-0.985983,-0.307316,0.186109,-0.933231,-0.236,0.129,0.0,0.0,0.09,0.42,0.89,0.0,0.21,0.81,1.64,0.56,0.18,0.3,0.01,0.0,2.11,1.02,0.0
265,325.5,-0.156365,0.061598,-0.985777,-0.309212,0.185701,-0.932686,-0.238,0.128,0.0,0.0,0.15,0.56,0.84,0.0,0.22,0.74,1.54,0.52,0.14,0.29,0.06,0.0,2.12,1.09,0.0
266,325.53,-0.161954,0.067556,-0.984483,-0.298775,0.19172,-0.934867,-0.236,0.134,0.0,0.0,0.11,0.75,0.83,0.0,0.17,0.72,1.48,0.48,0.19,0.28,0.07,0.0,2.15,1.09,0.0
267,325.57,-0.167896,0.071955,-0.983175,-0.312726,0.184862,-0.931681,-0.246,0.133,0.0,0.0,0.11,0.99,0.8,0.0,0.17,0.67,1.36,0.48,0.14,0.31,0.23,0.0,2.15,1.16,0.0
268,325.6,-0.186887,0.064804,-0.980242,-0.329812,0.193445,-0.924015,-0.265,0.135,0.0,0.0,0.13,0.93,0.78,0.0,0.21,0.62,1.32,0.56,0.14,0.33,0.38,0.02,2.16,1.25,0.0
269,325.63,-0.1907,0.06361,-0.979585,-0.334257,0.183541,-0.924437,-0.269,0.129,0.0,0.0,0.17,0.75,0.71,0.0,0.2,0.51,1.2,0.72,0.17,0.23,0.58,0.13,2.29,1.37,0.0
270,325.67,-0.225125,0.088907,-0.970265,-0.3423,0.192826,-0.919592,-0.292,0.148,0.0,0.0,0.13,0.66,0.64,0.0,0.1,0.37,1.19,0.74,0.18,0.14,0.56,0.29,2.33,1.37,0.0
271,325.7,-0.225519,0.092152,-0.969871,-0.341096,0.193344,-0.91993,-0.291,0.15,0.0,0.0,0.05,0.66,0.59,0.0,0.0,0.27,1.2,0.8,0.18,0.0,0.63,0.62,2.43,1.38,0.0
272,325.73,-0.226171,0.092989,-0.969639,-0.359897,0.195479,-0.912284,-0.302,0.152,0.0,0.0,0.0,0.77,0.55,0.0,0.0,0.26,1.26,0.72,0.11,0.0,0.62,0.94,2.44,1.51,0.0
273,325.77,-0.22554,0.091243,-0.969952,-0.349815,0.198025,-0.91565,-0.296,0.152,0.0,0.0,0.0,0.68,0.49,0.0,0.0,0.31,1.26,0.67,0.1,0.0,0.63,1.26,2.53,1.51,0.0
274,325.8,-0.228531,0.092196,-0.969161,-0.347405,0.196267,-0.916945,-0.296,0.152,0.0,0.0,0.0,0.73,0.42,0.0,0.0,0.37,1.23,0.6,0.03,0.0,0.46,1.48,2.56,1.69,0.0
275,325.83,-0.223179,0.084332,-0.971123,-0.338303,0.191581,-0.921329,-0.288,0.145,0.0,0.0,0.0,0.73,0.31,0.0,0.0,0.34,1.1,0.6,0.07,0.0,0.38,1.62,2.59,1.81,0.0
276,325.87,-0.222584,0.0887,-0.97087,-0.337322,0.18855,-0.922314,-0.288,0.145,0.0,0.0,0.0,0.82,0.26,0.0,0.0,0.26,1.02,0.68,0.06,0.0,0.31,1.69,2.61,2.06,0.0
277,325.9,-0.222241,0.094052,-0.970445,-0.338064,0.187182,-0.922321,-0.288,0.148,0.0,0.0,0.0,0.87,0.21,0.0,0.0,0.28,0.99,0.75,0.09,0.0,0.31,1.64,2.61,2.09,0.0
278,325.93,-0.229108,0.095119,-0.968742,-0.339116,0.182759,-0.922822,-0.292,0.146,0.0,0.0,0.0,0.91,0.21,0.0,0.0,0.26,0.97,0.73,0.03,0.13,0.21,1.54,2.29,2.31,0.0
279,325.97,-0.216791,0.050629,-0.974904,-0.29839,0.180607,-0.9372,-0.263,0.12,0.0,0.0,0.0,1.02,0.21,0.0,0.0,0.26,0.92,0.75,0.03,0.29,0.12,1.44,1.9,2.58,0.0
280,326.0,-0.216147,0.050993,-0.975028,-0.308952,0.177221,-0.934421,-0.268,0.119,0.0,0.0,0.01,0.92,0.22,0.0,0.0,0.18,0.79,0.57,0.19,0.93,0.02,1.35,1.21,2.77,0.0
281,326.03,-0.210148,0.034936,-0.977045,-0.289174,0.171678,-0.941756,-0.255,0.107,0.0,0.0,0.02,0.65,0.17,0.0,0.0,0.33,0.73,0.64,0.42,1.29,0.0,1.17,0.83,2.65,0.0
282,326.07,-0.186894,0.03654,-0.9817,-0.266989,0.156564,-0.950897,-0.231,0.1,0.0,0.0,0.03,0.24,0.11,0.0,0.0,0.47,0.73,0.64,0.55,1.58,0.0,0.99,0.53,2.54,0.0
283,326.1,-0.184921,0.036876,-0.982061,-0.262254,0.164417,-0.950889,-0.227,0.104,0.02,0.0,0.15,0.0,0.14,0.0,0.0,0.66,0.81,0.78,0.41,1.32,0.11,0.64,0.8,2.64,0.0
284,326.13,0.018072,0.274815,-0.961327,-0.221859,0.222097,-0.949448,-0.106,0.254,0.12,0.0,0.31,0.0,0.22,0.0,0.04,0.69,0.86,0.75,0.33,1.35,0.32,0.36,1.01,2.74,0.0
285,326.17,0.023017,0.275805,-0.960938,-0.22032,0.221558,-0.949932,-0.103,0.255,0.12,0.0,0.43,0.0,0.28,0.0,0.1,0.71,0.79,0.77,0.29,1.27,0.42,0.11,1.29,2.78,0.0
286,326.2,0.001336,0.278996,-0.960291,-0.238633,0.236015,-0.941993,-0.124,0.264,0.09,0.0,0.39,0.0,0.31,0.0,0.12,0.73,0.76,0.78,0.3,1.26,0.42,0.07,1.26,2.82,0.0
287,326.23,0.022282,0.271624,-0.962146,-0.221781,0.226544,-0.948415,-0.104,0.255,0.0,0.0,0.3,0.0,0.31,0.0,0.09,0.73,0.78,0.77,0.18,1.14,0.26,0.14,1.27,2.91,0.0
288,326.27,0.023741,0.26987,-0.962604,-0.222289,0.220033,-0.949828,-0.103,0.251,0.0,0.0,0.3,0.0,0.32,0.0,0.03,0.77,0.88,0.74,0.09,1.17,0.27,0.16,1.19,3.01,0.0
289,326.3,0.023121,0.268941,-0.962879,-0.222701,0.218156,-0.950164,-0.104,0.249,0.0,0.0,0.33,0.0,0.3,0.0,0.0,0.73,0.91,0.76,0.03,1.21,0.17,0.21,1.25,3.08,0.0
290,326.33,0.02431,0.267436,-0.963269,-0.224607,0.218271,-0.949689,-0.104,0.249,0.0,0.0,0.4,0.0,0.29,0.0,0.0,0.6,0.92,0.76,0.06,0.91,0.12,0.15,1.47,2.8,0.1
291,326.37,0.084895,0.218287,-0.972185,-0.342054,0.295192,-0.89211,-0.137,0.269,0.0,0.0,0.45,0.0,0.46,0.23,0.0,0.53,1.05,0.67,0.04,0.5,0.02,0.09,1.88,2.38,0.1
292,326.4,0.041494,0.22114,-0.974359,-0.234155,0.292673,-0.9271,-0.101,0.264,0.0,0.0,0.42,0.0,0.5,0.26,0.0,0.43,1.17,0.51,0.04,0.14,0.0,0.0,2.14,1.9,0.1
293,326.43,0.087303,0.169458,-0.981663,-0.154882,0.199859,-0.967506,-0.035,0.187,0.0,0.0,0.48,0.0,0.57,0.26,0.0,0.52,1.28,0.39,0.0,0.09,0.0,0.0,2.3,1.75,0.0
294,326.47,0.08999,0.165396,-0.982113,-0.157648,0.201046,-0.966813,-0.035,0.186,0.0,0.0,0.46,0.0,0.46,0.03,0.0,0.52,1.24,0.32,0.0,0.18,0.0,0.0,2.4,1.74,0.0
295,326.5,0.088258,0.162484,-0.982756,-0.155095,0.200391,-0.967362,-0.034,0.184,0.01,0.0,0.52,0.0,0.38,0.0,0.0,0.75,1.13,0.62,0.02,0.73,0.07,0.05,1.86,1.67,0.0
296,326.53,0.041353,0.166118,-0.985238,-0.133611,0.200351,-0.970571,-0.047,0.185,0.01,0.0,0.48,0.0,0.28,0.0,0.0,0.85,1.0,0.91,0.04,1.2,0.13,0.11,1.23,1.55,0.0
297,326.57,0.039356,0.160813,-0.9862,-0.133163,0.198716,-0.970968,-0.048,0.182,0.01,0.0,0.53,0.0,0.24,0.0,0.0,0.92,0.85,1.16,0.2,1.58,0.19,0.17,0.54,1.39,0.0
298,326.6,0.063307,0.170522,-0.983318,-0.100058,0.183748,-0.977867,-0.019,0.179,0.04,0.0,0.56,0.03,0.25,0.0,0.0,0.74,0.75,0.91,0.3,1.3,0.25,0.11,0.66,1.3,0.0
299,326.63,0.062134,0.186201,-0.980545,-0.094518,0.191419,-0.976947,-0.017,0.191,0.05,0.0,0.59,0.13,0.25,0.0,0.0,0.67,0.65,0.75,0.35,1.04,0.29,0.06,0.86,1.35,0.0
300,326.67,0.071583,0.17464,-0.982027,-0.095227,0.187813,-0.977578,-0.012,0.183,0.04,0.0,0.57,0.21,0.25,0.06,0.0,0.59,0.6,0.58,0.29,0.83,0.35,0.0,1.01,1.43,0.0
301,326.7,0.07088,0.175153,-0.981987,-0.097031,0.186846,-0.977586,-0.013,0.183,0.09,0.0,0.6,0.23,0.27,0.08,0.0,0.56,0.59,0.65,0.17,0.77,0.37,0.0,0.97,1.52,0.0
302,326.73,0.07202,0.184822,-0.98013,-0.080735,0.200662,-0.976328,-0.004,0.195,0.08,0.0,0.58,0.13,0.32,0.08,0.0,0.45,0.65,0.62,0.14,0.88,0.36,0.05,0.83,1.44,0.0
303,326.77,0.079699,0.183226,-0.979835,-0.0787,0.202007,-0.976217,0.001,0.194,0.08,0.0,0.56,0.04,0.37,0.09,0.0,0.46,0.76,0.74,0.09,1.16,0.26,0.16,0.58,1.37,0.0
304,326.8,0.077001,0.170186,-0.982399,-0.070895,0.201594,-0.9769,0.003,0.188,0.0,0.0,0.5,0.0,0.43,0.14,0.0,0.47,0.86,0.79,0.22,1.48,0.13,0.28,0.4,1.25,0.0
305,326.83,0.085829,0.161697,-0.983101,-0.066109,0.195154,-0.978542,0.01,0.18,0.02,0.0,0.51,0.0,0.48,0.15,0.0,0.56,0.89,0.95,0.3,1.65,0.08,0.36,0.26,1.12,0.0
306,326.87,0.081411,0.163645,-0.983154,-0.059141,0.205296,-0.976911,0.011,0.186,0.02,0.0,0.5,0.0,0.47,0.07,0.0,0.6,0.88,0.96,0.35,1.66,0.1,0.37,0.2,1.02,0.0
307,326.9,0.080864,0.163036,-0.983301,-0.059504,0.204859,-0.976981,0.011,0.186,0.05,0.0,0.56,0.0,0.46,0.08,0.0,0.53,0.91,1.0,0.26,1.5,0.09,0.31,0.25,0.97,0.0
308,326.93,0.095532,0.159849,-0.982508,-0.056048,0.204938,-0.977169,0.02,0.184,0.04,0.0,0.5,0.0,0.48,0.31,0.0,0.38,1.04,0.85,0.14,1.15,0.04,0.19,0.41,0.92,0.0
309,326.97,0.09525,0.164418,-0.981781,-0.061718,0.207507,-0.976285,0.017,0.188,0.04,0.0,0.45,0.0,0.57,0.56,0.0,0.34,1.2,0.63,0.04,0.68,0.0,0.07,0.68,0.76,0.0
310,327.0,0.08514,0.17831,-0.980284,-0.067724,0.212359,-0.974842,0.009,0.197,0.0,0.0,0.29,0.0,0.67,0.75,0.0,0.39,1.39,0.52,0.0,0.43,0.0,0.0,0.86,0.55,0.0
311,327.03,0.097183,0.179246,-0.978992,-0.065526,0.219744,-0.973354,0.016,0.202,0.0,0.0,0.22,0.0,0.75,0.75,0.0,0.54,1.5,0.52,0.0,0.38,0.0,0.0,0.97,0.36,0.0
312,327.07,0.092594,0.179377,-0.979413,-0.068295,0.221197,-0.972835,0.012,0.202,0.0,0.0,0.18,0.0,0.79,0.73,0.0,0.54,1.56,0.62,0.0,0.44,0.0,0.0,0.99,0.32,0.0
313,327.1,0.092432,0.182747,-0.978805,-0.067285,0.22083,-0.972989,0.013,0.204,0.0,0.0,0.24,0.0,0.8,0.76,0.0,0.5,1.54,0.69,0.0,0.4,0.0,0.0,0.94,0.26,0.0
314,327.13,0.10464,0.184577,-0.977232,-0.059062,0.213145,-0.975234,0.023,0.201,0.0,0.0,0.28,0.0,0.86,0.93,0.0,0.45,1.55,0.8,0.0,0.58,0.0,0.0,0.94,0.29,0.0
315,327.17,0.103129,0.16707,-0.980537,-0.055231,0.216327,-0.974757,0.024,0.194,0.0,0.0,0.36,0.0,0.87,1.01,0.0,0.54,1.6,0.9,0.0,0.79,0.0,0.0,1.0,0.26,0.0
316,327.2,0.111562,0.19205,-0.975023,-0.055952,0.212805,-0.975491,0.029,0.205,0.0,0.0,0.36,0.0,0.92,1.05,0.06,0.71,1.67,0.98,0.03,1.0,0.02,0.0,1.19,0.37,0.0
317,327.23,0.116852,0.176376,-0.977362,-0.053194,0.214079,-0.975367,0.033,0.197,0.0,0.0,0.36,0.0,0.91,1.0,0.06,0.81,1.71,1.02,0.09,1.01,0.13,0.0,1.35,0.33,0.0
318,327.27,0.113707,0.178032,-0.977433,-0.044077,0.212011,-0.976273,0.036,0.197,0.0,0.0,0.33,0.0,0.96,1.07,0.08,0.81,1.72,1.07,0.16,0.99,0.24,0.0,1.42,0.34,0.0
319,327.3,0.114346,0.179799,-0.977035,-0.046912,0.212084,-0.976125,0.035,0.198,0.0,0.0,0.34,0.0,1.02,1.25,0.13,0.91,1.69,1.08,0.13,1.07,0.25,0.0,1.39,0.31,0.0
320,327.33,0.110596,0.193097,-0.974927,-0.041021,0.216886,-0.975335,0.036,0.207,0.0,0.0,0.31,0.0,1.1,1.33,0.28,0.98,1.72,1.18,0.06,1.23,0.17,0.0,1.38,0.33,0.0
321,327.37,0.116263,0.178587,-0.977031,-0.031039,0.211881,-0.976803,0.044,0.197,0.0,0.0,0.24,0.0,1.19,1.37,0.41,1.14,1.81,1.21,0.04,1.28,0.06,0.0,1.5,0.29,0.0
322,327.4,0.112653,0.177071,-0.97773,-0.032086,0.207076,-0.977799,0.041,0.194,0.0,0.0,0.2,0.0,1.28,1.35,0.51,1.25,1.99,1.29,0.04,1.25,0.04,0.0,1.83,0.29,0.0
323,327.43,0.119833,0.170414,-0.978059,-0.030736,0.207436,-0.977766,0.046,0.191,0.0,0.0,0.21,0.0,1.39,1.31,0.52,1.36,2.08,1.24,0.04,1.05,0.0,0.0,2.12,0.31,0.0
324,327.47,0.115909,0.162874,-0.979815,-0.030262,0.197436,-0.979849,0.044,0.182,0.0,0.0,0.25,0.0,1.44,1.34,0.49,1.35,2.12,1.26,0.0,0.99,0.0,0.0,2.27,0.38,0.0
325,327.5,0.115098,0.162623,-0.979952,-0.033171,0.199441,-0.979348,0.042,0.183,0.0,0.0,0.24,0.0,1.51,1.24,0.43,1.33,2.17,1.21,0.0,0.88,0.0,0.0,2.26,0.27,0.0
326,327.53,0.110321,0.164936,-0.980115,-0.039548,0.197899,-0.979424,0.036,0.183,0.0,0.0,0.22,0.0,1.61,1.3,0.37,1.39,2.3,1.26,0.02,0.86,0.0,0.0,2.38,0.15,0.0
327,327.57,0.117365,0.153334,-0.98118,-0.041053,0.193025,-0.980335,0.039,0.175,0.0,0.0,0.2,0.0,1.74,1.31,0.34,1.5,2.43,1.22,0.02,0.71,0.0,0.0,2.5,0.05,0.0
328,327.6,0.114689,0.151379,-0.9818,-0.036653,0.192218,-0.980668,0.04,0.173,0.0,0.0,0.25,0.0,1.87,1.43,0.27,1.68,2.54,1.11,0.02,0.6,0.0,0.0,2.61,0.03,0.0
329,327.63,0.174247,0.189965,-0.966205,-0.078368,0.226682,-0.970811,0.049,0.212,0.0,0.0,0.36,0.0,1.93,1.48,0.26,1.76,2.6,0.94,0.0,0.52,0.0,0.0,2.56,0.04,0.03
330,327.67,0.206218,0.224208,-0.952473,-0.0907,0.244563,-0.965382,0.06,0.24,0.0,0.0,0.42,0.0,1.95,1.49,0.2,1.77,2.67,0.87,0.0,0.56,0.0,0.0,2.56,0.01,0.11
331,327.7,0.204549,0.226973,-0.952178,-0.091965,0.245515,-0.965021,0.059,0.242,0.0,0.0,0.44,0.0,1.92,1.5,0.17,1.68,2.66,0.89,0.0,0.58,0.0,0.0,2.6,0.03,0.14
332,327.73,0.207307,0.231598,-0.950466,-0.087163,0.250999,-0.964055,0.063,0.247,0.0,0.0,0.45,0.0,1.9,1.49,0.12,1.66,2.66,0.92,0.0,0.54,0.0,0.0,2.7,0.02,0.25
333,327.77,0.224814,0.24242,-0.943764,-0.088827,0.260174,-0.961467,0.071,0.258,0.0,0.0,0.51,0.0,1.91,1.45,0.18,1.68,2.6,1.01,0.0,0.56,0.0,0.0,2.78,0.02,0.29
334,327.8,0.226879,0.238474,-0.944275,-0.090768,0.256659,-0.96223,0.071,0.254,0.0,0.0,0.54,0.0,1.91,1.52,0.16,1.68,2.6,1.07,0.0,0.61,0.0,0.0,2.8,0.0,0.36
335,327.83,0.220968,0.234797,-0.946596,-0.099252,0.25283,-0.962407,0.064,0.25,0.0,0.0,0.54,0.0,1.94,1.48,0.16,1.68,2.64,1.06,0.0,0.62,0.0,0.0,2.69,0.0,0.42
336,327.87,0.22684,0.233319,-0.945572,-0.100924,0.254663,-0.961749,0.066,0.25,0.0,0.0,0.53,0.0,1.96,1.45,0.11,1.67,2.7,1.05,0.0,0.68,0.0,0.0,2.63,0.0,0.56
337,327.9,0.226714,0.235309,-0.945109,-0.100764,0.256254,-0.961343,0.066,0.252,0.0,0.0,0.57,0.0,1.98,1.22,0.1,1.7,2.69,0.99,0.0,0.65,0.0,0.0,2.65,0.0,0.6
338,327.93,0.228578,0.23545,-0.944624,-0.104339,0.261874,-0.959445,0.065,0.255,0.0,0.0,0.58,0.0,1.99,1.1,0.08,1.74,2.63,0.97,0.0,0.69,0.0,0.0,2.78,0.0,0.49
339,327.97,0.236986,0.235343,-0.942577,-0.101849,0.262375,-0.959576,0.071,0.256,0.0,0.0,0.69,0.0,2.0,1.1,0.06,1.84,2.66,1.0,0.0,0.54,0.0,0.0,2.84,0.0,0.33
340,328.0,0.225971,0.250258,-0.941439,-0.099496,0.254775,-0.961868,0.066,0.259,0.0,0.0,0.74,0.0,1.97,1.19,0.03,1.92,2.7,0.98,0.0,0.41,0.0,0.0,2.85,0.0,0.26
341,328.03,0.23518,0.244813,-0.940615,-0.118932,0.264128,-0.957127,0.061,0.262,0.04,0.0,0.85,0.0,1.97,1.42,0.01,1.96,2.8,0.96,0.0,0.2,0.0,0.0,2.79,0.0,0.27
342,328.07,0.250994,0.260704,-0.932221,-0.111858,0.268697,-0.956708,0.074,0.273,0.09,0.0,0.87,0.0,1.94,1.5,0.0,1.97,2.82,0.94,0.0,0.07,0.0,0.0,2.82,0.0,0.28
343,328.1,0.24859,0.261398,-0.93267,-0.114477,0.270379,-0.955924,0.071,0.274,0.15,0.0,0.96,0.0,1.99,1.59,0.0,1.9,2.83,1.04,0.0,0.11,0.0,0.0,2.8,0.0,0.37
344,328.13,0.255835,0.263852,-0.930017,-0.104021,0.269224,-0.957443,0.08,0.275,0.22,0.0,0.98,0.0,1.93,1.5,0.0,1.81,2.8,1.13,0.0,0.16,0.0,0.0,2.76,0.0,0.45
345,328.17,0.258652,0.293155,-0.920412,-0.102003,0.271337,-0.957064,0.083,0.292,0.26,0.0,1.0,0.0,1.93,1.55,0.04,1.7,2.78,1.08,0.0,0.18,0.0,0.0,2.64,0.0,0.54
346,328.2,0.276211,0.307837,-0.910464,-0.096567,0.268758,-0.958355,0.096,0.299,0.31,0.0,0.99,0.0,1.88,1.52,0.07,1.67,2.77,0.97,0.0,0.12,0.0,0.0,2.6,0.0,0.49
347,328.23,0.276126,0.32099,-0.905936,-0.091484,0.277522,-0.956354,0.099,0.311,0.27,0.0,0.93,0.0,1.92,1.48,0.14,1.67,2.74,0.89,0.0,0.13,0.0,0.0,2.57,0.0,0.47
348,328.27,0.285126,0.317238,-0.904469,-0.094511,0.268555,-0.958617,0.102,0.305,0.26,0.0,0.86,0.0,1.91,1.38,0.18,1.68,2.75,0.84,0.0,0.15,0.0,0.0,2.53,0.0,0.4
349,328.3,0.28101,0.316664,-0.905956,-0.091962,0.267551,-0.959145,0.101,0.304,0.23,0.0,0.82,0.0,1.94,1.36,0.2,1.67,2.76,0.82,0.0,0.1,0.0,0.0,2.47,0.0,0.51
350,328.33,0.279638,0.328049,-0.902323,-0.080813,0.274053,-0.958313,0.106,0.313,0.19,0.0,0.76,0.0,1.93,1.28,0.17,1.7,2.8,0.85,0.0,0.05,0.0,0.0,2.41,0.0,0.44
351,328.37,0.266782,0.337939,-0.902566,-0.07361,0.281582,-0.956709,0.104,0.322,0.13,0.0,0.66,0.0,1.9,1.25,0.11,1.7,2.84,0.86,0.0,0.01,0.0,0.0,2.41,0.0,0.55
352,328.4,0.282156,0.330557,-0.900622,-0.101431,0.275889,-0.955823,0.097,0.316,0.04,0.0,0.52,0.0,1.86,1.13,0.06,1.74,2.88,0.92,0.0,0.02,0.0,0.0,2.39,0.0,0.59
353,328.43,0.27658,0.32238,-0.905304,-0.110592,0.269218,-0.956708,0.089,0.308,0.02,0.0,0.43,0.0,1.79,1.24,0.09,1.68,2.85,1.01,0.0,0.02,0.0,0.0,2.42,0.0,0.71
354,328.47,0.277946,0.312218,-0.908441,-0.100033,0.274482,-0.956375,0.095,0.305,0.0,0.0,0.34,0.0,1.76,1.28,0.12,1.63,2.8,1.11,0.0,0.08,0.0,0.0,2.38,0.0,0.67
355,328.5,0.281326,0.309128,-0.908458,-0.102242,0.273266,-0.956489,0.096,0.303,0.0,0.0,0.33,0.0,1.82,1.5,0.2,1.62,2.71,1.16,0.0,0.07,0.0,0.0,2.4,0.0,0.41
356,328.53,0.234566,0.272452,-0.933139,-0.082997,0.226392,-0.970494,0.079,0.256,0.0,0.0,0.36,0.0,1.89,1.59,0.22,1.64,2.69,1.14,0.0,0.14,0.0,0.0,2.45,0.0,0.19
357,328.57,0.238337,0.262637,-0.934996,-0.071275,0.225265,-0.971687,0.087,0.251,0.0,0.0,0.4,0.0,1.85,1.54,0.24,1.53,2.55,1.1,0.0,0.12,0.0,0.09,2.1,0.0,0.0
358,328.6,0.158438,0.233556,-0.959348,-0.030314,0.216355,-0.975844,0.066,0.228,0.0,0.0,0.41,0.0,1.72,1.48,0.26,1.33,2.41,1.0,0.0,0.16,0.0,0.14,1.65,0.0,0.0
359,328.63,0.157148,0.222871,-0.962098,-0.029862,0.219344,-0.975191,0.066,0.224,0.0,0.0,0.44,0.0,1.57,1.2,0.23,1.23,2.23,0.88,0.0,0.08,0.0,0.14,1.21,0.0,0.0
360,328.67,0.143001,0.20405,-0.96846,-0.04442,0.204616,-0.977834,0.051,0.207,0.0,0.0,0.46,0.0,1.54,1.15,0.25,1.26,2.19,0.85,0.0,0.04,0.0,0.05,1.24,0.0,0.0
361,328.7,0.142781,0.205712,-0.968141,-0.040082,0.204471,-0.978052,0.053,0.208,0.0,0.0,0.57,0.0,1.62,1.12,0.29,1.34,2.22,0.81,0.0,0.0,0.0,0.0,1.32,0.0,0.0
362,328.73,0.140676,0.205122,-0.968574,-0.03471,0.212519,-0.97654,0.054,0.212,0.0,0.0,0.58,0.0,1.7,1.28,0.37,1.31,2.3,0.95,0.0,0.0,0.0,0.0,1.5,0.0,0.0
363,328.77,0.137828,0.204187,-0.969181,-0.028252,0.206389,-0.978062,0.056,0.208,0.0,0.0,0.61,0.0,1.72,1.25,0.37,1.35,2.35,0.96,0.0,0.0,0.0,0.0,1.64,0.0,0.0
364,328.8,0.139775,0.200625,-0.969646,-0.027857,0.217389,-0.975688,0.057,0.212,0.0,0.0,0.53,0.0,1.69,1.13,0.34,1.37,2.39,1.0,0.0,0.0,0.0,0.0,1.84,0.0,0.0
365,328.83,0.140594,0.204281,-0.968763,-0.030684,0.219659,-0.975094,0.056,0.215,0.0,0.0,0.45,0.0,1.7,1.05,0.26,1.43,2.49,0.96,0.0,0.0,0.0,0.0,1.92,0.0,0.0
366,328.87,0.137953,0.201522,-0.96972,-0.024131,0.218234,-0.975598,0.058,0.213,0.0,0.0,0.35,0.0,1.76,1.04,0.28,1.47,2.59,0.99,0.0,0.0,0.0,0.0,2.03,0.0,0.0
367,328.9,0.134396,0.197828,-0.97098,-0.024309,0.217777,-0.975696,0.056,0.21,0.0,0.0,0.27,0.0,1.84,0.96,0.28,1.56,2.7,1.09,0.0,0.0,0.0,0.0,2.13,0.0,0.0
368,328.93,0.139774,0.194083,-0.970976,-0.023252,0.209814,-0.977465,0.06,0.204,0.0,0.0,0.25,0.0,1.91,0.96,0.3,1.65,2.71,1.06,0.0,0.03,0.0,0.0,2.2,0.0,0.0
369,328.97,0.135744,0.180542,-0.974155,-0.027116,0.210531,-0.977211,0.056,0.198,0.0,0.0,0.24,0.0,1.95,0.95,0.22,1.7,2.73,1.07,0.0,0.09,0.03,0.0,2.19,0.0,0.0
370,329.0,0.136852,0.184707,-0.973219,-0.026478,0.211804,-0.976953,0.057,0.201,0.0,0.0,0.22,0.0,1.96,1.07,0.19,1.68,2.7,1.02,0.0,0.13,0.03,0.0,2.3,0.0,0.0
371,329.03,0.146,0.173481,-0.973955,-0.029669,0.202518,-0.978829,0.06,0.19,0.0,0.0,0.22,0.0,1.96,1.08,0.12,1.71,2.71,1.01,0.0,0.17,0.03,0.0,2.39,0.0,0.0
372,329.07,0.148309,0.168647,-0.974455,-0.026149,0.201162,-0.979209,0.062,0.187,0.0,0.0,0.24,0.0,2.0,1.18,0.18,1.74,2.7,1.0,0.0,0.15,0.0,0.0,2.5,0.0,0.0
373,329.1,0.156539,0.168737,-0.973151,-0.028027,0.202698,-0.97884,0.066,0.188,0.0,0.0,0.24,0.0,1.98,1.25,0.17,1.71,2.69,1.05,0.0,0.25,0.0,0.0,2.55,0.0,0.0
374,329.13,0.155251,0.162987,-0.974337,-0.029939,0.206956,-0.977892,0.064,0.187,0.0,0.0,0.29,0.0,2.03,1.25,0.21,1.7,2.66,1.11,0.0,0.4,0.0,0.0,2.68,0.01,0.0
375,329.17,0.15602,0.166501,-0.97362,-0.03492,0.209208,-0.977247,0.062,0.19,0.0,0.0,0.32,0.0,2.05,1.24,0.18,1.66,2.64,1.11,0.0,0.54,0.0,0.0,2.84,0.01,0.0
376,329.2,0.15107,0.165828,-0.974515,-0.036813,0.20835,-0.977361,0.058,0.189,0.0,0.0,0.35,0.0,2.11,1.1,0.18,1.65,2.63,1.1,0.0,0.56,0.04,0.0,2.88,0.05,0.0
377,329.23,0.143333,0.162567,-0.976231,-0.034301,0.200957,-0.978999,0.056,0.184,0.0,0.0,0.32,0.0,2.06,1.2,0.12,1.56,2.64,0.91,0.1,0.53,0.04,0.0,3.0,0.24,0.0
378,329.27,0.107102,0.167979,-0.979955,-0.033938,0.213827,-0.976282,0.037,0.193,0.0,0.0,0.29,0.0,2.05,1.22,0.06,1.47,2.63,0.81,0.28,0.5,0.06,0.0,3.15,0.41,0.0
379,329.3,0.105077,0.16263,-0.981076,-0.033148,0.211489,-0.976818,0.037,0.189,0.0,0.0,0.22,0.0,2.04,1.22,0.03,1.47,2.65,0.68,0.33,0.4,0.03,0.0,3.35,0.54,0.0
380,329.33,0.110417,0.157754,-0.981286,-0.035198,0.207382,-0.977627,0.038,0.184,0.0,0.0,0.17,0.0,2.1,1.07,0.03,1.49,2.67,0.78,0.31,0.31,0.05,0.0,3.36,0.55,0.0
381,329.37,0.1076,0.157426,-0.981651,-0.043874,0.209684,-0.976784,0.033,0.185,0.0,0.0,0.16,0.0,2.13,0.95,0.03,1.55,2.7,0.8,0.21,0.29,0.06,0.0,3.36,0.55,0.0
382,329.4,0.105435,0.154197,-0.982399,-0.043886,0.207493,-0.977251,0.031,0.183,0.0,0.0,0.18,0.0,2.16,0.96,0.07,1.5,2.7,0.78,0.28,0.35,0.07,0.0,3.25,0.46,0.0
383,329.43,0.099372,0.155096,-0.982889,-0.044062,0.207587,-0.977224,0.028,0.183,0.0,0.0,0.17,0.0,2.13,1.06,0.12,1.44,2.67,0.64,0.42,0.47,0.05,0.0,3.21,0.32,0.0
384,329.47,0.09024,0.161594,-0.982723,-0.052248,0.21069,-0.976156,0.019,0.188,0.0,0.0,0.15,0.0,2.13,1.24,0.19,1.43,2.65,0.54,0.58,0.5,0.01,0.0,3.15,0.17,0.0
385,329.5,0.090814,0.156137,-0.983552,-0.049816,0.205325,-0.977425,0.021,0.182,0.0,0.0,0.09,0.0,2.15,1.31,0.18,1.4,2.61,0.59,0.65,0.55,0.03,0.0,3.22,0.13,0.0
386,329.53,0.074562,0.153677,-0.985304,-0.058883,0.202881,-0.977431,0.008,0.18,0.0,0.0,0.06,0.0,2.19,1.27,0.23,1.39,2.62,0.67,0.52,0.48,0.04,0.0,3.29,0.07,0.0
387,329.57,0.064948,0.15084,-0.986422,-0.06105,0.20406,-0.977053,0.002,0.179,0.0,0.0,0.01,0.0,2.22,1.17,0.27,1.39,2.61,0.72,0.36,0.51,0.04,0.0,3.34,0.06,0.0
388,329.6,0.06222,0.150643,-0.986628,-0.077954,0.201787,-0.976322,-0.008,0.178,0.0,0.0,0.06,0.0,2.22,1.09,0.37,1.52,2.67,0.61,0.39,0.35,0.06,0.0,3.38,0.12,0.0
389,329.63,0.206859,0.193409,-0.959063,-0.235184,0.316846,-0.918856,-0.015,0.265,0.0,0.0,0.11,0.0,2.19,0.98,0.41,1.68,2.73,0.48,0.58,0.27,0.07,0.0,3.42,0.19,0.0
390,329.67,0.209348,0.192344,-0.958737,-0.236983,0.31532,-0.918919,-0.015,0.264,0.0,0.0,0.14,0.0,2.16,0.88,0.44,1.74,2.79,0.4,0.71,0.17,0.07,0.0,3.51,0.3,0.0
391,329.7,0.203429,0.189773,-0.960522,-0.232223,0.309003,-0.922274,-0.015,0.259,0.04,0.0,0.17,0.0,2.15,0.77,0.45,1.9,2.82,0.3,0.75,0.22,0.02,0.0,3.44,0.28,0.42
392,329.73,0.263882,0.219676,-0.939206,-0.245633,0.375752,-0.893574,0.01,0.314,0.04,0.0,0.18,0.0,2.15,0.76,0.45,1.97,2.86,0.22,0.69,0.18,0.0,0.0,3.43,0.3,0.79
393,329.77,0.252088,0.211396,-0.944332,-0.267507,0.354536,-0.89596,-0.008,0.298,0.04,0.0,0.25,0.0,2.25,0.75,0.54,2.11,2.9,0.13,0.71,0.23,0.0,0.0,3.33,0.2,0.79
394,329.8,0.063821,0.256829,-0.964347,-0.264774,0.348262,-0.899227,-0.107,0.314,0.0,0.0,0.29,0.0,2.2,0.75,0.49,1.96,2.76,0.31,0.96,0.17,0.0,0.0,3.4,0.1,0.37
395,329.83,0.020057,0.260946,-0.965145,-0.241582,0.337327,-0.909862,-0.118,0.309,0.0,0.0,0.3,0.0,2.23,0.72,0.47,1.92,2.63,0.56,1.12,0.13,0.03,0.06,3.29,0.0,0.0
396,329.87,0.013413,0.261047,-0.965233,-0.249497,0.341148,-0.906294,-0.125,0.311,0.0,0.0,0.29,0.0,2.15,0.75,0.31,1.85,2.57,0.67,1.17,0.0,0.03,0.18,3.22,0.0,0.0
397,329.9,0.010699,0.256789,-0.966408,-0.250587,0.335925,-0.907943,-0.127,0.306,0.0,0.0,0.22,0.0,2.18,0.73,0.24,1.85,2.59,0.62,0.96,0.0,0.03,0.35,3.08,0.0,0.0
398,329.93,-0.014037,0.257124,-0.966276,-0.268756,0.368313,-0.890009,-0.151,0.325,0.0,0.0,0.18,0.0,2.18,0.7,0.16,1.8,2.6,0.62,0.92,0.0,0.0,0.44,3.01,0.0,0.0
399,329.97,-0.016085,0.258232,-0.965949,-0.270843,0.370932,-0.888287,-0.154,0.327,0.0,0.08,0.17,0.0,2.19,0.61,0.13,1.78,2.57,0.73,1.01,0.0,0.0,0.55,2.88,0.0,0.0
400,330.0,-0.024269,0.254724,-0.966709,-0.288721,0.369742,-0.883137,-0.168,0.326,0.0,0.1,0.22,0.0,2.22,0.68,0.14,1.78,2.56,0.81,1.05,0.0,0.0,0.55,2.83,0.0,0.0
401,330.03,-0.036772,0.249036,-0.967796,-0.287265,0.36737,-0.884601,-0.173,0.321,0.0,0.1,0.21,0.0,2.25,0.89,0.11,1.8,2.6,0.88,1.09,0.0,0.0,0.6,2.81,0.0,0.0
402,330.07,-0.041019,0.244938,-0.968671,-0.276127,0.357312,-0.892235,-0.169,0.313,0.0,0.06,0.2,0.0,2.28,1.04,0.08,1.73,2.63,0.85,1.09,0.0,0.0,0.55,2.85,0.0,0.0
403,330.1,-0.045709,0.246086,-0.96817,-0.267526,0.351688,-0.897076,-0.166,0.31,0.0,0.04,0.12,0.0,2.33,1.17,0.03,1.72,2.68,0.92,1.01,0.0,0.0,0.62,2.89,0.0,0.0
404,330.13,-0.045204,0.260503,-0.964414,-0.286197,0.36166,-0.887295,-0.177,0.324,0.0,0.04,0.09,0.0,2.33,1.26,0.04,1.7,2.72,0.97,0.91,0.0,0.0,0.62,2.92,0.0,0.0
405,330.17,-0.048922,0.260832,-0.964144,-0.284622,0.35753,-0.889473,-0.178,0.322,0.0,0.0,0.04,0.0,2.33,1.15,0.04,1.77,2.72,1.08,0.92,0.0,0.0,0.69,2.96,0.0,0.0
406,330.2,-0.056852,0.252792,-0.965849,-0.304264,0.348416,-0.886583,-0.193,0.314,0.0,0.0,0.0,0.0,2.34,1.08,0.03,1.88,2.74,1.09,0.99,0.0,0.0,0.75,2.9,0.0,0.0
407,330.23,-0.05698,0.253691,-0.965606,-0.317097,0.352999,-0.880251,-0.2,0.318,0.0,0.0,0.0,0.0,2.39,0.91,0.0,1.97,2.72,1.1,0.98,0.0,0.0,0.83,2.68,0.0,0.0
408,330.27,-0.064826,0.256422,-0.964389,-0.29973,0.360052,-0.883473,-0.195,0.322,0.0,0.0,0.0,0.0,2.46,0.98,0.0,2.0,2.73,1.12,0.88,0.0,0.0,0.88,2.5,0.0,0.0
409,330.3,-0.065931,0.255843,-0.964467,-0.303743,0.36091,-0.881751,-0.198,0.322,0.0,0.0,0.0,0.0,2.43,1.09,0.0,2.02,2.72,1.14,0.91,0.0,0.0,0.76,2.46,0.0,0.0
410,330.33,-0.0724,0.256054,-0.963947,-0.305275,0.356176,-0.883146,-0.202,0.32,0.0,0.0,0.0,0.0,2.38,1.25,0.0,2.06,2.71,1.03,1.03,0.0,0.0,0.65,2.54,0.0,0.0
411,330.37,-0.075653,0.259395,-0.962804,-0.30033,0.35811,-0.884059,-0.201,0.323,0.0,0.0,0.0,0.0,2.35,1.45,0.01,2.07,2.7,1.03,1.11,0.0,0.0,0.65,2.56,0.0,0.0
412,330.4,-0.064967,0.257633,-0.964056,-0.277437,0.354566,-0.892923,-0.182,0.318,0.0,0.0,0.0,0.0,2.37,1.56,0.1,2.08,2.69,0.96,1.05,0.0,0.0,0.75,2.45,0.0,0.0
413,330.43,-0.059578,0.254539,-0.965226,-0.276296,0.356004,-0.892705,-0.179,0.317,0.0,0.0,0.0,0.0,2.41,1.62,0.15,2.1,2.69,0.98,0.98,0.0,0.0,0.85,2.46,0.0,0.0
414,330.47,-0.054766,0.25733,-0.96477,-0.282551,0.358023,-0.889935,-0.18,0.32,0.0,0.0,0.0,0.0,2.41,1.54,0.21,2.11,2.7,0.87,0.95,0.0,0.0,0.8,2.41,0.0,0.0
415,330.5,-0.054006,0.257383,-0.964799,-0.287199,0.359216,-0.887964,-0.182,0.321,0.0,0.08,0.0,0.0,2.42,1.48,0.19,2.13,2.68,0.9,0.97,0.0,0.0,0.82,2.48,0.0,0.0
416,330.53,-0.048135,0.247971,-0.967571,-0.290277,0.347636,-0.891565,-0.18,0.31,0.0,0.1,0.0,0.0,2.44,1.45,0.22,2.08,2.7,0.89,0.97,0.0,0.0,0.85,2.49,0.0,0.0
417,330.57,-0.055264,0.252873,-0.96592,-0.283484,0.357614,-0.889803,-0.181,0.318,0.0,0.12,0.0,0.0,2.47,1.47,0.22,2.1,2.72,0.99,0.91,0.0,0.0,0.88,2.46,0.0,0.0
418,330.6,-0.056314,0.243969,-0.968147,-0.267216,0.342174,-0.90084,-0.171,0.304,0.0,0.05,0.0,0.0,2.49,1.39,0.23,2.05,2.77,1.0,0.94,0.0,0.0,0.87,2.41,0.0,0.0
419,330.63,-0.058785,0.250083,-0.966438,-0.263333,0.3422,-0.901973,-0.171,0.307,0.0,0.05,0.0,0.0,2.52,1.41,0.26,2.11,2.72,1.08,1.0,0.0,0.0,0.83,2.36,0.0,0.0
420,330.67,-0.053095,0.24854,-0.967165,-0.250623,0.306887,-0.918155,-0.16,0.287,0.0,0.03,0.0,0.0,2.52,1.54,0.27,2.15,2.67,1.05,1.09,0.0,0.0,0.8,2.44,0.0,0.0
421,330.7,-0.053581,0.248129,-0.967244,-0.252628,0.305805,-0.917966,-0.161,0.286,0.0,0.02,0.0,0.0,2.53,1.71,0.29,2.21,2.63,1.03,1.08,0.0,0.0,0.79,2.47,0.0,0.0
422,330.73,-0.05265,0.248796,-0.967124,-0.25234,0.306893,-0.917682,-0.16,0.287,0.0,0.0,0.0,0.0,2.51,1.76,0.28,2.22,2.68,1.07,1.01,0.0,0.0,0.75,2.49,0.0,0.0
423,330.77,-0.052321,0.256535,-0.965118,-0.259169,0.31566,-0.912793,-0.164,0.296,0.0,0.0,0.0,0.0,2.52,1.69,0.26,2.23,2.72,1.18,1.05,0.0,0.0,0.73,2.52,0.0,0.0
424,330.8,-0.050322,0.259522,-0.964425,-0.257668,0.307754,-0.915912,-0.162,0.293,0.0,0.0,0.0,0.0,2.51,1.67,0.22,2.26,2.72,1.27,0.95,0.0,0.0,0.7,2.56,0.0,0.0
425,330.83,-0.041551,0.255292,-0.965971,-0.266109,0.307789,-0.913483,-0.162,0.291,0.0,0.0,0.0,0.0,2.52,1.64,0.21,2.26,2.72,1.26,0.93,0.0,0.0,0.74,2.55,0.0,0.0
426,330.87,-0.044145,0.254667,-0.966021,-0.265421,0.304393,-0.914821,-0.163,0.289,0.0,0.0,0.0,0.0,2.52,1.65,0.25,2.22,2.69,1.2,0.84,0.0,0.0,0.77,2.53,0.0,0.0
427,330.9,-0.044025,0.254966,-0.965947,-0.26711,0.309492,-0.912616,-0.164,0.292,0.0,0.0,0.0,0.0,2.49,1.66,0.23,2.16,2.67,1.15,0.89,0.0,0.0,0.8,2.5,0.0,0.0
428,330.93,-0.047593,0.249361,-0.96724,-0.267868,0.305945,-0.913589,-0.166,0.287,0.0,0.0,0.0,0.0,2.46,1.66,0.22,2.08,2.65,1.12,0.88,0.0,0.0,0.79,2.56,0.0,0.0
429,330.97,-0.047689,0.249785,-0.967126,-0.26813,0.308951,-0.9125,-0.166,0.289,0.0,0.0,0.0,0.0,2.43,1.67,0.12,2.12,2.66,1.1,0.8,0.0,0.0,0.66,2.61,0.0,0.0
430,331.0,-0.05114,0.259881,-0.964286,-0.262239,0.324801,-0.9087,-0.166,0.303,0.0,0.0,0.0,0.0,2.37,1.54,0.07,2.15,2.67,1.17,0.84,0.0,0.0,0.53,2.62,0.0,0.01
431,331.03,-0.051865,0.264005,-0.963126,-0.27431,0.344253,-0.897911,-0.174,0.316,0.0,0.05,0.0,0.0,2.27,1.26,0.0,2.22,2.68,1.13,0.76,0.0,0.0,0.38,2.6,0.0,0.01
432,331.07,-0.050764,0.263248,-0.963392,-0.262013,0.33564,-0.904817,-0.166,0.31,0.0,0.12,0.0,0.0,2.17,1.1,0.0,2.18,2.7,1.16,0.73,0.0,0.0,0.35,2.6,0.0,0.01
433,331.1,-0.052912,0.265589,-0.962633,-0.260008,0.33998,-0.903775,-0.166,0.314,0.0,0.26,0.0,0.0,2.13,1.05,0.0,2.13,2.74,1.11,0.6,0.0,0.0,0.35,2.59,0.0,0.0
434,331.13,-0.060416,0.269369,-0.96114,-0.259485,0.342349,-0.903031,-0.17,0.317,0.0,0.21,0.0,0.0,1.99,1.05,0.03,1.91,2.54,0.85,0.64,0.0,0.0,0.25,2.36,0.0,0.0
435,331.17,-0.065883,0.271935,-0.960058,-0.265234,0.348779,-0.898891,-0.176,0.322,0.0,0.17,0.02,0.0,1.7,0.93,0.03,1.67,2.14,0.55,0.75,0.0,0.0,0.14,1.83,0.0,0.0
436,331.2,-0.072554,0.276236,-0.958347,-0.264288,0.348955,-0.899101,-0.179,0.325,0.0,0.2,0.07,0.0,1.38,0.67,0.03,1.46,1.72,0.31,0.87,0.0,0.09,0.0,1.41,0.0,0.0
437,331.23,-0.076644,0.279041,-0.957216,-0.268434,0.347375,-0.898484,-0.184,0.326,0.05,0.27,0.12,0.0,1.19,0.38,0.0,1.33,1.47,0.35,0.94,0.0,0.19,0.0,1.19,0.06,0.0
438,331.27,-0.071576,0.271015,-0.95991,-0.273364,0.350966,-0.895598,-0.184,0.323,0.05,0.23,0.14,0.0,1.15,0.16,0.0,1.25,1.4,0.39,0.96,0.0,0.22,0.0,1.2,0.06,0.02
439,331.3,-0.070091,0.27275,-0.959528,-0.274262,0.350419,-0.895537,-0.184,0.324,0.06,0.14,0.15,0.0,1.16,0.03,0.0,1.18,1.39,0.4,0.88,0.0,0.13,0.0,1.3,0.09,0.02
440,331.33,-0.068262,0.276655,-0.958542,-0.274095,0.353835,-0.894244,-0.183,0.328,0.01,0.15,0.09,0.0,1.11,0.03,0.0,1.13,1.38,0.41,0.86,0.0,0.03,0.0,1.42,0.06,0.02
441,331.37,-0.068878,0.277204,-0.958339,-0.276544,0.35437,-0.893278,-0.184,0.329,0.01,0.24,0.08,0.0,1.05,0.08,0.0,1.06,1.34,0.33,0.77,0.0,0.01,0.0,1.48,0.06,0.0
442,331.4,-0.067573,0.282751,-0.95681,-0.271692,0.357144,-0.893662,-0.181,0.333,0.0,0.17,0.07,0.0,1.0,0.14,0.0,1.06,1.32,0.31,0.79,0.0,0.03,0.0,1.52,0.07,0.0
443,331.43,-0.065296,0.28212,-0.957155,-0.276094,0.351065,-0.894721,-0.182,0.329,0.0,0.13,0.09,0.0,1.0,0.22,0.0,1.08,1.34,0.31,0.8,0.0,0.17,0.0,1.4,0.14,0.0
444,331.47,-0.060288,0.271462,-0.960559,-0.27182,0.345176,-0.898314,-0.177,0.32,0.0,0.04,0.08,0.0,1.01,0.15,0.0,1.14,1.39,0.42,0.82,0.0,0.34,0.0,1.35,0.23,0.0
445,331.5,-0.057352,0.273158,-0.960258,-0.273715,0.345324,-0.897681,-0.176,0.321,0.0,0.13,0.05,0.0,1.01,0.21,0.0,1.07,1.34,0.46,0.76,0.0,0.51,0.0,1.25,0.31,0.0
446,331.53,-0.05627,0.264903,-0.962632,-0.266119,0.345096,-0.90005,-0.171,0.316,0.0,0.19,0.05,0.0,1.03,0.22,0.0,1.03,1.3,0.48,0.76,0.0,0.55,0.0,1.26,0.27,0.0
447,331.57,-0.05716,0.266362,-0.962177,-0.26662,0.344397,-0.900169,-0.172,0.317,0.0,0.19,0.07,0.0,1.11,0.26,0.0,0.92,1.31,0.46,0.62,0.0,0.38,0.0,1.23,0.22,0.0
448,331.6,-0.008371,0.247739,-0.968791,-0.227588,0.362969,-0.90358,-0.125,0.315,0.0,0.1,0.08,0.0,1.17,0.34,0.06,0.94,1.45,0.52,0.43,0.0,0.18,0.0,1.26,0.11,0.0
449,331.63,-0.010509,0.249927,-0.968208,-0.22035,0.364388,-0.904802,-0.123,0.317,0.0,0.0,0.07,0.0,1.28,0.34,0.11,0.89,1.59,0.69,0.21,0.0,0.0,0.0,1.37,0.05,0.0
450,331.67,-0.007359,0.257822,-0.966165,-0.228023,0.364521,-0.902845,-0.125,0.321,0.0,0.02,0.03,0.0,1.34,0.45,0.12,0.9,1.66,0.8,0.16,0.0,0.05,0.02,1.5,0.02,0.0
451,331.7,-0.00645,0.258243,-0.966058,-0.228131,0.368774,-0.901089,-0.125,0.324,0.0,0.02,0.0,0.0,1.36,0.35,0.06,0.9,1.68,0.76,0.19,0.0,0.07,0.05,1.5,0.04,0.0
452,331.73,0.001098,0.255784,-0.966733,-0.234172,0.363146,-0.901825,-0.124,0.32,0.0,0.02,0.0,0.0,1.3,0.48,0.02,0.84,1.65,0.69,0.2,0.0,0.15,0.26,1.21,0.02,0.0
453,331.77,0.008744,0.242378,-0.970143,-0.226211,0.34014,-0.912761,-0.115,0.3,0.0,0.0,0.0,0.0,1.22,0.52,0.01,0.75,1.58,0.8,0.24,0.0,0.18,0.45,1.03,0.16,0.0
454,331.8,-9.5e-05,0.240303,-0.970698,-0.221538,0.324774,-0.91948,-0.117,0.29,0.0,0.0,0.0,0.0,1.12,0.55,0.01,0.65,1.49,0.88,0.33,0.0,0.23,0.61,0.96,0.16,0.0
455,331.83,0.00202,0.240461,-0.970657,-0.219833,0.317487,-0.922429,-0.115,0.287,0.0,0.0,0.07,0.0,1.02,0.52,0.02,0.63,1.43,0.88,0.3,0.0,0.19,0.44,1.06,0.18,0.05
456,331.87,0.009671,0.249944,-0.968212,-0.235176,0.321624,-0.917197,-0.119,0.294,0.0,0.0,0.1,0.0,0.95,0.52,0.02,0.67,1.47,0.7,0.23,0.0,0.12,0.27,1.09,0.04,0.13
457,331.9,0.008772,0.252327,-0.967602,-0.235822,0.327207,-0.915054,-0.12,0.299,0.0,0.0,0.12,0.0,0.92,0.55,0.02,0.67,1.47,0.67,0.1,0.0,0.04,0.1,1.15,0.07,0.13
458,331.93,-0.036653,0.260849,-0.964683,-0.245044,0.307556,-0.919436,-0.148,0.293,0.0,0.0,0.07,0.0,0.94,0.55,0.0,0.73,1.49,0.62,0.06,0.0,0.0,0.1,1.2,0.1,0.08
459,331.97,-0.046837,0.253329,-0.966246,-0.23405,0.298794,-0.925172,-0.147,0.284,0.0,0.0,0.13,0.0,0.89,0.48,0.0,0.73,1.45,0.59,0.06,0.0,0.0,0.07,1.3,0.12,0.0
460,332.0,-0.044923,0.262415,-0.963909,-0.245805,0.293094,-0.923946,-0.153,0.286,0.0,0.0,0.19,0.0,0.86,0.45,0.0,0.71,1.37,0.45,0.14,0.0,0.0,0.09,1.3,0.42,0.0
461,332.03,-0.03528,0.257412,-0.965658,-0.259155,0.336406,-0.905356,-0.156,0.307,0.0,0.0,0.25,0.0,0.8,0.25,0.0,0.66,1.26,0.42,0.28,0.0,0.0,0.21,1.11,0.69,0.0
462,332.07,-0.029434,0.252138,-0.967244,-0.231284,0.296317,-0.926663,-0.137,0.282,0.0,0.0,0.22,0.0,0.78,0.15,0.0,0.67,1.17,0.48,0.46,0.0,0.0,0.37,0.84,0.96,0.0
463,332.1,-0.026622,0.252521,-0.967225,-0.230484,0.298471,-0.926171,-0.135,0.283,0.0,0.0,0.19,0.0,0.76,0.08,0.0,0.71,1.15,0.64,0.53,0.0,0.0,0.48,0.57,0.88,0.0
464,332.13,-0.02833,0.25286,-0.967088,-0.231377,0.300791,-0.925197,-0.136,0.285,0.0,0.0,0.17,0.0,0.75,0.14,0.0,0.7,1.14,0.73,0.52,0.0,0.0,0.56,0.44,0.79,0.01
465,332.17,-0.024258,0.248808,-0.968249,-0.266188,0.341832,-0.901274,-0.154,0.306,0.0,0.0,0.19,0.0,0.76,0.17,0.0,0.6,1.18,0.73,0.46,0.0,0.0,0.43,0.65,0.77,0.07
466,332.2,-0.024964,0.262159,-0.964702,-0.275638,0.336656,-0.900381,-0.16,0.311,0.0,0.0,0.23,0.0,0.75,0.24,0.0,0.57,1.22,0.64,0.35,0.0,0.0,0.34,1.09,0.7,0.07
467,332.23,-0.032365,0.275915,-0.960637,-0.271657,0.327985,-0.904781,-0.162,0.313,0.0,0.0,0.28,0.0,0.72,0.28,0.0,0.48,1.28,0.54,0.22,0.0,0.0,0.23,1.63,0.78,0.06
468,332.27,-0.014559,0.275647,-0.961149,-0.27033,0.322232,-0.907242,-0.151,0.31,0.0,0.0,0.3,0.0,0.71,0.35,0.0,0.49,1.28,0.42,0.09,0.0,0.0,0.34,1.8,0.82,0.0
469,332.3,-0.01443,0.275991,-0.961052,-0.271405,0.328633,-0.904621,-0.152,0.313,0.0,0.0,0.26,0.0,0.67,0.32,0.0,0.48,1.25,0.46,0.02,0.0,0.0,0.51,1.39,0.85,0.02
470,332.33,-0.012046,0.258199,-0.966017,-0.255615,0.324609,-0.910654,-0.142,0.301,0.0,0.0,0.19,0.0,0.66,0.4,0.0,0.52,1.22,0.53,0.02,0.0,0.0,0.6,0.93,0.8,0.02
471,332.37,-0.021754,0.257437,-0.96605,-0.256782,0.331313,-0.907907,-0.148,0.304,0.0,0.0,0.08,0.0,0.67,0.6,0.0,0.54,1.27,0.58,0.14,0.21,0.0,0.77,0.38,0.78,0.04
472,332.4,-0.016122,0.237932,-0.971148,-0.214962,0.268029,-0.939123,-0.12,0.259,0.0,0.0,0.03,0.0,0.72,0.81,0.0,0.56,1.4,0.53,0.14,0.26,0.0,0.56,0.43,0.87,0.06
473,332.43,-0.019805,0.237131,-0.971276,-0.238987,0.308814,-0.920608,-0.136,0.281,0.0,0.0,0.05,0.0,0.83,0.7,0.0,0.61,1.53,0.6,0.29,0.26,0.0,0.34,0.96,0.82,0.1
474,332.47,-0.04008,0.25982,-0.964825,-0.239615,0.32074,-0.916357,-0.148,0.299,0.0,0.0,0.13,0.0,0.91,0.51,0.0,0.68,1.61,0.8,0.35,0.04,0.0,0.03,1.69,0.76,0.18
475,332.5,-0.037111,0.260473,-0.964768,-0.23408,0.315322,-0.919662,-0.143,0.297,0.0,0.0,0.13,0.0,0.97,0.49,0.0,0.68,1.68,1.04,0.44,0.0,0.0,0.0,2.3,0.7,0.17
476,332.53,-0.035938,0.24888,-0.967867,-0.206865,0.278809,-0.937802,-0.127,0.27,0.0,0.0,0.12,0.0,0.97,0.63,0.01,0.75,1.73,1.17,0.39,0.0,0.0,0.0,2.45,0.76,0.13
477,332.57,-0.032363,0.247499,-0.968348,-0.209234,0.282549,-0.936156,-0.126,0.271,0.0,0.0,0.04,0.0,0.92,0.65,0.01,0.8,1.8,1.23,0.2,0.0,0.0,0.07,2.66,0.75,0.03
478,332.6,0.027428,0.187304,-0.981919,-0.151983,0.266064,-0.951899,-0.064,0.23,0.0,0.0,0.04,0.0,0.84,0.46,0.0,0.88,1.85,1.27,0.1,0.0,0.0,0.16,2.68,0.84,0.0
479,332.63,0.041475,0.192209,-0.980477,-0.158101,0.264845,-0.951242,-0.06,0.232,0.0,0.0,0.0,0.0,0.89,0.48,0.0,1.03,1.98,1.2,0.0,0.0,0.0,0.27,2.62,0.9,0.0
480,332.67,0.032579,0.188866,-0.981462,-0.095255,0.208827,-0.973303,-0.032,0.201,0.0,0.0,0.0,0.0,1.01,0.52,0.0,1.15,2.1,1.05,0.0,0.0,0.0,0.2,2.61,1.08,0.0
481,332.7,0.043867,0.192053,-0.980404,-0.088943,0.215046,-0.972545,-0.023,0.206,0.0,0.0,0.0,0.0,1.19,0.53,0.0,1.2,2.17,0.83,0.07,0.0,0.0,0.11,2.7,0.91,0.0
482,332.73,0.047069,0.186292,-0.981366,-0.082983,0.217302,-0.972571,-0.018,0.204,0.0,0.0,0.0,0.0,1.27,0.51,0.0,1.15,2.22,0.77,0.13,0.05,0.0,0.0,2.84,0.81,0.0
483,332.77,0.043436,0.183703,-0.982022,-0.077926,0.210647,-0.974451,-0.018,0.199,0.0,0.0,0.0,0.0,1.29,0.43,0.0,1.17,2.24,0.7,0.24,0.08,0.0,0.0,2.85,0.65,0.0
484,332.8,0.043099,0.183458,-0.982082,-0.076641,0.209155,-0.974874,-0.017,0.198,0.0,0.0,0.0,0.0,1.33,0.47,0.0,1.23,2.3,0.7,0.31,0.23,0.0,0.0,2.77,0.68,0.0
485,332.83,0.058,0.178365,-0.982254,-0.063414,0.199399,-0.977864,-0.003,0.19,0.0,0.0,0.0,0.0,1.38,0.49,0.0,1.25,2.35,0.68,0.36,0.31,0.0,0.0,2.78,0.63,0.0
486,332.87,0.058484,0.175186,-0.982797,-0.064395,0.196419,-0.978403,-0.003,0.187,0.0,0.0,0.0,0.0,1.43,0.58,0.0,1.24,2.37,0.76,0.43,0.39,0.0,0.0,2.77,0.63,0.0
487,332.9,0.054996,0.176607,-0.982744,-0.065069,0.194361,-0.97877,-0.005,0.187,0.0,0.0,0.0,0.0,1.47,0.69,0.0,1.2,2.38,0.76,0.38,0.43,0.03,0.0,2.73,0.6,0.0
488,332.93,0.060575,0.168534,-0.983833,-0.063741,0.199477,-0.977827,-0.002,0.185,0.0,0.0,0.0,0.0,1.49,0.73,0.0,1.21,2.36,0.79,0.4,0.49,0.1,0.0,2.57,0.58,0.0
489,332.97,0.053316,0.164356,-0.984959,-0.069233,0.197648,-0.977825,-0.008,0.182,0.0,0.0,0.0,0.0,1.58,0.92,0.0,1.22,2.36,0.73,0.3,0.64,0.18,0.0,2.48,0.62,0.0
490,333.0,0.060189,0.161315,-0.985066,-0.074248,0.203986,-0.976154,-0.007,0.184,0.0,0.0,0.0,0.0,1.65,1.06,0.0,1.27,2.38,0.71,0.27,0.69,0.22,0.0,2.43,0.68,0.0
491,333.03,0.060639,0.162621,-0.984824,-0.076402,0.203377,-0.976115,-0.008,0.185,0.0,0.0,0.0,0.0,1.71,1.16,0.0,1.29,2.36,0.68,0.14,0.67,0.19,0.0,2.45,0.68,0.0
492,333.07,0.059268,0.157489,-0.985741,-0.071311,0.195364,-0.978135,-0.006,0.178,0.0,0.0,0.0,0.0,1.7,1.11,0.0,1.28,2.33,0.7,0.08,0.6,0.19,0.0,2.42,0.68,0.0
493,333.1,0.06439,0.155864,-0.985678,-0.072401,0.197454,-0.977635,-0.004,0.178,0.0,0.0,0.0,0.0,1.71,1.09,0.0,1.25,2.28,0.74,0.05,0.56,0.24,0.0,2.39,0.62,0.0
494,333.13,0.063636,0.161587,-0.984805,-0.075057,0.198833,-0.977155,-0.006,0.182,0.0,0.0,0.04,0.0,1.71,1.13,0.0,1.23,2.27,0.79,0.12,0.57,0.31,0.0,2.44,0.7,0.0
495,333.17,0.062511,0.16519,-0.984279,-0.071324,0.194979,-0.978211,-0.004,0.182,0.0,0.0,0.1,0.0,1.72,1.18,0.0,1.25,2.27,0.82,0.23,0.57,0.34,0.0,2.47,0.69,0.0
496,333.2,0.061617,0.166588,-0.9841,-0.071948,0.198128,-0.977532,-0.005,0.184,0.0,0.0,0.2,0.0,1.6,1.22,0.0,1.25,2.13,0.82,0.24,0.67,0.32,0.0,2.15,0.78,0.0
497,333.23,0.064381,0.159521,-0.985093,-0.074802,0.208529,-0.975151,-0.005,0.186,0.0,0.0,0.2,0.0,1.45,1.26,0.0,1.22,1.94,0.89,0.26,1.01,0.36,0.0,1.71,0.79,0.0
498,333.27,0.063056,0.150364,-0.986618,-0.065572,0.222057,-0.972826,-0.001,0.188,0.0,0.0,0.18,0.0,1.3,1.28,0.0,1.2,1.74,0.96,0.24,1.39,0.38,0.0,1.24,0.8,0.0
499,333.3,0.062836,0.150587,-0.986598,-0.063588,0.22312,-0.972715,-0.0,0.188,0.0,0.0,0.13,0.0,1.24,1.21,0.0,1.18,1.67,0.9,0.4,1.5,0.39,0.0,1.19,0.85,0.0
500,333.33,0.049885,0.158784,-0.986052,-0.078458,0.214236,-0.973626,-0.015,0.188,0.0,0.0,0.16,0.0,1.22,1.11,0.0,1.22,1.66,0.82,0.52,1.41,0.38,0.0,1.19,0.97,0.0
501,333.37,0.049334,0.156371,-0.986466,-0.079605,0.212985,-0.973807,-0.015,0.186,0.0,0.0,0.11,0.0,1.2,1.02,0.0,1.23,1.65,0.64,0.5,1.2,0.43,0.0,1.14,1.01,0.0
502,333.4,0.042367,0.163232,-0.985678,-0.072878,0.218419,-0.97313,-0.016,0.192,0.01,0.0,0.21,0.0,1.21,1.07,0.0,1.22,1.61,0.72,0.31,1.14,0.37,0.0,1.08,0.97,0.0
503,333.43,0.102599,0.223373,-0.969318,-0.112364,0.253474,-0.960794,-0.005,0.242,0.06,0.0,0.37,0.0,1.18,1.22,0.0,1.19,1.58,0.75,0.09,1.17,0.34,0.0,1.01,0.88,0.08
504,333.47,0.139656,0.247055,-0.958885,-0.148767,0.289705,-0.945484,-0.005,0.275,0.06,0.0,0.54,0.0,1.13,1.34,0.0,1.16,1.54,0.92,0.0,1.24,0.23,0.0,1.07,0.84,0.11
505,333.5,0.141447,0.242717,-0.95973,-0.149338,0.291236,-0.944923,-0.004,0.273,0.05,0.0,0.61,0.0,1.14,1.47,0.0,1.19,1.54,0.94,0.0,1.27,0.21,0.0,1.09,0.91,0.19
506,333.53,0.169639,0.249667,-0.953357,-0.192907,0.325621,-0.925612,-0.012,0.297,0.0,0.0,0.6,0.0,1.14,1.5,0.03,1.23,1.54,0.95,0.0,1.23,0.15,0.0,1.18,0.97,0.14
507,333.57,0.17269,0.24535,-0.953929,-0.194277,0.319537,-0.927444,-0.011,0.292,0.0,0.0,0.61,0.0,1.18,1.58,0.03,1.27,1.61,0.88,0.0,1.17,0.11,0.0,1.3,0.98,0.25
508,333.6,0.188584,0.254997,-0.948374,-0.176103,0.330313,-0.927298,0.007,0.302,0.0,0.0,0.52,0.0,1.19,1.5,0.02,1.3,1.69,0.85,0.0,1.14,0.11,0.0,1.37,0.88,0.23
509,333.63,0.189865,0.268225,-0.944461,-0.171861,0.30091,-0.938039,0.01,0.294,0.04,0.0,0.45,0.0,1.2,1.47,0.0,1.36,1.71,0.88,0.0,1.08,0.05,0.0,1.41,0.81,0.25
510,333.67,0.188056,0.253743,-0.948815,-0.172992,0.312528,-0.934024,0.008,0.292,0.08,0.0,0.41,0.0,1.19,1.48,0.0,1.42,1.67,0.94,0.0,1.04,0.04,0.0,1.39,0.84,0.19
511,333.7,0.185802,0.250415,-0.950142,-0.169235,0.298683,-0.939227,0.009,0.283,0.08,0.0,0.37,0.0,1.17,1.7,0.0,1.45,1.62,0.94,0.0,1.03,0.0,0.0,1.46,1.03,0.23
512,333.73,0.190132,0.251979,-0.948871,-0.164768,0.285514,-0.944104,0.013,0.277,0.04,0.0,0.36,0.0,1.15,1.8,0.0,1.43,1.65,0.85,0.0,1.02,0.0,0.0,1.56,1.2,0.3
513,333.77,0.193108,0.249893,-0.948822,-0.177235,0.310034,-0.934059,0.008,0.289,0.0,0.0,0.34,0.0,1.12,1.72,0.02,1.4,1.61,0.86,0.0,1.1,0.0,0.0,1.58,1.34,0.35
514,333.8,0.201125,0.253589,-0.946172,-0.171544,0.30011,-0.938353,0.016,0.286,0.0,0.0,0.37,0.0,1.17,1.6,0.02,1.28,1.57,0.91,0.0,1.41,0.04,0.0,1.43,1.34,0.25
515,333.83,0.117476,0.194636,-0.973815,-0.156561,0.274009,-0.948898,-0.02,0.239,0.0,0.0,0.35,0.0,1.25,1.46,0.02,1.23,1.5,0.81,0.12,1.57,0.13,0.0,1.23,1.3,0.12
516,333.87,0.055005,0.168202,-0.984217,-0.082648,0.220955,-0.971776,-0.014,0.196,0.0,0.0,0.3,0.0,1.35,1.43,0.0,1.15,1.51,0.63,0.23,1.68,0.21,0.0,1.12,1.26,0.0
517,333.9,0.054935,0.169825,-0.983942,-0.082603,0.220662,-0.971846,-0.014,0.197,0.0,0.0,0.24,0.0,1.42,1.36,0.0,1.22,1.56,0.58,0.32,1.6,0.26,0.0,1.11,1.24,0.0
518,333.93,0.04679,0.154816,-0.986835,-0.080628,0.219074,-0.972371,-0.017,0.189,0.0,0.0,0.19,0.0,1.47,1.41,0.03,1.26,1.62,0.63,0.28,1.61,0.29,0.0,1.1,1.22,0.0
519,333.97,0.045088,0.155554,-0.986798,-0.080989,0.219871,-0.972161,-0.018,0.189,0.0,0.0,0.18,0.0,1.52,1.29,0.06,1.29,1.67,0.69,0.27,1.54,0.37,0.0,1.13,1.11,0.0
520,334.0,0.04563,0.144687,-0.988425,-0.083149,0.212088,-0.973707,-0.019,0.18,0.0,0.0,0.16,0.0,1.51,1.08,0.08,1.25,1.69,0.72,0.26,1.44,0.45,0.0,1.24,0.9,0.0
521,334.03,0.046698,0.135787,-0.989637,-0.090097,0.211252,-0.97327,-0.022,0.175,0.0,0.0,0.12,0.0,1.57,1.01,0.09,1.26,1.72,0.78,0.29,1.46,0.38,0.0,1.38,0.77,0.0
522,334.07,0.055436,0.144302,-0.98798,-0.083565,0.206574,-0.974856,-0.014,0.177,0.0,0.0,0.05,0.0,1.64,1.09,0.09,1.27,1.72,0.82,0.27,1.53,0.32,0.0,1.45,0.73,0.0
523,334.1,0.054953,0.14227,-0.988301,-0.087597,0.205982,-0.974627,-0.017,0.176,0.0,0.0,0.02,0.0,1.75,1.26,0.15,1.34,1.77,0.86,0.25,1.66,0.24,0.0,1.53,0.8,0.0
524,334.13,0.053044,0.13994,-0.988738,-0.094051,0.199589,-0.975356,-0.021,0.171,0.0,0.0,0.03,0.0,1.78,1.27,0.23,1.35,1.79,0.86,0.26,1.69,0.21,0.0,1.54,0.8,0.0
525,334.17,0.054737,0.13171,-0.989776,-0.099943,0.199399,-0.974809,-0.023,0.167,0.0,0.0,0.12,0.0,1.83,1.45,0.38,1.46,1.79,0.88,0.26,1.71,0.22,0.0,1.44,0.79,0.0
526,334.2,0.062311,0.135579,-0.988805,-0.111346,0.21336,-0.970608,-0.025,0.176,0.0,0.0,0.19,0.0,1.83,1.46,0.41,1.51,1.76,0.84,0.37,1.57,0.23,0.0,1.42,0.74,0.0
527,334.23,0.06643,0.128152,-0.989527,-0.122484,0.206236,-0.970806,-0.029,0.169,0.0,0.0,0.33,0.0,1.87,1.49,0.37,1.53,1.81,0.92,0.48,1.47,0.35,0.0,1.37,0.72,0.0
528,334.27,0.072227,0.120633,-0.990066,-0.131624,0.187568,-0.973393,-0.03,0.156,0.0,0.0,0.33,0.0,1.86,1.34,0.26,1.47,1.89,1.01,0.62,1.41,0.39,0.0,1.5,0.61,0.0
529,334.3,0.069177,0.115826,-0.990858,-0.133617,0.18185,-0.974206,-0.033,0.15,0.0,0.0,0.36,0.0,1.91,1.36,0.23,1.46,1.98,1.15,0.59,1.52,0.35,0.0,1.39,0.5,0.0
530,334.33,0.063999,0.116718,-0.991101,-0.146589,0.166242,-0.975128,-0.042,0.143,0.0,0.0,0.41,0.0,1.86,1.34,0.19,1.46,2.03,1.14,0.69,1.57,0.4,0.0,1.45,0.4,0.0
531,334.37,0.046956,0.12007,-0.991654,-0.149156,0.165882,-0.9748,-0.052,0.144,0.0,0.0,0.43,0.0,1.8,1.18,0.21,1.48,2.05,0.96,0.7,1.49,0.26,0.0,1.34,0.26,0.0
532,334.4,0.027564,0.129724,-0.991167,-0.166797,0.153564,-0.973959,-0.071,0.143,0.0,0.0,0.55,0.0,1.63,0.96,0.2,1.51,2.03,0.79,0.73,1.3,0.2,0.0,1.3,0.16,0.0
533,334.43,0.030355,0.123949,-0.991824,-0.193663,0.139077,-0.97116,-0.083,0.133,0.0,0.0,0.6,0.0,1.54,0.95,0.16,1.44,1.98,0.62,0.51,1.03,0.0,0.0,1.1,0.02,0.0
534,334.47,0.004139,0.143928,-0.989579,-0.224391,0.154333,-0.962201,-0.112,0.152,0.0,0.0,0.69,0.0,1.48,1.06,0.06,1.29,1.97,0.6,0.41,0.8,0.0,0.0,0.97,0.0,0.0
535,334.5,-0.000866,0.155756,-0.987795,-0.2199,0.159533,-0.962389,-0.113,0.16,0.0,0.0,0.69,0.0,1.47,0.98,0.0,1.2,1.96,0.61,0.33,0.57,0.0,0.0,0.88,0.0,0.0
536,334.53,-0.021026,0.152218,-0.988123,-0.231536,0.158684,-0.959797,-0.129,0.158,0.0,0.0,0.61,0.0,1.48,0.75,0.0,1.2,2.01,0.62,0.26,0.41,0.0,0.0,0.97,0.0,0.0
537,334.57,-0.02929,0.145557,-0.988916,-0.219374,0.153366,-0.963511,-0.127,0.152,0.0,0.0,0.56,0.0,1.53,0.67,0.0,1.25,1.98,0.66,0.25,0.31,0.0,0.0,1.15,0.0,0.0
538,334.6,-0.035621,0.159509,-0.986554,-0.250675,0.152119,-0.956045,-0.146,0.159,0.0,0.0,0.49,0.0,1.62,0.71,0.0,1.29,2.0,0.59,0.2,0.18,0.0,0.0,1.4,0.0,0.0
539,334.63,-0.057835,0.164558,-0.98467,-0.238997,0.149449,-0.95945,-0.152,0.16,0.0,0.0,0.42,0.0,1.71,0.83,0.02,1.35,2.01,0.64,0.15,0.08,0.0,0.0,1.6,0.0,0.0
540,334.67,-0.076386,0.167677,-0.982878,-0.266491,0.161865,-0.950148,-0.176,0.169,0.0,0.0,0.42,0.0,1.76,0.89,0.02,1.43,2.11,0.67,0.05,0.0,0.0,0.0,1.72,0.0,0.0
541,334.7,-0.075445,0.167998,-0.982896,-0.26791,0.159833,-0.950094,-0.176,0.168,0.0,0.0,0.33,0.0,1.8,0.89,0.03,1.46,2.2,0.61,0.0,0.0,0.0,0.0,1.95,0.0,0.0
542,334.73,-0.075279,0.172734,-0.982088,-0.292731,0.159303,-0.942831,-0.189,0.171,0.0,0.0,0.29,0.0,1.83,0.89,0.06,1.47,2.27,0.55,0.0,0.0,0.0,0.0,2.17,0.0,0.0
543,334.77,-0.072104,0.174669,-0.981983,-0.283571,0.157581,-0.945915,-0.182,0.171,0.0,0.0,0.13,0.0,1.91,0.81,0.07,1.54,2.38,0.46,0.0,0.0,0.0,0.0,2.24,0.0,0.0
544,334.8,-0.080679,0.18065,-0.980233,-0.294621,0.159914,-0.942139,-0.193,0.175,0.0,0.0,0.06,0.0,2.07,0.98,0.12,1.73,2.54,0.61,0.0,0.0,0.0,0.0,2.15,0.0,0.0
545,334.83,-0.066034,0.130371,-0.989264,-0.330121,0.144322,-0.93284,-0.203,0.142,0.0,0.0,0.0,0.0,2.19,1.02,0.18,1.92,2.68,0.69,0.12,0.0,0.0,0.0,2.13,0.0,0.0
546,334.87,-0.088827,0.153069,-0.984215,-0.322243,0.167541,-0.931713,-0.211,0.166,0.0,0.0,0.0,0.0,2.24,1.14,0.25,2.01,2.73,0.75,0.13,0.0,0.0,0.0,2.27,0.0,0.0
547,334.9,-0.085863,0.159513,-0.983455,-0.321592,0.170172,-0.931461,-0.21,0.17,0.0,0.0,0.0,0.0,2.22,1.08,0.3,2.03,2.68,0.76,0.17,0.0,0.0,0.0,2.38,0.0,0.0
548,334.93,-0.088876,0.146884,-0.985153,-0.335877,0.157079,-0.928716,-0.218,0.158,0.0,0.0,0.0,0.0,2.18,0.96,0.21,2.06,2.71,0.8,0.2,0.0,0.0,0.0,2.21,0.0,0.0
549,334.97,-0.100686,0.15467,-0.982822,-0.326838,0.177288,-0.928303,-0.22,0.172,0.0,0.0,0.0,0.0,2.15,0.8,0.2,2.11,2.73,0.82,0.32,0.0,0.0,0.04,2.08,0.0,0.0
550,335.0,-0.103765,0.157682,-0.982023,-0.323453,0.175797,-0.929771,-0.22,0.173,0.0,0.0,0.01,0.0,2.08,0.83,0.12,2.12,2.76,0.8,0.34,0.0,0.0,0.08,1.96,0.0,0.0
551,335.03,-0.113799,0.165044,-0.979699,-0.330626,0.18408,-0.925636,-0.229,0.181,0.0,0.0,0.05,0.0,2.08,0.86,0.18,2.09,2.74,0.68,0.27,0.0,0.0,0.08,2.08,0.0,0.0
552,335.07,-0.110546,0.17619,-0.978129,-0.313848,0.180765,-0.932107,-0.219,0.185,0.0,0.0,0.13,0.0,2.09,0.95,0.17,2.09,2.75,0.64,0.23,0.0,0.0,0.04,2.11,0.0,0.0
553,335.1,-0.110695,0.180397,-0.977345,-0.315966,0.180857,-0.931373,-0.22,0.187,0.0,0.0,0.16,0.0,2.14,0.86,0.22,2.04,2.77,0.68,0.24,0.0,0.0,0.0,2.16,0.0,0.0
554,335.13,-0.132285,0.17144,-0.976273,-0.305152,0.186943,-0.933774,-0.225,0.185,0.0,0.0,0.25,0.0,2.18,0.96,0.26,2.1,2.78,0.76,0.26,0.0,0.0,0.0,2.1,0.0,0.0
555,335.17,-0.132609,0.191455,-0.972502,-0.293171,0.184808,-0.938028,-0.219,0.194,0.0,0.0,0.33,0.0,2.24,1.09,0.31,2.12,2.78,0.83,0.28,0.0,0.0,0.0,2.13,0.0,0.0
556,335.2,-0.134091,0.190112,-0.972562,-0.288117,0.183874,-0.939776,-0.217,0.193,0.0,0.0,0.35,0.0,2.3,1.24,0.41,2.21,2.73,0.85,0.36,0.0,0.0,0.0,2.25,0.0,0.0
557,335.23,-0.106663,0.194571,-0.975072,-0.272193,0.18737,-0.943824,-0.195,0.196,0.0,0.0,0.24,0.0,2.34,1.27,0.49,2.23,2.7,0.84,0.42,0.0,0.0,0.0,2.42,0.0,0.0
558,335.27,-0.103254,0.200596,-0.974218,-0.247433,0.186549,-0.950777,-0.18,0.198,0.0,0.0,0.13,0.0,2.35,1.16,0.57,2.3,2.7,0.87,0.49,0.0,0.0,0.0,2.53,0.0,0.0
559,335.3,-0.10327,0.20403,-0.973502,-0.243185,0.185498,-0.952077,-0.178,0.2,0.0,0.0,0.19,0.0,2.35,1.32,0.65,2.37,2.72,0.87,0.57,0.0,0.0,0.0,2.46,0.0,0.0
560,335.33,-0.086973,0.20324,-0.975259,-0.242214,0.203211,-0.948703,-0.169,0.208,0.0,0.0,0.24,0.0,2.38,1.46,0.67,2.42,2.66,0.94,0.61,0.0,0.0,0.0,2.38,0.0,0.0
561,335.37,-0.080334,0.196677,-0.977172,-0.230123,0.204904,-0.951345,-0.16,0.205,0.0,0.0,0.36,0.0,2.43,1.65,0.78,2.31,2.57,0.98,0.66,0.0,0.0,0.0,2.38,0.0,0.0
562,335.4,-0.073496,0.208225,-0.975316,-0.228277,0.207192,-0.951294,-0.155,0.212,0.0,0.0,0.36,0.0,2.47,1.62,0.79,2.2,2.52,1.07,0.66,0.0,0.0,0.0,2.43,0.0,0.0
563,335.43,-0.069998,0.208916,-0.975425,-0.226861,0.205066,-0.952093,-0.153,0.212,0.0,0.0,0.33,0.0,2.48,1.61,0.86,2.12,2.52,1.07,0.53,0.01,0.0,0.0,2.47,0.0,0.0
564,335.47,-0.049842,0.218439,-0.974577,-0.205721,0.215853,-0.954508,-0.132,0.221,0.0,0.0,0.22,0.0,2.45,1.49,0.83,2.16,2.54,1.11,0.42,0.04,0.0,0.0,2.4,0.0,0.0
565,335.5,-0.045686,0.21815,-0.974845,-0.194232,0.215915,-0.956898,-0.124,0.221,0.0,0.0,0.18,0.0,2.43,1.52,0.93,2.22,2.54,1.1,0.35,0.07,0.0,0.0,2.34,0.0,0.0
566,335.53,-0.014701,0.223164,-0.97467,-0.193172,0.222099,-0.955697,-0.107,0.227,0.0,0.0,0.23,0.0,2.44,1.71,0.99,2.21,2.51,1.14,0.36,0.07,0.0,0.0,2.24,0.0,0.0
567,335.57,0.001994,0.229786,-0.973239,-0.178378,0.227735,-0.957245,-0.091,0.233,0.0,0.0,0.25,0.0,2.48,1.91,1.02,2.25,2.49,1.19,0.45,0.04,0.0,0.0,2.18,0.0,0.0
568,335.6,0.003438,0.233185,-0.972426,-0.167375,0.230017,-0.958685,-0.085,0.235,0.0,0.0,0.18,0.0,2.56,2.06,1.03,2.18,2.47,1.08,0.42,0.0,0.0,0.0,2.21,0.0,0.0
569,335.63,0.044834,0.234293,-0.971132,-0.159286,0.236508,-0.958484,-0.059,0.239,0.0,0.0,0.11,0.0,2.57,2.09,0.97,2.17,2.49,1.14,0.51,0.0,0.0,0.0,2.22,0.0,0.0
570,335.67,0.060155,0.236846,-0.969683,-0.128764,0.236249,-0.963123,-0.035,0.24,0.0,0.0,0.07,0.0,2.57,2.15,0.96,2.1,2.51,1.08,0.51,0.0,0.0,0.0,2.13,0.0,0.0
571,335.7,0.057234,0.235855,-0.970101,-0.128625,0.234811,-0.963493,-0.037,0.239,0.0,0.0,0.07,0.0,2.55,2.11,0.94,2.06,2.51,1.14,0.45,0.02,0.0,0.0,2.03,0.0,0.0
572,335.73,0.090167,0.240934,-0.966344,-0.120995,0.238378,-0.963606,-0.016,0.243,0.0,0.0,0.13,0.0,2.49,1.96,0.97,2.05,2.52,1.11,0.44,0.02,0.0,0.0,1.97,0.0,0.0
573,335.77,0.101986,0.245369,-0.96405,-0.099591,0.24134,-0.965317,0.001,0.247,0.0,0.0,0.13,0.0,2.45,1.76,1.02,2.0,2.48,1.13,0.41,0.04,0.0,0.0,2.0,0.0,0.0
574,335.8,0.11895,0.249454,-0.961053,-0.103887,0.246012,-0.963683,0.008,0.252,0.0,0.0,0.13,0.0,2.44,1.52,1.02,2.05,2.47,1.11,0.42,0.02,0.0,0.0,2.09,0.0,0.0
575,335.83,0.128702,0.242404,-0.961601,-0.108839,0.259487,-0.959594,0.01,0.256,0.0,0.0,0.14,0.0,2.44,1.45,0.99,1.97,2.43,1.05,0.42,0.03,0.0,0.0,2.05,0.0,0.0
576,335.87,0.173379,0.253615,-0.95164,-0.058804,0.253078,-0.965657,0.06,0.258,0.0,0.0,0.17,0.0,2.44,1.55,0.98,1.98,2.4,1.03,0.31,0.01,0.0,0.0,1.93,0.0,0.0
577,335.9,0.176756,0.253478,-0.951055,-0.054861,0.253561,-0.965762,0.064,0.259,0.0,0.0,0.22,0.0,2.38,1.73,0.94,1.96,2.43,1.07,0.28,0.02,0.0,0.0,1.75,0.0,0.0
578,335.93,0.198592,0.255542,-0.946182,-0.040614,0.257236,-0.965495,0.082,0.262,0.0,0.0,0.13,0.0,2.36,1.79,0.91,2.01,2.47,1.05,0.2,0.03,0.0,0.0,1.74,0.0,0.0
579,335.97,0.195899,0.233228,-0.952485,-0.038169,0.252143,-0.966937,0.082,0.248,0.0,0.0,0.05,0.0,2.35,1.79,0.88,1.93,2.52,0.94,0.15,0.08,0.0,0.0,1.79,0.0,0.0
580,336.0,0.213756,0.218228,-0.9522,-0.019403,0.253351,-0.96718,0.101,0.241,0.0,0.0,0.0,0.0,2.33,1.71,0.8,1.81,2.56,0.83,0.16,0.13,0.0,0.0,1.87,0.0,0.0
581,336.03,0.213209,0.227304,-0.950197,0.022563,0.250119,-0.967952,0.122,0.244,0.0,0.0,0.0,0.0,2.34,1.6,0.72,1.71,2.6,0.72,0.13,0.14,0.0,0.0,1.98,0.0,0.0
582,336.07,0.22127,0.231576,-0.947318,0.036331,0.255645,-0.966088,0.134,0.249,0.0,0.0,0.0,0.0,2.31,1.51,0.64,1.7,2.65,0.65,0.13,0.18,0.0,0.0,2.04,0.0,0.0
583,336.1,0.222705,0.229693,-0.947441,0.034435,0.255475,-0.966202,0.134,0.248,0.0,0.0,0.04,0.0,2.32,1.54,0.62,1.7,2.66,0.59,0.1,0.22,0.0,0.0,2.14,0.0,0.0
584,336.13,0.217144,0.238116,-0.946652,0.054482,0.24635,-0.967648,0.141,0.248,0.0,0.0,0.05,0.0,2.34,1.63,0.66,1.69,2.69,0.54,0.05,0.29,0.0,0.0,2.17,0.0,0.0
585,336.17,0.229906,0.225059,-0.946833,0.05743,0.243575,-0.96818,0.149,0.24,0.0,0.0,0.05,0.0,2.31,1.55,0.69,1.63,2.69,0.48,0.13,0.32,0.0,0.0,2.27,0.0,0.0
586,336.2,0.222004,0.226172,-0.948452,0.049893,0.238064,-0.969967,0.141,0.237,0.0,0.0,0.01,0.0,2.28,1.42,0.64,1.55,2.68,0.43,0.09,0.36,0.0,0.0,2.3,0.0,0.0
587,336.23,0.252313,0.215859,-0.943262,0.025949,0.24982,-0.967945,0.145,0.239,0.0,0.0,0.0,0.0,2.25,1.28,0.56,1.51,2.61,0.42,0.14,0.4,0.0,0.0,2.44,0.0,0.0
588,336.27,0.250226,0.213896,-0.944265,0.029152,0.246804,-0.968627,0.145,0.236,0.0,0.0,0.03,0.0,2.27,1.27,0.5,1.54,2.59,0.46,0.1,0.42,0.0,0.0,2.56,0.0,0.0
589,336.3,0.253119,0.210311,-0.944299,0.02998,0.243456,-0.969448,0.147,0.233,0.0,0.0,0.04,0.0,2.27,1.27,0.49,1.6,2.57,0.54,0.15,0.56,0.0,0.0,2.49,0.0,0.0
590,336.33,0.27907,0.215807,-0.935707,0.029537,0.277242,-0.960346,0.161,0.254,0.0,0.0,0.15,0.0,2.26,1.3,0.49,1.62,2.6,0.58,0.1,0.7,0.0,0.0,2.44,0.0,0.0
591,336.37,0.405387,0.232586,-0.884061,0.002542,0.319374,-0.947625,0.219,0.293,0.0,0.0,0.2,0.0,2.28,1.41,0.51,1.61,2.64,0.66,0.17,0.84,0.06,0.0,2.29,0.0,0.0
592,336.4,0.401193,0.218652,-0.889514,-0.00166,0.320692,-0.947182,0.214,0.286,0.0,0.0,0.34,0.0,2.29,1.52,0.61,1.66,2.67,0.68,0.25,0.87,0.14,0.0,2.29,0.0,0.0
593,336.43,0.414892,0.216705,-0.883687,0.006245,0.313258,-0.949648,0.226,0.281,0.0,0.0,0.41,0.0,2.33,1.66,0.66,1.67,2.65,0.72,0.4,0.9,0.2,0.0,2.27,0.03,0.02
594,336.47,0.408016,0.216685,-0.886888,0.004369,0.307676,-0.951481,0.221,0.278,0.0,0.0,0.5,0.0,2.33,1.54,0.65,1.75,2.63,0.7,0.38,0.91,0.2,0.0,2.35,0.07,0.12
595,336.5,0.407132,0.212116,-0.888398,0.005525,0.305658,-0.952125,0.221,0.274,0.0,0.0,0.54,0.0,2.32,1.44,0.59,1.77,2.64,0.65,0.46,0.89,0.13,0.0,2.5,0.07,0.18
596,336.53,0.413298,0.207257,-0.886696,0.02173,0.296695,-0.954725,0.232,0.267,0.0,0.0,0.54,0.0,2.33,1.45,0.6,1.81,2.69,0.66,0.5,0.85,0.07,0.0,2.47,0.04,0.27
597,336.57,0.417889,0.198158,-0.886624,0.021949,0.307943,-0.951152,0.235,0.269,0.0,0.0,0.61,0.0,2.36,1.62,0.58,1.77,2.72,0.58,0.61,0.92,0.06,0.0,2.42,0.0,0.22
598,336.6,0.422711,0.199029,-0.884139,0.016709,0.318921,-0.947634,0.235,0.276,0.0,0.0,0.59,0.0,2.36,1.73,0.56,1.73,2.75,0.45,0.59,0.94,0.05,0.0,2.29,0.0,0.22
599,336.63,0.40787,0.196015,-0.891751,0.01781,0.32448,-0.945725,0.228,0.276,0.0,0.0,0.48,0.0,2.38,1.73,0.51,1.72,2.79,0.25,0.55,0.9,0.06,0.0,2.24,0.0,0.18
600,336.67,0.388329,0.192962,-0.901092,0.002346,0.327727,-0.94477,0.209,0.275,0.0,0.0,0.31,0.0,2.42,1.75,0.5,1.8,2.84,0.1,0.48,0.72,0.01,0.0,2.21,0.0,0.13
601,336.7,0.39107,0.188205,-0.900912,-0.001326,0.32493,-0.945737,0.208,0.271,0.0,0.0,0.21,0.0,2.46,1.86,0.47,1.86,2.88,0.05,0.47,0.61,0.01,0.0,2.21,0.0,0.06
602,336.73,0.38271,0.191675,-0.903766,-0.002656,0.325693,-0.945472,0.203,0.273,0.0,0.0,0.18,0.0,2.45,1.89,0.47,1.92,2.88,0.05,0.49,0.56,0.0,0.0,2.25,0.0,0.0
603,336.77,0.379,0.197129,-0.904156,0.000993,0.328844,-0.944384,0.203,0.277,0.0,0.0,0.22,0.0,2.39,1.89,0.49,1.92,2.87,0.05,0.5,0.62,0.0,0.0,2.29,0.0,0.0
604,336.8,0.382354,0.204381,-0.901129,-0.012709,0.336618,-0.941556,0.198,0.286,0.0,0.0,0.22,0.0,2.4,2.0,0.57,2.0,2.88,0.05,0.5,0.6,0.0,0.0,2.32,0.0,0.0
605,336.83,0.367697,0.19916,-0.908369,-0.038445,0.333448,-0.941984,0.176,0.28,0.0,0.0,0.22,0.0,2.4,2.07,0.61,2.03,2.9,0.05,0.48,0.61,0.0,0.0,2.27,0.0,0.0
606,336.87,0.357992,0.195144,-0.913105,-0.048471,0.336622,-0.940392,0.165,0.279,0.0,0.0,0.15,0.0,2.42,2.12,0.62,2.06,2.9,0.08,0.49,0.56,0.02,0.0,2.2,0.0,0.0
607,336.9,0.357649,0.195457,-0.913172,-0.056129,0.336661,-0.939951,0.161,0.28,0.0,0.0,0.08,0.0,2.41,2.03,0.57,2.01,2.91,0.11,0.46,0.6,0.02,0.0,2.22,0.0,0.0
608,336.93,0.34627,0.196966,-0.917225,-0.101798,0.359908,-0.927418,0.132,0.293,0.0,0.0,0.04,0.0,2.4,1.94,0.56,2.01,2.85,0.17,0.41,0.57,0.02,0.02,2.24,0.0,0.0
609,336.97,0.36022,0.192478,-0.912794,-0.074218,0.353623,-0.932439,0.154,0.288,0.0,0.0,0.06,0.0,2.39,1.92,0.57,1.99,2.81,0.23,0.38,0.49,0.0,0.02,2.19,0.0,0.0
610,337.0,0.345615,0.204521,-0.915817,-0.086597,0.352745,-0.931704,0.139,0.293,0.0,0.0,0.12,0.0,2.38,1.85,0.64,2.01,2.76,0.27,0.38,0.35,0.0,0.02,2.1,0.0,0.0
611,337.03,0.285195,0.215018,-0.93404,-0.098487,0.337439,-0.936181,0.1,0.287,0.0,0.0,0.25,0.0,2.39,1.94,0.68,1.99,2.77,0.17,0.38,0.27,0.0,0.0,2.06,0.0,0.0
612,337.07,0.276474,0.209419,-0.937926,-0.094786,0.324729,-0.941046,0.096,0.277,0.0,0.0,0.29,0.0,2.38,1.97,0.74,2.0,2.78,0.08,0.39,0.29,0.0,0.0,2.08,0.0,0.0
613,337.1,0.279444,0.203406,-0.938369,-0.097354,0.325851,-0.940396,0.097,0.275,0.0,0.0,0.3,0.0,2.36,2.01,0.7,1.95,2.7,0.0,0.29,0.25,0.0,0.04,2.05,0.0,0.0
614,337.13,0.278798,0.210331,-0.937034,-0.094016,0.330101,-0.939252,0.098,0.28,0.0,0.0,0.16,0.0,2.34,1.82,0.67,1.87,2.6,0.0,0.22,0.25,0.0,0.06,2.02,0.0,0.0
615,337.17,0.231702,0.217355,-0.948194,-0.047693,0.281433,-0.958395,0.096,0.256,0.0,0.0,0.1,0.0,2.34,1.7,0.6,1.77,2.5,0.0,0.13,0.22,0.0,0.09,2.01,0.0,0.0
616,337.2,0.199753,0.210538,-0.95696,-0.038536,0.266553,-0.96305,0.084,0.244,0.0,0.0,0.08,0.0,2.35,1.49,0.59,1.74,2.47,0.06,0.13,0.26,0.0,0.08,1.99,0.0,0.0
617,337.23,0.186155,0.217746,-0.958088,-0.047501,0.292677,-0.955031,0.072,0.261,0.0,0.0,0.08,0.0,2.31,1.31,0.55,1.77,2.46,0.06,0.24,0.29,0.0,0.07,2.11,0.0,0.0
618,337.27,0.140458,0.223357,-0.964564,-0.054146,0.301078,-0.952061,0.045,0.267,0.0,0.0,0.05,0.0,2.25,1.1,0.56,1.88,2.44,0.06,0.34,0.32,0.0,0.05,2.16,0.0,0.0
619,337.3,0.142607,0.221185,-0.964749,-0.054453,0.300214,-0.952316,0.046,0.266,0.0,0.0,0.0,0.0,2.22,0.99,0.56,1.92,2.41,0.02,0.46,0.34,0.0,0.04,2.21,0.0,0.0
620,337.33,0.146224,0.216804,-0.965202,-0.063707,0.283178,-0.956949,0.043,0.254,0.0,0.0,0.0,0.0,2.19,1.1,0.6,1.92,2.41,0.02,0.46,0.37,0.0,0.03,2.27,0.0,0.0
621,337.37,0.144489,0.20425,-0.968197,-0.056346,0.247128,-0.967343,0.046,0.229,0.0,0.0,0.0,0.0,2.17,1.16,0.6,1.86,2.41,0.02,0.44,0.44,0.0,0.03,2.31,0.0,0.0
622,337.4,0.147289,0.201764,-0.968296,-0.065644,0.25226,-0.96543,0.042,0.231,0.0,0.0,0.0,0.0,2.16,1.36,0.58,1.86,2.43,0.03,0.35,0.47,0.02,0.03,2.45,0.0,0.0
623,337.43,0.129034,0.215663,-0.967905,-0.058735,0.259714,-0.963898,0.036,0.241,0.0,0.0,0.0,0.0,2.23,1.36,0.61,1.87,2.46,0.04,0.36,0.42,0.02,0.03,2.51,0.0,0.0
624,337.47,0.115546,0.214736,-0.969813,-0.056152,0.243299,-0.968325,0.031,0.232,0.0,0.0,0.0,0.0,2.27,1.38,0.63,1.87,2.49,0.04,0.37,0.32,0.02,0.01,2.57,0.0,0.0
625,337.5,0.113896,0.214192,-0.970129,-0.055072,0.242231,-0.968654,0.03,0.231,0.0,0.0,0.0,0.0,2.27,1.36,0.7,1.83,2.49,0.08,0.4,0.25,0.0,0.0,2.52,0.0,0.0
626,337.53,0.106914,0.199504,-0.974047,-0.052914,0.237521,-0.96994,0.028,0.221,0.0,0.0,0.0,0.0,2.25,1.48,0.66,1.9,2.49,0.07,0.34,0.25,0.0,0.0,2.48,0.0,0.0
627,337.57,0.09417,0.216282,-0.971779,-0.045258,0.238904,-0.969988,0.025,0.23,0.0,0.0,0.0,0.0,2.26,1.54,0.65,1.93,2.49,0.07,0.39,0.24,0.0,0.0,2.45,0.0,0.0
628,337.6,0.093549,0.214867,-0.972153,-0.046987,0.236159,-0.970578,0.024,0.228,0.0,0.0,0.0,0.0,2.26,1.56,0.62,1.98,2.52,0.0,0.5,0.24,0.0,0.0,2.47,0.0,0.0
629,337.63,0.096476,0.201325,-0.974762,-0.037797,0.218279,-0.975154,0.03,0.212,0.0,0.0,0.0,0.0,2.24,1.42,0.69,1.98,2.51,0.0,0.49,0.15,0.0,0.0,2.48,0.0,0.0
630,337.67,0.096568,0.196178,-0.975802,-0.047141,0.22029,-0.974295,0.025,0.21,0.0,0.0,0.0,0.0,2.21,1.24,0.72,2.0,2.52,0.02,0.52,0.11,0.0,0.0,2.55,0.0,0.0
631,337.7,0.095293,0.19896,-0.975364,-0.048747,0.222642,-0.973681,0.024,0.213,0.0,0.0,0.0,0.0,2.21,1.15,0.75,2.04,2.49,0.06,0.53,0.03,0.0,0.0,2.67,0.0,0.0
632,337.73,0.095328,0.199461,-0.975258,-0.046422,0.223145,-0.973679,0.025,0.214,0.0,0.0,0.0,0.0,2.22,1.09,0.75,2.04,2.5,0.12,0.6,0.07,0.0,0.0,2.73,0.0,0.0
633,337.77,0.083623,0.19646,-0.976939,-0.0429,0.218084,-0.974987,0.021,0.209,0.0,0.0,0.0,0.0,2.27,1.22,0.71,2.03,2.49,0.26,0.6,0.17,0.0,0.0,2.73,0.0,0.0
634,337.8,0.085105,0.189879,-0.978112,-0.039158,0.217611,-0.97525,0.024,0.206,0.0,0.0,0.0,0.0,2.32,1.33,0.67,1.97,2.52,0.33,0.55,0.31,0.0,0.0,2.69,0.0,0.0
635,337.83,0.077809,0.193729,-0.977965,-0.047255,0.217646,-0.974883,0.016,0.208,0.0,0.0,0.0,0.0,2.34,1.32,0.63,2.0,2.54,0.3,0.63,0.3,0.0,0.0,2.68,0.0,0.0
636,337.87,0.085815,0.180044,-0.979908,-0.07578,0.209067,-0.974961,0.005,0.196,0.0,0.0,0.0,0.0,2.31,1.32,0.64,2.04,2.59,0.23,0.63,0.24,0.0,0.0,2.7,0.0,0.0
637,337.9,0.084849,0.178471,-0.98028,-0.072085,0.204723,-0.976162,0.007,0.193,0.0,0.0,0.0,0.0,2.29,1.32,0.73,2.06,2.56,0.24,0.67,0.19,0.0,0.0,2.68,0.0,0.0
638,337.93,0.071005,0.192814,-0.978663,-0.081424,0.208083,-0.974716,-0.005,0.202,0.0,0.0,0.0,0.0,2.29,1.47,0.81,1.92,2.51,0.27,0.56,0.19,0.0,0.0,2.65,0.0,0.0
639,337.97,0.074315,0.189531,-0.979058,-0.099732,0.203331,-0.974018,-0.013,0.199,0.0,0.0,0.0,0.0,2.33,1.5,0.88,1.8,2.45,0.21,0.47,0.15,0.0,0.0,2.67,0.0,0.0
640,338.0,0.07191,0.184337,-0.980229,-0.095095,0.204237,-0.974292,-0.012,0.196,0.0,0.0,0.0,0.0,2.33,1.4,0.93,1.78,2.45,0.2,0.43,0.16,0.0,0.0,2.77,0.0,0.0
641,338.03,0.071439,0.188769,-0.97942,-0.096107,0.195109,-0.976061,-0.013,0.194,0.0,0.0,0.0,0.0,2.34,1.3,0.97,1.92,2.53,0.27,0.47,0.17,0.0,0.0,2.85,0.0,0.0
642,338.07,0.071199,0.1861,-0.979948,-0.09527,0.196065,-0.975952,-0.012,0.193,0.0,0.0,0.0,0.0,2.32,1.16,0.98,2.0,2.59,0.38,0.52,0.2,0.0,0.0,2.83,0.0,0.0
643,338.1,0.072717,0.187586,-0.979553,-0.096935,0.199218,-0.975149,-0.012,0.195,0.0,0.0,0.0,0.0,2.27,1.14,0.94,2.01,2.59,0.39,0.5,0.26,0.06,0.0,2.84,0.0,0.0
644,338.13,0.164301,0.198621,-0.966206,-0.280847,0.278692,-0.918398,-0.062,0.248,0.0,0.0,0.01,0.0,2.21,1.02,0.88,1.99,2.59,0.43,0.64,0.4,0.12,0.0,2.89,0.0,0.36
645,338.17,0.195223,0.228448,-0.953782,-0.290421,0.296791,-0.909709,-0.051,0.275,0.0,0.0,0.05,0.0,2.13,0.98,0.83,2.02,2.62,0.44,0.79,0.56,0.17,0.0,3.0,0.0,0.76
646,338.2,0.221867,0.239469,-0.945214,-0.292896,0.274137,-0.916003,-0.038,0.269,0.0,0.0,0.06,0.0,2.09,0.8,0.83,1.99,2.66,0.45,0.91,0.54,0.18,0.0,3.02,0.0,1.24
647,338.23,0.214479,0.249784,-0.944249,-0.27302,0.269977,-0.923348,-0.031,0.271,0.0,0.0,0.05,0.0,2.09,1.02,0.81,2.02,2.57,0.44,0.82,0.51,0.12,0.0,2.94,0.0,0.88
648,338.27,0.098409,0.183865,-0.978013,-0.166988,0.216364,-0.961926,-0.035,0.203,0.0,0.0,0.03,0.0,2.12,1.2,0.82,1.99,2.46,0.44,0.69,0.39,0.11,0.0,2.83,0.0,0.48
649,338.3,0.098605,0.180558,-0.978609,-0.174544,0.214713,-0.960954,-0.039,0.201,0.0,0.0,0.01,0.0,2.14,1.36,0.8,1.96,2.35,0.34,0.56,0.41,0.14,0.0,2.59,0.0,0.0
650,338.33,0.064102,0.174231,-0.982616,-0.121719,0.201637,-0.971868,-0.029,0.19,0.0,0.0,0.01,0.0,2.14,1.23,0.79,1.91,2.36,0.33,0.56,0.41,0.35,0.0,2.37,0.0,0.0
651,338.37,0.078741,0.180809,-0.980361,-0.077597,0.192935,-0.978138,0.001,0.189,0.0,0.0,0.01,0.0,2.12,1.15,0.79,1.91,2.34,0.27,0.59,0.53,0.45,0.0,2.21,0.0,0.0
652,338.4,0.057419,0.175789,-0.982752,-0.073625,0.189302,-0.979155,-0.008,0.184,0.0,0.0,0.11,0.0,2.12,1.04,0.81,1.95,2.37,0.38,0.7,0.63,0.46,0.0,2.29,0.0,0.0
653,338.43,0.050352,0.173233,-0.983593,-0.045868,0.195104,-0.979709,0.002,0.185,0.0,0.0,0.15,0.0,2.13,1.15,0.77,2.0,2.36,0.46,0.83,0.81,0.38,0.0,2.42,0.0,0.0
654,338.47,0.070302,0.167288,-0.983398,-0.035897,0.193579,-0.980428,0.018,0.182,0.0,0.0,0.16,0.0,2.18,1.22,0.76,1.95,2.37,0.53,0.94,0.9,0.33,0.0,2.54,0.0,0.0
655,338.5,0.071288,0.162538,-0.984124,-0.035499,0.188953,-0.981344,0.018,0.177,0.0,0.0,0.07,0.0,2.24,1.42,0.66,1.93,2.35,0.51,1.02,1.04,0.33,0.0,2.53,0.01,0.0
656,338.53,0.096065,0.152542,-0.983617,-0.032216,0.197477,-0.979778,0.033,0.176,0.0,0.0,0.02,0.0,2.22,1.44,0.58,1.85,2.32,0.48,1.0,1.16,0.4,0.0,2.48,0.08,0.0
657,338.57,0.0952,0.150516,-0.984013,-0.044056,0.19739,-0.979335,0.026,0.175,0.0,0.0,0.0,0.0,2.23,1.4,0.46,1.79,2.3,0.56,0.91,1.37,0.36,0.0,2.44,0.11,0.0
658,338.6,0.094077,0.14241,-0.985327,-0.049421,0.192577,-0.980036,0.023,0.169,0.0,0.0,0.0,0.0,2.13,1.35,0.34,1.73,2.34,0.65,0.87,1.49,0.38,0.0,2.47,0.11,0.0
659,338.63,0.073423,0.160738,-0.984262,-0.035109,0.197127,-0.979749,0.02,0.18,0.0,0.0,0.0,0.0,2.12,1.17,0.25,1.63,2.42,0.65,0.89,1.56,0.31,0.0,2.55,0.04,0.0
660,338.67,0.064522,0.17104,-0.983149,-0.031046,0.205743,-0.978113,0.017,0.19,0.0,0.0,0.0,0.0,2.09,0.96,0.24,1.59,2.52,0.62,0.95,1.49,0.35,0.0,2.55,0.01,0.0
661,338.7,0.060869,0.159337,-0.985346,-0.028449,0.198202,-0.979748,0.016,0.18,0.0,0.0,0.03,0.0,2.18,0.82,0.28,1.6,2.58,0.56,0.99,1.38,0.26,0.0,2.55,0.0,0.0
662,338.73,0.055478,0.172799,-0.983393,-0.026936,0.203686,-0.978666,0.015,0.19,0.0,0.0,0.09,0.0,2.19,0.75,0.29,1.65,2.58,0.39,1.01,1.27,0.22,0.0,2.53,0.0,0.0
663,338.77,0.042806,0.165332,-0.985309,-0.044406,0.200409,-0.978705,-0.001,0.184,0.0,0.0,0.14,0.0,2.2,0.83,0.23,1.73,2.57,0.26,0.98,1.2,0.22,0.0,2.57,0.0,0.0
664,338.8,0.04677,0.15386,-0.986985,-0.043554,0.195233,-0.979789,0.002,0.176,0.0,0.0,0.18,0.0,2.16,0.83,0.19,1.85,2.56,0.17,1.05,1.17,0.29,0.0,2.57,0.0,0.0
665,338.83,0.037358,0.148368,-0.988226,-0.042755,0.193746,-0.98012,-0.003,0.172,0.0,0.0,0.18,0.0,2.14,0.97,0.34,1.92,2.64,0.13,0.91,0.98,0.29,0.0,2.59,0.0,0.0
666,338.87,0.040257,0.162781,-0.985841,-0.066268,0.205181,-0.976478,-0.013,0.185,0.0,0.0,0.15,0.0,2.11,1.05,0.42,1.98,2.72,0.05,0.89,0.85,0.32,0.0,2.57,0.02,0.0
667,338.9,0.038395,0.163565,-0.985785,-0.065831,0.204544,-0.976641,-0.014,0.185,0.0,0.0,0.1,0.0,2.1,1.05,0.51,1.96,2.77,0.0,0.68,0.66,0.22,0.0,2.55,0.02,0.0
668,338.93,0.038885,0.156998,-0.986833,-0.065562,0.211919,-0.975086,-0.014,0.186,0.0,0.0,0.05,0.0,2.1,0.83,0.5,1.96,2.73,0.06,0.63,0.62,0.22,0.0,2.53,0.02,0.0
669,338.97,0.031879,0.158167,-0.986898,-0.075014,0.201083,-0.976698,-0.022,0.181,0.0,0.0,0.06,0.0,2.12,0.66,0.5,1.98,2.68,0.13,0.61,0.57,0.16,0.0,2.51,0.0,0.0
670,339.0,0.030856,0.155861,-0.987297,-0.074605,0.202176,-0.976503,-0.022,0.18,0.0,0.0,0.04,0.0,2.12,0.63,0.51,1.95,2.68,0.14,0.59,0.56,0.16,0.0,2.64,0.0,0.0
671,339.03,0.028508,0.15968,-0.986757,-0.067919,0.195083,-0.978432,-0.02,0.179,0.0,0.0,0.04,0.0,2.11,0.68,0.5,1.93,2.63,0.1,0.65,0.5,0.13,0.0,2.69,0.0,0.0
672,339.07,0.031398,0.150533,-0.988106,-0.061985,0.190711,-0.979687,-0.016,0.172,0.0,0.0,0.02,0.0,2.09,0.71,0.44,1.87,2.59,0.07,0.73,0.44,0.16,0.0,2.78,0.0,0.0
673,339.1,0.028587,0.154031,-0.987652,-0.060841,0.191495,-0.979606,-0.016,0.174,0.0,0.0,0.02,0.0,2.04,0.78,0.45,1.79,2.51,0.12,0.71,0.37,0.26,0.0,2.82,0.0,0.0
674,339.13,0.03635,0.161563,-0.986193,-0.075102,0.192118,-0.978494,-0.02,0.178,0.0,0.0,0.02,0.0,2.02,0.8,0.47,1.71,2.51,0.15,0.69,0.32,0.2,0.0,2.85,0.0,0.0
675,339.17,0.046087,0.161729,-0.985758,-0.072542,0.188655,-0.979361,-0.013,0.176,0.0,0.0,0.0,0.0,1.97,0.82,0.57,1.6,2.5,0.15,0.61,0.34,0.23,0.0,2.76,0.0,0.0
676,339.2,0.042197,0.153684,-0.987219,-0.078943,0.18041,-0.980419,-0.019,0.168,0.0,0.0,0.0,0.0,1.95,0.92,0.63,1.59,2.53,0.1,0.71,0.37,0.28,0.0,2.63,0.0,0.0
677,339.23,0.048899,0.164357,-0.985188,-0.082986,0.186919,-0.978864,-0.017,0.177,0.0,0.0,0.0,0.0,1.92,0.9,0.64,1.56,2.49,0.1,0.75,0.43,0.31,0.0,2.52,0.0,0.0
678,339.27,0.054959,0.166881,-0.984444,-0.08502,0.186423,-0.978784,-0.015,0.178,0.0,0.0,0.0,0.0,1.93,0.91,0.62,1.56,2.47,0.06,0.75,0.41,0.23,0.0,2.52,0.0,0.0
679,339.3,0.053785,0.166535,-0.984568,-0.084116,0.184787,-0.979172,-0.015,0.177,0.0,0.0,0.0,0.0,1.92,0.67,0.54,1.54,2.46,0.13,0.67,0.37,0.11,0.0,2.6,0.0,0.0
680,339.33,0.061029,0.171488,-0.983294,-0.07541,0.186553,-0.979546,-0.007,0.18,0.0,0.0,0.0,0.0,1.91,0.66,0.51,1.57,2.46,0.08,0.57,0.37,0.08,0.0,2.66,0.0,0.0
681,339.37,0.062018,0.175222,-0.982574,-0.073221,0.188378,-0.979363,-0.006,0.183,0.0,0.0,0.0,0.0,1.83,0.61,0.51,1.54,2.39,0.1,0.54,0.35,0.06,0.0,2.57,0.0,0.0
682,339.4,0.061095,0.170836,-0.983404,-0.073074,0.192521,-0.978568,-0.006,0.183,0.0,0.0,0.0,0.0,1.76,0.66,0.59,1.45,2.27,0.06,0.5,0.36,0.02,0.0,2.34,0.0,0.0
683,339.43,0.059348,0.171773,-0.983347,-0.072434,0.192557,-0.978609,-0.007,0.184,0.0,0.0,0.0,0.0,1.66,0.74,0.57,1.32,2.15,0.13,0.45,0.45,0.0,0.0,2.05,0.0,0.0
684,339.47,0.048372,0.175478,-0.983294,-0.048101,0.199986,-0.978617,0.0,0.189,0.0,0.0,0.0,0.0,1.59,0.81,0.54,1.27,2.11,0.17,0.37,0.55,0.0,0.0,1.94,0.0,0.0
685,339.5,0.048979,0.178696,-0.982684,-0.049888,0.201446,-0.978228,-0.0,0.191,0.0,0.0,0.0,0.0,1.5,0.94,0.53,1.24,1.97,0.14,0.28,0.61,0.0,0.0,1.98,0.01,0.0
686,339.53,0.047029,0.174155,-0.983595,-0.055463,0.203647,-0.977472,-0.004,0.19,0.0,0.0,0.0,0.0,1.41,0.84,0.56,1.19,1.83,0.12,0.27,0.6,0.1,0.0,2.1,0.1,0.0
687,339.57,0.045677,0.173634,-0.98375,-0.046058,0.199506,-0.978814,-0.0,0.188,0.0,0.0,0.01,0.0,1.31,0.87,0.61,1.13,1.64,0.13,0.31,0.67,0.17,0.0,2.15,0.34,0.0
688,339.6,0.054965,0.175302,-0.982979,-0.057476,0.19546,-0.979026,-0.001,0.187,0.0,0.0,0.03,0.0,1.22,0.82,0.51,1.16,1.53,0.23,0.41,0.77,0.26,0.0,2.15,0.65,0.0
689,339.63,0.044367,0.177507,-0.983119,-0.053178,0.194246,-0.97951,-0.004,0.187,0.0,0.0,0.05,0.0,1.2,0.93,0.45,1.23,1.47,0.31,0.49,0.92,0.26,0.0,2.16,0.86,0.0
690,339.67,0.044169,0.177704,-0.983092,-0.052759,0.192699,-0.979838,-0.004,0.187,0.0,0.0,0.06,0.0,1.2,0.96,0.38,1.31,1.46,0.37,0.55,1.0,0.28,0.0,2.21,0.94,0.0
691,339.7,0.043534,0.177373,-0.98318,-0.053953,0.192455,-0.979821,-0.005,0.186,0.0,0.0,0.12,0.0,1.25,0.99,0.41,1.37,1.42,0.42,0.48,1.15,0.32,0.0,2.14,1.06,0.0
692,339.73,0.030202,0.16278,-0.9862,-0.044484,0.17822,-0.982985,-0.007,0.171,0.0,0.0,0.19,0.0,1.23,1.07,0.45,1.45,1.38,0.54,0.36,1.18,0.34,0.0,2.05,1.24,0.0
693,339.77,0.030767,0.164633,-0.985875,-0.063088,0.194914,-0.978789,-0.016,0.181,0.0,0.0,0.25,0.0,1.18,1.11,0.44,1.47,1.31,0.59,0.24,1.3,0.33,0.0,1.98,1.37,0.0
694,339.8,0.025925,0.157476,-0.987183,-0.050792,0.193625,-0.97976,-0.013,0.177,0.0,0.0,0.25,0.0,1.11,1.03,0.44,1.47,1.28,0.76,0.16,1.36,0.33,0.0,1.9,1.47,0.0
695,339.83,0.085451,0.161312,-0.983197,-0.102322,0.214173,-0.971422,-0.009,0.19,0.0,0.0,0.24,0.0,1.12,0.9,0.43,1.46,1.24,0.86,0.12,1.46,0.28,0.0,1.89,1.56,0.0
696,339.87,0.084529,0.158972,-0.983658,-0.104088,0.211116,-0.971903,-0.01,0.187,0.0,0.0,0.24,0.0,1.14,0.81,0.48,1.49,1.24,1.01,0.06,1.47,0.28,0.0,1.82,1.63,0.0
697,339.9,0.084708,0.158903,-0.983654,-0.101011,0.212673,-0.971888,-0.008,0.188,0.1,0.0,0.21,0.0,0.97,0.68,0.41,1.33,1.26,0.9,0.22,1.47,0.24,0.0,1.42,1.72,0.64
698,339.93,0.221581,0.285254,-0.932487,-0.258466,0.370926,-0.89197,-0.02,0.345,0.18,0.0,0.2,0.0,0.81,0.4,0.33,1.25,1.32,0.83,0.42,1.64,0.18,0.0,0.84,1.58,1.37
699,339.97,0.197214,0.252963,-0.947162,-0.272908,0.357699,-0.893069,-0.041,0.32,0.21,0.0,0.21,0.0,0.73,0.14,0.3,1.24,1.41,0.8,0.53,1.84,0.1,0.01,0.24,1.49,1.92
700,340.0,0.163176,0.237321,-0.957629,-0.248034,0.357868,-0.900228,-0.046,0.31,0.14,0.0,0.26,0.0,0.78,0.07,0.31,1.4,1.45,0.81,0.48,1.98,0.01,0.01,0.05,1.24,1.56
701,340.03,0.118142,0.218036,-0.968764,-0.169714,0.318805,-0.932502,-0.027,0.275,0.06,0.0,0.31,0.0,0.82,0.19,0.35,1.44,1.48,0.84,0.41,2.0,0.0,0.01,0.0,1.03,1.13
702,340.07,0.128784,0.220271,-0.9669,-0.185236,0.316503,-0.93033,-0.03,0.276,0.05,0.0,0.36,0.0,0.82,0.26,0.32,1.48,1.5,0.83,0.39,1.99,0.0,0.0,0.0,0.86,0.88
703,340.1,0.127869,0.220545,-0.966959,-0.183876,0.317039,-0.930417,-0.03,0.276,0.02,0.0,0.33,0.0,0.82,0.31,0.27,1.43,1.5,0.88,0.39,1.86,0.0,0.0,0.01,0.68,0.59
704,340.13,0.105305,0.228617,-0.967804,-0.166842,0.312374,-0.935193,-0.032,0.277,0.01,0.0,0.21,0.0,0.83,0.4,0.29,1.34,1.47,0.82,0.49,1.7,0.0,0.01,0.0,0.58,0.29
705,340.17,0.10517,0.224929,-0.968683,-0.153725,0.319088,-0.935174,-0.025,0.278,0.0,0.0,0.07,0.0,0.83,0.51,0.3,1.23,1.42,0.87,0.64,1.62,0.0,0.01,0.0,0.42,0.04
706,340.2,0.106069,0.210757,-0.971767,-0.153419,0.292175,-0.943979,-0.025,0.257,0.0,0.0,0.0,0.0,0.79,0.47,0.39,1.23,1.41,0.92,0.68,1.8,0.0,0.01,0.0,0.41,0.08
707,340.23,0.111472,0.200403,-0.973351,-0.155913,0.298106,-0.941713,-0.023,0.255,0.0,0.0,0.0,0.0,0.76,0.31,0.35,1.33,1.45,0.99,0.67,2.05,0.0,0.01,0.0,0.38,0.17
708,340.27,0.10966,0.204291,-0.972749,-0.144836,0.298546,-0.943341,-0.018,0.257,0.0,0.0,0.0,0.0,0.76,0.2,0.31,1.44,1.48,0.99,0.6,2.19,0.0,0.03,0.0,0.34,0.17
709,340.3,0.104649,0.203157,-0.973538,-0.144057,0.300125,-0.94296,-0.021,0.257,0.0,0.0,0.0,0.0,0.81,0.2,0.28,1.5,1.47,1.0,0.75,2.15,0.0,0.03,0.0,0.48,0.13
710,340.33,0.133463,0.19999,-0.970665,-0.143418,0.285697,-0.947528,-0.005,0.248,0.0,0.0,0.0,0.0,0.83,0.36,0.33,1.5,1.45,1.03,0.78,2.04,0.0,0.02,0.0,0.69,0.06
711,340.37,0.138128,0.205608,-0.968838,-0.131433,0.289651,-0.948065,0.003,0.253,0.0,0.02,0.0,0.0,0.84,0.42,0.36,1.44,1.4,1.09,0.83,1.97,0.0,0.0,0.0,0.9,0.03
712,340.4,0.119547,0.20351,-0.971747,-0.122668,0.2906,-0.948949,-0.002,0.252,0.04,0.02,0.0,0.0,0.74,0.51,0.35,1.29,1.49,1.1,0.8,1.91,0.0,0.0,0.0,1.01,0.5
713,340.43,0.182183,0.218181,-0.958753,-0.201836,0.277995,-0.939139,-0.01,0.256,0.09,0.02,0.0,0.0,0.65,0.39,0.28,1.12,1.54,1.06,0.85,1.87,0.0,0.0,0.07,1.09,0.97
714,340.47,0.178744,0.206598,-0.96196,-0.218189,0.278013,-0.935469,-0.021,0.25,0.14,0.0,0.0,0.0,0.58,0.35,0.26,1.07,1.66,0.95,0.89,1.83,0.0,0.0,0.14,1.19,1.51
715,340.5,0.187347,0.209171,-0.959765,-0.223427,0.278995,-0.933939,-0.019,0.252,0.26,0.0,0.01,0.0,0.6,0.2,0.25,1.1,1.62,1.1,0.77,1.83,0.0,0.0,0.18,1.11,2.03
716,340.53,0.225816,0.36176,-0.904509,-0.235167,0.357268,-0.903912,-0.005,0.378,0.21,0.0,0.03,0.0,0.69,0.25,0.22,1.07,1.59,1.1,0.64,1.77,0.0,0.0,0.11,0.95,2.17
717,340.57,0.189692,0.24837,-0.94991,-0.229238,0.332285,-0.914897,-0.021,0.302,0.16,0.0,0.05,0.0,0.73,0.31,0.17,1.0,1.45,1.17,0.47,1.65,0.0,0.0,0.04,0.67,1.68
718,340.6,0.128688,0.223261,-0.966227,-0.131773,0.293443,-0.946851,-0.002,0.264,0.0,0.0,0.08,0.0,0.78,0.34,0.09,1.0,1.36,1.04,0.44,1.5,0.0,0.0,0.0,0.45,0.68
719,340.63,0.101971,0.225478,-0.968897,-0.113664,0.28956,-0.950387,-0.006,0.262,0.0,0.0,0.11,0.0,0.76,0.25,0.07,1.1,1.26,1.11,0.37,1.44,0.0,0.0,0.0,0.36,0.04
720,340.67,0.099617,0.224105,-0.96946,-0.117304,0.291874,-0.949236,-0.009,0.263,0.0,0.0,0.2,0.0,0.73,0.09,0.05,1.13,1.23,1.15,0.34,1.4,0.0,0.0,0.0,0.37,0.0
721,340.7,0.099446,0.223093,-0.969711,-0.118393,0.290364,-0.949564,-0.01,0.261,0.0,0.0,0.2,0.0,0.74,0.16,0.04,1.11,1.22,1.1,0.42,1.48,0.0,0.0,0.0,0.41,0.0
722,340.73,0.099436,0.217097,-0.971072,-0.103773,0.285545,-0.95273,-0.002,0.256,0.0,0.0,0.19,0.0,0.72,0.27,0.01,1.11,1.26,1.04,0.47,1.51,0.0,0.0,0.0,0.4,0.0
723,340.77,0.108318,0.223068,-0.968766,-0.104181,0.287704,-0.952036,0.002,0.26,0.0,0.0,0.2,0.0,0.75,0.47,0.03,1.14,1.25,1.04,0.52,1.62,0.0,0.0,0.0,0.48,0.0
724,340.8,0.114443,0.2138,-0.970151,-0.106447,0.287574,-0.951825,0.004,0.255,0.0,0.0,0.33,0.0,0.77,0.6,0.03,1.24,1.21,1.05,0.45,1.59,0.0,0.0,0.0,0.62,0.0
725,340.83,0.124916,0.213234,-0.968982,-0.113713,0.290412,-0.950121,0.006,0.257,0.0,0.0,0.39,0.0,0.82,0.8,0.03,1.24,1.16,1.09,0.36,1.64,0.0,0.0,0.0,0.8,0.0
726,340.87,0.130277,0.208532,-0.9693,-0.111302,0.287703,-0.95123,0.01,0.253,0.0,0.0,0.38,0.0,0.81,0.97,0.03,1.19,1.14,1.1,0.25,1.64,0.0,0.0,0.0,0.91,0.0
727,340.9,0.130919,0.20845,-0.969231,-0.112247,0.287056,-0.951315,0.01,0.252,0.04,0.0,0.35,0.0,0.8,1.02,0.03,1.15,1.11,1.21,0.27,1.73,0.02,0.0,0.0,1.0,0.0
728,340.93,0.128728,0.215817,-0.967911,-0.111435,0.28256,-0.952755,0.009,0.254,0.04,0.0,0.4,0.0,0.77,1.0,0.03,1.16,1.05,1.17,0.35,1.81,0.04,0.0,0.0,1.18,0.0
729,340.97,0.135948,0.221567,-0.965622,-0.110749,0.290353,-0.950489,0.013,0.261,0.06,0.0,0.48,0.0,0.75,0.89,0.0,1.24,0.98,1.16,0.5,1.97,0.04,0.0,0.0,1.39,0.0
730,341.0,0.137962,0.226042,-0.964299,-0.124137,0.301796,-0.945256,0.007,0.27,0.07,0.0,0.52,0.0,0.69,0.86,0.0,1.15,0.88,1.07,0.52,2.08,0.06,0.0,0.0,1.61,0.0
731,341.03,0.12891,0.226325,-0.965484,-0.125999,0.303094,-0.944594,0.002,0.27,0.12,0.0,0.57,0.0,0.61,0.93,0.0,1.08,0.8,1.07,0.54,2.22,0.04,0.05,0.0,1.7,0.07
732,341.07,0.135903,0.215892,-0.966913,-0.113338,0.287343,-0.951098,0.012,0.257,0.13,0.0,0.58,0.0,0.53,1.1,0.0,0.99,0.76,0.99,0.5,2.31,0.04,0.09,0.0,1.77,0.09
733,341.1,0.132732,0.212186,-0.968173,-0.114278,0.287704,-0.950877,0.01,0.255,0.11,0.0,0.59,0.0,0.54,1.24,0.0,1.01,0.76,1.02,0.41,2.39,0.0,0.13,0.0,1.77,0.16
734,341.13,0.134945,0.214527,-0.967351,-0.113901,0.28822,-0.950766,0.011,0.256,0.06,0.0,0.58,0.0,0.57,1.19,0.0,0.96,0.75,0.99,0.45,2.55,0.09,0.17,0.0,1.89,0.17
735,341.17,0.147454,0.211548,-0.966181,-0.120376,0.288841,-0.949779,0.014,0.255,0.02,0.0,0.6,0.0,0.59,1.15,0.0,0.91,0.74,0.98,0.5,2.66,0.14,0.25,0.0,2.05,0.25
736,341.2,0.153271,0.224448,-0.962357,-0.120073,0.301574,-0.945852,0.017,0.269,0.07,0.0,0.62,0.0,0.57,1.09,0.0,0.96,0.73,0.94,0.55,2.67,0.17,0.22,0.0,2.19,0.4
737,341.23,0.161111,0.237445,-0.957947,-0.113468,0.319861,-0.940646,0.025,0.286,0.12,0.0,0.59,0.0,0.57,1.13,0.0,1.04,0.74,0.93,0.54,2.56,0.08,0.14,0.0,2.3,0.43
738,341.27,0.164187,0.235045,-0.958017,-0.114044,0.323465,-0.939342,0.026,0.286,0.19,0.0,0.6,0.0,0.59,1.18,0.0,1.13,0.76,0.95,0.54,2.48,0.03,0.03,0.0,2.26,0.55
739,341.3,0.163576,0.236528,-0.957756,-0.115834,0.322918,-0.939312,0.025,0.287,0.27,0.0,0.62,0.0,0.59,1.32,0.0,1.04,0.74,0.96,0.57,2.43,0.0,0.03,0.0,2.24,0.36
740,341.33,0.149569,0.242302,-0.958603,-0.11474,0.325672,-0.938495,0.018,0.291,0.36,0.0,0.71,0.0,0.57,1.34,0.0,0.95,0.71,0.95,0.58,2.38,0.0,0.01,0.0,2.19,0.28
741,341.37,0.150705,0.2418,-0.958551,-0.115255,0.325801,-0.938387,0.019,0.291,0.49,0.02,0.84,0.0,0.55,1.41,0.0,0.87,0.66,0.9,0.57,2.32,0.11,0.0,0.05,2.14,0.31
742,341.4,0.175579,0.247395,-0.952873,-0.139836,0.351751,-0.92559,0.019,0.309,0.72,0.18,0.87,0.0,0.47,1.19,0.0,0.8,0.68,0.87,0.43,2.38,0.25,0.0,0.11,2.18,1.01
743,341.43,0.243585,0.283955,-0.927381,-0.255204,0.383529,-0.887567,-0.006,0.352,0.8,0.18,0.89,0.0,0.48,1.05,0.0,0.79,0.77,0.7,0.31,2.22,0.34,0.0,0.45,2.29,1.76
744,341.47,0.242625,0.269459,-0.931947,-0.236899,0.353281,-0.905025,0.003,0.327,0.85,0.16,0.86,0.0,0.47,0.8,0.0,0.74,0.86,0.57,0.18,2.1,0.34,0.0,0.75,2.43,2.34
745,341.5,0.241945,0.272763,-0.931162,-0.234837,0.355848,-0.904557,0.004,0.33,0.65,0.0,0.95,0.0,0.65,1.02,0.04,0.82,1.0,0.45,0.19,1.76,0.38,0.0,1.24,2.44,1.87
746,341.53,0.105164,0.237423,-0.965697,-0.197679,0.288599,-0.936821,-0.049,0.27,0.53,0.0,0.99,0.0,0.74,1.17,0.09,0.88,1.09,0.57,0.12,1.57,0.32,0.0,1.53,2.38,1.07
747,341.57,0.033564,0.178819,-0.983309,-0.166635,0.231125,-0.958548,-0.068,0.208,0.3,0.0,0.91,0.0,0.82,1.08,0.13,0.95,1.19,0.7,0.12,1.42,0.26,0.0,1.82,2.24,0.25
748,341.6,0.020277,0.177158,-0.983974,-0.16638,0.21077,-0.963273,-0.075,0.197,0.11,0.0,0.73,0.0,0.84,0.88,0.15,1.04,1.32,0.77,0.1,1.38,0.11,0.0,1.91,1.93,0.0
749,341.63,0.022369,0.172155,-0.984816,-0.167745,0.209283,-0.96336,-0.074,0.193,0.02,0.0,0.51,0.0,0.87,0.45,0.14,1.12,1.44,0.73,0.14,1.29,0.09,0.0,1.94,1.6,0.0
750,341.67,0.024712,0.169959,-0.985141,-0.194559,0.209409,-0.958277,-0.087,0.193,0.0,0.0,0.39,0.0,0.88,0.27,0.13,1.19,1.52,0.68,0.11,1.18,0.05,0.0,1.97,1.4,0.0
751,341.7,0.025433,0.172203,-0.984733,-0.19203,0.211138,-0.958408,-0.086,0.195,0.0,0.0,0.37,0.0,0.87,0.12,0.13,1.28,1.56,0.64,0.24,1.03,0.03,0.0,2.11,1.36,0.0
752,341.73,0.020038,0.169148,-0.985387,-0.195539,0.217953,-0.95617,-0.09,0.197,0.0,0.0,0.41,0.0,0.88,0.22,0.13,1.35,1.56,0.6,0.34,1.0,0.09,0.0,2.18,1.29,0.0
753,341.77,0.021596,0.171298,-0.984982,-0.195443,0.218198,-0.956134,-0.089,0.198,0.0,0.0,0.41,0.0,0.94,0.32,0.12,1.36,1.63,0.49,0.46,0.89,0.09,0.0,2.35,1.12,0.0
754,341.8,0.019534,0.175372,-0.984308,-0.184828,0.209771,-0.960122,-0.085,0.196,0.0,0.0,0.34,0.0,1.06,0.42,0.13,1.24,1.68,0.35,0.37,0.8,0.07,0.0,2.42,1.06,0.0
755,341.83,0.022415,0.176328,-0.984076,-0.212299,0.244468,-0.946131,-0.098,0.215,0.0,0.0,0.27,0.0,1.14,0.51,0.17,1.15,1.74,0.28,0.34,0.7,0.0,0.0,2.56,1.07,0.0
756,341.87,0.021941,0.180946,-0.983248,-0.209337,0.24073,-0.947748,-0.097,0.215,0.0,0.0,0.21,0.0,1.2,0.66,0.24,1.09,1.74,0.32,0.33,0.68,0.0,0.0,2.59,1.12,0.0
757,341.9,0.023237,0.182231,-0.982981,-0.212699,0.247121,-0.945352,-0.098,0.219,0.0,0.0,0.18,0.0,1.22,0.68,0.26,1.09,1.76,0.43,0.4,0.65,0.0,0.0,2.63,1.06,0.0
758,341.93,0.020966,0.184974,-0.98252,-0.209583,0.211699,-0.954598,-0.097,0.202,0.0,0.0,0.16,0.0,1.25,0.72,0.26,1.06,1.79,0.49,0.43,0.63,0.0,0.0,2.66,0.98,0.0
759,341.97,0.02107,0.185492,-0.98242,-0.21013,0.210559,-0.95473,-0.097,0.202,0.0,0.0,0.11,0.0,1.29,0.74,0.21,1.14,1.88,0.47,0.36,0.57,0.0,0.0,2.69,1.0,0.0
760,342.0,0.018521,0.178884,-0.983696,-0.19803,0.202884,-0.958969,-0.092,0.194,0.0,0.0,0.05,0.0,1.34,0.73,0.13,1.22,1.95,0.43,0.29,0.58,0.0,0.0,2.65,1.07,0.0
761,342.03,0.020663,0.165212,-0.986041,-0.199891,0.19809,-0.959585,-0.092,0.185,0.0,0.0,0.0,0.0,1.4,0.84,0.07,1.28,2.01,0.39,0.2,0.58,0.0,0.0,2.6,1.13,0.0
762,342.07,0.020275,0.16496,-0.986092,-0.198306,0.19748,-0.96004,-0.091,0.184,0.0,0.0,0.0,0.0,1.41,0.92,0.05,1.27,2.04,0.4,0.22,0.61,0.0,0.0,2.54,1.12,0.0
763,342.1,0.019677,0.163589,-0.986332,-0.196529,0.196189,-0.96067,-0.091,0.183,0.0,0.0,0.0,0.0,1.38,0.86,0.04,1.34,2.07,0.41,0.28,0.62,0.0,0.0,2.54,1.08,0.0
764,342.13,0.016899,0.168834,-0.9855,-0.204926,0.194002,-0.959358,-0.096,0.184,0.0,0.0,0.0,0.0,1.35,0.74,0.02,1.4,2.09,0.44,0.34,0.6,0.0,0.0,2.56,1.06,0.0
765,342.17,0.017368,0.168999,-0.985463,-0.203995,0.193465,-0.959665,-0.096,0.184,0.0,0.0,0.0,0.0,1.39,0.61,0.0,1.43,2.08,0.45,0.38,0.55,0.0,0.0,2.6,1.03,0.0
766,342.2,0.009562,0.172124,-0.985029,-0.211579,0.197821,-0.957132,-0.104,0.188,0.0,0.0,0.0,0.0,1.42,0.77,0.0,1.39,2.07,0.38,0.38,0.56,0.0,0.0,2.61,1.04,0.0
767,342.23,0.013397,0.160986,-0.986866,-0.200108,0.196065,-0.959956,-0.096,0.181,0.0,0.0,0.0,0.0,1.45,0.79,0.0,1.32,2.07,0.35,0.36,0.62,0.0,0.0,2.53,1.03,0.0
768,342.27,0.012656,0.163686,-0.986431,-0.207067,0.191836,-0.959334,-0.1,0.181,0.0,0.0,0.0,0.0,1.45,0.86,0.02,1.3,2.11,0.35,0.32,0.65,0.0,0.0,2.51,1.02,0.0
769,342.3,0.012217,0.160982,-0.986882,-0.205887,0.190332,-0.959888,-0.099,0.179,0.0,0.0,0.0,0.0,1.45,0.78,0.03,1.3,2.14,0.32,0.3,0.58,0.0,0.0,2.51,0.99,0.0
770,342.33,0.012223,0.165616,-0.986115,-0.21184,0.19994,-0.956634,-0.102,0.186,0.0,0.0,0.0,0.0,1.44,0.69,0.03,1.31,2.12,0.22,0.35,0.52,0.0,0.0,2.57,0.96,0.0
771,342.37,0.007571,0.163762,-0.986471,-0.212839,0.198118,-0.956791,-0.105,0.184,0.0,0.0,0.0,0.0,1.46,0.66,0.06,1.3,2.07,0.22,0.28,0.49,0.0,0.0,2.54,0.93,0.0
772,342.4,0.006946,0.158378,-0.987354,-0.219598,0.198764,-0.955128,-0.109,0.182,0.0,0.0,0.0,0.0,1.57,0.7,0.04,1.22,2.06,0.3,0.28,0.47,0.02,0.0,2.56,0.85,0.0
773,342.43,0.005693,0.158011,-0.987421,-0.21861,0.206977,-0.953609,-0.109,0.186,0.0,0.0,0.0,0.0,1.62,0.85,0.04,1.19,2.09,0.36,0.23,0.43,0.02,0.0,2.67,0.81,0.0
774,342.47,0.002291,0.162765,-0.986662,-0.219014,0.204546,-0.954041,-0.111,0.187,0.0,0.0,0.0,0.0,1.67,0.93,0.0,1.14,2.12,0.29,0.31,0.48,0.02,0.0,2.78,0.77,0.0
775,342.5,0.000133,0.161016,-0.986952,-0.219298,0.200842,-0.954762,-0.112,0.184,0.0,0.0,0.0,0.0,1.66,0.95,0.0,1.24,2.09,0.36,0.26,0.63,0.0,0.0,2.77,0.83,0.0
776,342.53,0.001026,0.160393,-0.987053,-0.225049,0.201066,-0.953376,-0.115,0.184,0.0,0.0,0.0,0.0,1.62,0.93,0.08,1.25,2.01,0.5,0.2,0.63,0.09,0.0,2.82,0.92,0.0
777,342.57,-0.005787,0.150539,-0.988587,-0.216576,0.204933,-0.954514,-0.114,0.181,0.0,0.0,0.0,0.0,1.57,0.87,0.15,1.28,1.95,0.64,0.12,0.54,0.18,0.0,2.87,1.0,0.0
778,342.6,-0.006158,0.149774,-0.988701,-0.21715,0.200581,-0.955308,-0.114,0.178,0.0,0.0,0.01,0.0,1.46,0.87,0.27,1.2,1.74,0.65,0.09,0.44,0.3,0.0,2.94,1.27,0.0
779,342.63,-0.016507,0.155987,-0.987621,-0.234019,0.223183,-0.946269,-0.129,0.194,0.0,0.0,0.02,0.0,1.4,0.94,0.3,1.17,1.63,0.6,0.08,0.5,0.34,0.0,2.81,1.4,0.0
780,342.67,-0.016438,0.155459,-0.987706,-0.236089,0.22471,-0.945393,-0.13,0.194,0.0,0.0,0.04,0.0,1.35,0.98,0.33,1.13,1.51,0.56,0.08,0.55,0.38,0.0,2.69,1.56,0.0
781,342.7,-0.015509,0.156596,-0.987541,-0.238216,0.226614,-0.944404,-0.131,0.196,0.0,0.0,0.05,0.0,1.32,1.1,0.37,1.11,1.46,0.47,0.05,0.58,0.4,0.0,2.57,1.68,0.0
782,342.73,-0.033429,0.16409,-0.985879,-0.240774,0.225036,-0.944133,-0.141,0.199,0.0,0.0,0.12,0.0,1.25,1.09,0.49,1.02,1.34,0.38,0.01,0.56,0.38,0.0,2.46,2.01,0.0
783,342.77,-0.04658,0.16118,-0.985825,-0.245531,0.227678,-0.942272,-0.15,0.199,0.0,0.0,0.19,0.0,1.16,1.2,0.59,0.97,1.15,0.2,0.0,0.54,0.35,0.0,2.39,2.3,0.0
784,342.8,-0.041682,0.166227,-0.985206,-0.24727,0.228703,-0.941569,-0.149,0.202,0.0,0.0,0.26,0.0,1.07,1.18,0.63,0.92,1.04,0.11,0.0,0.49,0.3,0.0,2.39,2.46,0.0
785,342.83,-0.04341,0.164378,-0.985442,-0.248616,0.22563,-0.941956,-0.15,0.2,0.0,0.0,0.25,0.0,1.06,1.35,0.62,0.99,0.96,0.07,0.06,0.46,0.3,0.0,2.46,2.5,0.0
786,342.87,-0.038976,0.160985,-0.986187,-0.20894,0.208374,-0.955471,-0.127,0.188,0.0,0.0,0.22,0.0,1.04,1.28,0.62,1.02,0.93,0.16,0.1,0.52,0.33,0.0,2.42,2.49,0.0
787,342.9,-0.039416,0.161323,-0.986114,-0.209145,0.207706,-0.955571,-0.127,0.188,0.0,0.0,0.16,0.0,1.05,1.27,0.58,1.07,0.9,0.24,0.15,0.54,0.34,0.0,2.38,2.43,0.0
788,342.93,-0.037848,0.161816,-0.986095,-0.209143,0.206573,-0.955817,-0.127,0.187,0.0,0.0,0.15,0.0,1.05,1.11,0.58,1.11,0.95,0.35,0.23,0.6,0.42,0.0,2.36,2.35,0.0
789,342.97,0.001923,0.144769,-0.989464,-0.116638,0.199942,-0.972841,-0.058,0.174,0.0,0.0,0.22,0.0,1.13,1.27,0.65,1.18,0.99,0.43,0.27,0.57,0.47,0.0,2.46,2.28,0.0
790,343.0,0.001036,0.126909,-0.991914,-0.086484,0.176545,-0.980486,-0.043,0.153,0.0,0.0,0.27,0.0,1.18,1.35,0.77,1.2,1.02,0.48,0.28,0.64,0.51,0.0,2.48,2.16,0.0
791,343.03,0.009966,0.124599,-0.992157,-0.08651,0.177158,-0.980373,-0.039,0.152,0.0,0.0,0.28,0.0,1.24,1.47,0.83,1.16,1.03,0.47,0.27,0.61,0.48,0.0,2.52,1.97,0.0
792,343.07,0.005428,0.126348,-0.991971,-0.083823,0.174763,-0.981036,-0.04,0.151,0.0,0.0,0.17,0.0,1.23,1.43,0.84,1.08,1.03,0.44,0.3,0.64,0.5,0.0,2.44,1.91,0.0
793,343.1,0.008122,0.131658,-0.991262,-0.086081,0.181481,-0.97962,-0.04,0.158,0.0,0.0,0.12,0.0,1.21,1.4,0.82,1.05,1.0,0.44,0.4,0.57,0.58,0.0,2.45,1.88,0.0
794,343.13,0.007641,0.135727,-0.990717,-0.084755,0.182958,-0.979461,-0.039,0.16,0.0,0.0,0.17,0.0,1.22,1.26,0.68,0.9,1.0,0.66,0.48,0.79,0.62,0.0,2.2,1.63,0.0
795,343.17,0.013087,0.133116,-0.991014,-0.087361,0.171103,-0.981372,-0.038,0.153,0.0,0.0,0.27,0.0,1.19,1.06,0.49,0.89,1.08,0.83,0.56,0.95,0.64,0.0,2.03,1.28,0.0
796,343.2,0.018736,0.118334,-0.992797,-0.08355,0.167847,-0.982266,-0.033,0.144,0.0,0.0,0.45,0.0,1.14,0.95,0.35,0.84,1.17,0.9,0.47,1.11,0.53,0.0,1.87,0.85,0.0
797,343.23,0.022219,0.137369,-0.990271,-0.085667,0.177425,-0.980399,-0.032,0.158,0.0,0.0,0.56,0.0,1.08,0.91,0.29,0.96,1.22,0.75,0.28,1.06,0.38,0.0,1.89,0.69,0.0
798,343.27,0.026468,0.144304,-0.989179,-0.085462,0.184494,-0.979111,-0.03,0.166,0.0,0.0,0.69,0.0,1.11,0.91,0.29,0.95,1.25,0.58,0.16,0.96,0.28,0.0,1.84,0.62,0.0
799,343.3,0.029073,0.148716,-0.988453,-0.08711,0.186133,-0.978655,-0.029,0.169,0.0,0.0,0.73,0.0,1.1,0.89,0.22,0.92,1.3,0.47,0.24,0.86,0.25,0.0,1.73,0.68,0.0
800,343.33,0.029433,0.139019,-0.989852,-0.095499,0.181877,-0.978673,-0.034,0.162,0.0,0.0,0.73,0.0,1.09,0.88,0.26,0.89,1.29,0.39,0.23,0.68,0.23,0.0,1.87,0.79,0.0
801,343.37,0.029634,0.121059,-0.992203,-0.084095,0.167276,-0.982317,-0.028,0.145,0.0,0.0,0.76,0.0,1.07,0.93,0.35,0.9,1.24,0.44,0.15,0.79,0.21,0.0,2.0,1.04,0.0
802,343.4,0.042131,0.10108,-0.993986,-0.077088,0.165824,-0.983138,-0.018,0.134,0.0,0.0,0.66,0.0,1.05,0.88,0.5,1.03,1.13,0.47,0.0,0.88,0.19,0.0,2.08,1.43,0.0
803,343.43,0.041547,0.094876,-0.994622,-0.056765,0.148756,-0.987243,-0.008,0.122,0.0,0.0,0.53,0.0,1.0,1.1,0.56,1.07,1.01,0.61,0.04,1.07,0.29,0.0,1.8,1.88,0.0
804,343.47,0.028842,0.089488,-0.99557,-0.048018,0.140805,-0.988872,-0.01,0.116,0.0,0.0,0.38,0.0,0.93,1.11,0.55,1.09,0.93,0.66,0.12,1.12,0.37,0.0,1.62,2.11,0.0
805,343.5,0.028722,0.098053,-0.994767,-0.048872,0.144167,-0.988346,-0.01,0.122,0.0,0.0,0.35,0.0,0.92,1.27,0.53,1.04,0.87,0.73,0.27,1.07,0.48,0.0,1.46,2.14,0.0
806,343.53,0.024286,0.106026,-0.994067,-0.052522,0.150313,-0.987242,-0.014,0.129,0.0,0.0,0.39,0.0,0.97,1.27,0.5,1.04,0.85,0.65,0.34,1.17,0.47,0.0,1.44,2.12,0.0
807,343.57,0.032193,0.107333,-0.993702,-0.045998,0.152021,-0.987306,-0.007,0.13,0.02,0.0,0.46,0.0,1.02,1.41,0.43,1.01,0.84,0.61,0.36,1.28,0.53,0.0,1.35,1.95,0.0
808,343.6,0.04908,0.120585,-0.991489,-0.047744,0.163569,-0.985376,0.001,0.143,0.02,0.0,0.61,0.0,1.04,1.35,0.29,0.9,0.87,0.54,0.36,1.47,0.59,0.0,1.24,1.74,0.0
809,343.63,0.049939,0.129601,-0.990308,-0.050507,0.155396,-0.98656,-0.0,0.143,0.02,0.0,0.73,0.0,1.03,1.2,0.19,0.78,0.96,0.47,0.39,1.37,0.63,0.0,1.09,1.44,0.0
810,343.67,0.046117,0.129278,-0.990535,-0.052482,0.150605,-0.9872,-0.003,0.141,0.0,0.0,0.82,0.0,1.02,1.11,0.14,0.73,1.0,0.4,0.4,1.3,0.66,0.0,1.03,1.43,0.0
811,343.7,0.047284,0.130113,-0.990371,-0.051962,0.152591,-0.986922,-0.002,0.142,0.0,0.0,0.84,0.0,1.05,1.19,0.14,0.78,1.05,0.51,0.47,1.21,0.71,0.0,1.01,1.48,0.0
812,343.73,0.04493,0.126127,-0.990996,-0.052486,0.150643,-0.987194,-0.004,0.139,0.0,0.0,0.88,0.0,1.07,1.13,0.2,0.89,1.08,0.62,0.46,1.35,0.71,0.0,1.14,1.51,0.0
813,343.77,0.057164,0.112318,-0.992027,-0.049417,0.146656,-0.987952,0.004,0.13,0.0,0.0,0.87,0.0,1.21,1.09,0.38,1.18,1.24,0.78,0.45,1.38,0.47,0.0,1.48,1.29,0.0
814,343.8,0.067262,0.087467,-0.993894,-0.047581,0.125277,-0.99098,0.01,0.107,0.0,0.0,0.83,0.0,1.38,1.08,0.68,1.42,1.44,0.74,0.31,1.28,0.17,0.0,2.09,1.06,0.0
815,343.83,0.060697,0.086055,-0.99444,-0.038187,0.119854,-0.992057,0.011,0.103,0.0,0.0,0.74,0.0,1.61,1.28,0.79,1.65,1.7,0.85,0.32,1.09,0.0,0.0,2.58,0.8,0.0
816,343.87,0.057528,0.102036,-0.993116,-0.039743,0.12913,-0.990831,0.009,0.116,0.0,0.0,0.65,0.0,1.71,1.33,0.79,1.67,1.81,0.88,0.39,0.92,0.0,0.0,2.85,0.89,0.0
817,343.9,0.059237,0.103795,-0.992833,-0.041643,0.130445,-0.990581,0.009,0.118,0.0,0.0,0.61,0.0,1.77,1.47,0.63,1.79,1.97,1.0,0.5,0.98,0.0,0.0,2.7,0.72,0.0
818,343.93,0.078841,0.101142,-0.991743,-0.038639,0.135371,-0.990041,0.02,0.119,0.0,0.0,0.57,0.0,1.76,1.4,0.55,1.81,2.02,0.95,0.52,0.93,0.0,0.0,2.59,0.68,0.0
819,343.97,0.083047,0.102858,-0.991223,-0.042438,0.138984,-0.989385,0.021,0.122,0.0,0.0,0.61,0.0,1.77,1.25,0.34,1.84,2.19,0.86,0.46,0.77,0.0,0.0,2.47,0.39,0.0
820,344.0,0.08813,0.135081,-0.986907,-0.052944,0.155315,-0.986445,0.018,0.146,0.0,0.0,0.7,0.0,1.76,1.09,0.2,1.79,2.25,0.8,0.37,0.45,0.0,0.0,2.61,0.3,0.0
821,344.03,0.08697,0.150673,-0.984751,-0.067784,0.153459,-0.985827,0.01,0.153,0.0,0.0,0.84,0.0,1.78,1.07,0.14,1.8,2.39,0.81,0.25,0.2,0.0,0.0,2.63,0.16,0.0
822,344.07,0.089207,0.157165,-0.983535,-0.058133,0.139839,-0.988466,0.016,0.149,0.0,0.0,0.97,0.0,1.82,1.21,0.25,1.89,2.46,0.94,0.15,0.05,0.0,0.0,2.62,0.08,0.0
823,344.1,0.091442,0.159631,-0.982932,-0.055234,0.138981,-0.988754,0.018,0.15,0.0,0.0,0.92,0.0,1.8,1.17,0.36,1.88,2.49,1.1,0.05,0.0,0.0,0.0,2.54,0.03,0.0
824,344.13,0.093048,0.159306,-0.982834,-0.051336,0.147457,-0.987735,0.021,0.154,0.0,0.0,0.89,0.0,1.78,1.17,0.42,1.85,2.47,1.21,0.02,0.0,0.0,0.0,2.5,0.0,0.0
825,344.17,0.090623,0.16119,-0.982754,-0.05876,0.152805,-0.986508,0.016,0.158,0.0,0.0,0.82,0.0,1.74,1.08,0.43,1.85,2.49,1.25,0.0,0.02,0.0,0.0,2.51,0.0,0.0
826,344.2,0.096736,0.155832,-0.983035,-0.059084,0.13894,-0.988537,0.019,0.148,0.0,0.0,0.77,0.0,1.75,1.09,0.35,1.84,2.53,1.21,0.01,0.11,0.0,0.0,2.59,0.0,0.0
827,344.23,0.092743,0.151987,-0.984022,-0.047784,0.133771,-0.98986,0.023,0.144,0.0,0.0,0.73,0.0,1.76,1.11,0.34,1.88,2.56,1.15,0.01,0.21,0.0,0.0,2.68,0.0,0.0
828,344.27,0.100527,0.148449,-0.983797,-0.051731,0.135238,-0.989462,0.025,0.143,0.0,0.0,0.7,0.0,1.76,1.18,0.36,1.84,2.54,1.13,0.05,0.3,0.0,0.0,2.73,0.0,0.0
829,344.3,0.101416,0.149376,-0.983566,-0.050554,0.137758,-0.989175,0.026,0.145,0.0,0.0,0.75,0.0,1.76,1.29,0.45,1.88,2.53,1.04,0.04,0.27,0.0,0.0,2.62,0.02,0.0
830,344.33,0.097504,0.151211,-0.983681,-0.042747,0.149736,-0.987801,0.028,0.151,0.0,0.0,0.73,0.0,1.77,1.32,0.46,1.83,2.52,0.99,0.04,0.25,0.0,0.0,2.49,0.02,0.0
831,344.37,0.09751,0.145596,-0.984527,-0.041786,0.144406,-0.988636,0.028,0.146,0.0,0.0,0.74,0.0,1.67,1.22,0.5,1.65,2.32,0.92,0.0,0.34,0.0,0.0,2.07,0.02,0.0
832,344.4,0.104408,0.156752,-0.982104,-0.046064,0.155268,-0.986798,0.03,0.157,0.0,0.0,0.7,0.0,1.54,1.09,0.46,1.54,2.11,0.94,0.03,0.55,0.06,0.0,1.73,0.0,0.0
833,344.43,0.106734,0.153762,-0.982326,-0.037169,0.147463,-0.988369,0.035,0.152,0.0,0.0,0.65,0.0,1.42,1.02,0.48,1.38,1.92,1.05,0.03,0.81,0.08,0.0,1.43,0.0,0.0
834,344.47,0.107155,0.156219,-0.981893,-0.036481,0.147867,-0.988334,0.036,0.153,0.0,0.0,0.6,0.0,1.41,1.04,0.46,1.34,1.93,1.1,0.03,0.96,0.08,0.0,1.41,0.0,0.0
835,344.5,0.108059,0.156298,-0.981781,-0.036936,0.147861,-0.988318,0.036,0.153,0.0,0.0,0.62,0.0,1.45,1.08,0.55,1.35,1.91,1.05,0.0,0.83,0.02,0.0,1.54,0.01,0.0
836,344.53,0.130355,0.166172,-0.977443,-0.031503,0.171623,-0.984659,0.05,0.17,0.0,0.0,0.61,0.0,1.47,1.14,0.58,1.44,1.92,0.93,0.0,0.7,0.0,0.0,1.64,0.01,0.0
837,344.57,0.123056,0.171793,-0.977417,-0.033138,0.171364,-0.98465,0.046,0.173,0.0,0.0,0.6,0.0,1.57,1.23,0.61,1.56,1.97,0.91,0.0,0.5,0.0,0.0,1.96,0.03,0.0
838,344.6,0.132864,0.155321,-0.978888,-0.011934,0.16813,-0.985693,0.061,0.163,0.0,0.0,0.57,0.0,1.64,1.29,0.55,1.58,2.02,0.88,0.0,0.47,0.02,0.0,2.19,0.05,0.0
839,344.63,0.12235,0.14034,-0.982515,-0.006624,0.160172,-0.987067,0.059,0.151,0.0,0.0,0.5,0.0,1.73,1.21,0.49,1.56,2.12,0.82,0.0,0.36,0.02,0.0,2.43,0.12,0.0
840,344.67,0.121998,0.13828,-0.982851,-0.002695,0.158345,-0.98738,0.06,0.149,0.0,0.0,0.5,0.0,1.77,1.11,0.48,1.55,2.14,0.76,0.0,0.27,0.02,0.0,2.5,0.14,0.0
841,344.7,0.124471,0.141374,-0.9821,-0.003398,0.162404,-0.986719,0.061,0.153,0.0,0.0,0.47,0.0,1.76,1.04,0.48,1.52,2.19,0.8,0.0,0.28,0.0,0.0,2.55,0.16,0.0
842,344.73,0.11916,0.133586,-0.983847,0.005349,0.16305,-0.986603,0.063,0.149,0.0,0.0,0.44,0.0,1.74,1.11,0.47,1.59,2.22,0.85,0.01,0.24,0.0,0.0,2.61,0.09,0.0
843,344.77,0.125824,0.128497,-0.983696,0.009936,0.164643,-0.986303,0.069,0.148,0.0,0.0,0.33,0.0,1.71,1.18,0.4,1.61,2.28,0.89,0.01,0.18,0.0,0.0,2.64,0.08,0.0
844,344.8,0.127585,0.127282,-0.983627,0.005058,0.157556,-0.987497,0.067,0.144,0.0,0.0,0.22,0.0,1.72,1.18,0.33,1.62,2.32,0.98,0.01,0.23,0.02,0.0,2.66,0.05,0.0
845,344.83,0.13567,0.1352,-0.981486,-0.003899,0.166562,-0.986023,0.067,0.152,0.0,0.0,0.15,0.0,1.71,1.15,0.27,1.55,2.33,1.08,0.0,0.43,0.02,0.0,2.66,0.08,0.0
846,344.87,0.133966,0.137618,-0.981384,-0.008857,0.15859,-0.987305,0.063,0.149,0.0,0.0,0.14,0.0,1.71,1.14,0.24,1.51,2.33,1.11,0.0,0.64,0.02,0.0,2.61,0.04,0.0
847,344.9,0.133552,0.139292,-0.981204,-0.009685,0.160748,-0.986948,0.063,0.151,0.0,0.0,0.17,0.0,1.72,1.2,0.19,1.56,2.35,1.04,0.0,0.74,0.0,0.0,2.5,0.04,0.0
848,344.93,0.136471,0.144366,-0.980068,-0.010785,0.157203,-0.987507,0.064,0.152,0.0,0.0,0.22,0.0,1.77,1.32,0.24,1.57,2.36,1.0,0.0,0.68,0.0,0.0,2.5,0.09,0.0
849,344.97,0.127151,0.133246,-0.982893,-0.009843,0.16911,-0.985548,0.06,0.152,0.0,0.0,0.23,0.0,1.82,1.31,0.27,1.6,2.38,0.98,0.02,0.61,0.0,0.0,2.51,0.18,0.0
850,345.0,0.120879,0.128732,-0.984285,-0.010636,0.167913,-0.985744,0.056,0.149,0.0,0.0,0.23,0.0,1.84,1.23,0.32,1.5,2.36,0.93,0.02,0.52,0.04,0.0,2.5,0.37,0.0
851,345.03,0.113222,0.144777,-0.982965,-0.022346,0.179691,-0.983469,0.046,0.164,0.0,0.0,0.21,0.0,1.77,1.07,0.35,1.44,2.2,0.93,0.01,0.53,0.12,0.0,2.19,0.41,0.0
852,345.07,0.110256,0.136748,-0.984451,-0.01753,0.170489,-0.985204,0.047,0.155,0.0,0.0,0.18,0.0,1.7,1.01,0.39,1.36,2.05,0.94,0.0,0.59,0.16,0.0,1.92,0.42,0.0
853,345.1,0.108295,0.135352,-0.984861,-0.017808,0.171047,-0.985102,0.046,0.154,0.0,0.0,0.14,0.0,1.61,1.06,0.5,1.34,1.82,1.02,0.0,0.75,0.11,0.01,1.68,0.32,0.0
854,345.13,0.098389,0.132211,-0.986327,-0.015332,0.156552,-0.987551,0.042,0.145,0.0,0.0,0.17,0.0,1.53,1.08,0.55,1.28,1.73,1.05,0.01,0.97,0.07,0.01,1.79,0.34,0.0
855,345.17,0.094719,0.13064,-0.986895,-0.027197,0.159813,-0.986773,0.034,0.146,0.0,0.0,0.23,0.0,1.46,1.07,0.55,1.37,1.66,1.04,0.06,1.16,0.08,0.01,1.71,0.39,0.0
856,345.2,0.087463,0.133971,-0.987118,-0.032237,0.163223,-0.986062,0.028,0.149,0.0,0.0,0.34,0.0,1.47,1.07,0.57,1.5,1.75,1.01,0.06,1.06,0.09,0.0,1.97,0.58,0.0
857,345.23,0.07178,0.140199,-0.987518,-0.042299,0.174969,-0.983665,0.015,0.159,0.0,0.0,0.35,0.0,1.58,1.08,0.55,1.68,1.9,0.98,0.08,0.84,0.07,0.0,2.15,0.69,0.0
858,345.27,0.075183,0.137948,-0.987582,-0.05076,0.175042,-0.983252,0.012,0.157,0.0,0.0,0.38,0.0,1.67,1.22,0.56,1.71,2.04,0.97,0.03,0.61,0.05,0.0,2.52,0.83,0.0
859,345.3,0.079028,0.139184,-0.987108,-0.055376,0.176894,-0.982671,0.012,0.159,0.0,0.0,0.34,0.0,1.73,1.29,0.54,1.79,2.07,0.97,0.03,0.51,0.03,0.0,2.58,0.83,0.01
860,345.33,0.104881,0.173284,-0.979272,-0.113751,0.216592,-0.969613,-0.005,0.197,0.0,0.0,0.33,0.0,1.78,1.33,0.59,1.72,2.07,0.93,0.0,0.48,0.06,0.0,2.58,0.9,0.46
861,345.37,0.203338,0.209046,-0.956532,-0.232812,0.262825,-0.936334,-0.016,0.244,0.0,0.0,0.32,0.0,1.78,1.31,0.64,1.65,2.1,0.88,0.0,0.48,0.11,0.0,2.5,0.92,1.03
862,345.4,0.206493,0.211335,-0.955352,-0.216609,0.255965,-0.942105,-0.005,0.241,0.0,0.0,0.28,0.0,1.71,1.04,0.68,1.47,2.15,0.88,0.0,0.48,0.23,0.0,2.41,0.99,1.75
863,345.43,0.169181,0.231178,-0.958089,-0.274088,0.266716,-0.92398,-0.056,0.259,0.0,0.0,0.28,0.0,1.58,0.68,0.65,1.39,2.16,0.81,0.0,0.42,0.18,0.0,2.29,0.94,2.03
864,345.47,0.183358,0.236229,-0.954241,-0.307544,0.282215,-0.90872,-0.067,0.271,0.0,0.0,0.33,0.0,1.51,0.33,0.63,1.29,2.19,0.76,0.0,0.35,0.11,0.0,2.22,0.89,2.16
865,345.5,0.184805,0.231054,-0.955229,-0.315669,0.279755,-0.906692,-0.07,0.268,0.0,0.0,0.43,0.0,1.51,0.3,0.69,1.25,2.14,0.67,0.0,0.32,0.0,0.0,2.22,0.8,1.99
866,345.53,0.159145,0.234698,-0.958952,-0.323676,0.288801,-0.901015,-0.088,0.274,0.0,0.0,0.4,0.0,1.54,0.55,0.8,1.16,2.08,0.55,0.0,0.28,0.05,0.0,2.16,0.72,1.72
867,345.57,0.109218,0.246592,-0.962945,-0.287744,0.309056,-0.90647,-0.095,0.289,0.0,0.0,0.37,0.0,1.53,0.78,0.95,1.11,2.02,0.46,0.04,0.31,0.05,0.0,2.13,0.67,1.46
868,345.6,0.108987,0.243962,-0.963641,-0.279523,0.296323,-0.913269,-0.091,0.28,0.0,0.0,0.3,0.0,1.5,0.96,0.98,1.05,2.07,0.38,0.05,0.27,0.05,0.0,1.95,0.57,1.3
869,345.63,0.079437,0.248994,-0.965242,-0.272194,0.332731,-0.902884,-0.103,0.302,0.0,0.0,0.25,0.0,1.49,0.96,0.98,1.07,2.04,0.28,0.16,0.23,0.0,0.0,2.05,0.62,1.25
870,345.67,0.06772,0.246867,-0.96668,-0.300011,0.338759,-0.89176,-0.124,0.305,0.0,0.0,0.14,0.0,1.48,0.9,0.97,1.05,1.95,0.15,0.21,0.15,0.0,0.0,2.09,0.55,1.25
871,345.7,0.067123,0.247858,-0.966468,-0.298999,0.338484,-0.892204,-0.124,0.306,0.0,0.0,0.03,0.0,1.49,0.81,1.05,1.03,1.89,0.0,0.2,0.11,0.0,0.0,2.23,0.66,1.27
872,345.73,0.044734,0.243374,-0.968901,-0.316691,0.339508,-0.885687,-0.146,0.305,0.0,0.0,0.01,0.0,1.45,0.8,1.06,1.05,1.91,0.0,0.18,0.08,0.0,0.0,2.12,0.6,1.36
873,345.77,0.041801,0.245095,-0.968598,-0.313166,0.344223,-0.88512,-0.145,0.308,0.0,0.0,0.01,0.0,1.44,0.82,1.09,1.05,1.92,0.0,0.22,0.06,0.0,0.0,2.03,0.69,1.4
874,345.8,0.042663,0.249688,-0.967386,-0.314691,0.34885,-0.882765,-0.146,0.313,0.0,0.0,0.09,0.0,1.51,0.84,1.03,1.11,1.95,0.05,0.26,0.02,0.0,0.0,2.06,0.6,1.25
875,345.83,0.00626,0.235716,-0.971802,-0.310211,0.32257,-0.894269,-0.161,0.291,0.0,0.0,0.28,0.0,1.59,0.76,1.03,1.16,1.96,0.22,0.32,0.02,0.0,0.0,2.4,0.47,1.03
876,345.87,-0.017486,0.253769,-0.967107,-0.315564,0.296001,-0.901556,-0.176,0.286,0.0,0.0,0.35,0.0,1.63,0.61,0.93,1.18,2.01,0.43,0.21,0.0,0.0,0.0,2.72,0.37,0.71
877,345.9,-0.016066,0.252865,-0.967368,-0.314178,0.305985,-0.898702,-0.175,0.291,0.0,0.0,0.4,0.0,1.62,0.51,0.86,1.22,2.06,0.65,0.31,0.0,0.0,0.0,3.06,0.42,0.53
878,345.93,-0.018304,0.237612,-0.971188,-0.30406,0.28594,-0.908728,-0.17,0.272,0.0,0.0,0.31,0.0,1.62,0.38,0.76,1.2,2.1,0.82,0.21,0.0,0.0,0.08,3.29,0.55,0.25
879,345.97,-0.027826,0.236466,-0.971241,-0.304532,0.293341,-0.906207,-0.175,0.275,0.0,0.0,0.32,0.0,1.6,0.34,0.62,1.27,2.14,0.87,0.26,0.0,0.0,0.19,3.55,0.69,0.09
880,346.0,-0.0518,0.238634,-0.969727,-0.290403,0.293716,-0.910712,-0.18,0.276,0.0,0.0,0.17,0.0,1.53,0.46,0.57,1.17,2.14,0.69,0.14,0.0,0.0,0.51,3.29,0.85,0.0
881,346.03,-0.068938,0.217602,-0.9736,-0.279397,0.266941,-0.922323,-0.182,0.25,0.0,0.0,0.07,0.0,1.41,0.67,0.52,1.07,2.07,0.34,0.1,0.0,0.05,0.72,2.67,0.97,0.0
882,346.07,-0.075095,0.21737,-0.973196,-0.291794,0.267637,-0.918274,-0.192,0.251,0.0,0.0,0.0,0.0,1.31,0.83,0.55,0.9,1.92,0.09,0.03,0.0,0.13,0.95,2.09,1.03,0.0
883,346.1,-0.069965,0.23304,-0.969947,-0.318019,0.290682,-0.902423,-0.204,0.273,0.0,0.0,0.0,0.0,1.2,0.61,0.51,0.94,1.79,0.05,0.14,0.0,0.13,0.95,2.02,1.17,0.0
884,346.13,-0.099576,0.238424,-0.966043,-0.302932,0.267399,-0.914729,-0.211,0.263,0.0,0.0,0.03,0.0,1.12,0.46,0.45,0.94,1.64,0.09,0.22,0.0,0.1,0.97,2.26,1.33,0.0
885,346.17,-0.119404,0.233473,-0.965004,-0.311549,0.264392,-0.912707,-0.226,0.259,0.0,0.0,0.03,0.0,1.06,0.4,0.4,1.0,1.56,0.11,0.32,0.0,0.02,0.93,2.45,1.4,0.0
886,346.2,-0.114672,0.234706,-0.965279,-0.308908,0.271063,-0.911647,-0.222,0.263,0.0,0.0,0.05,0.0,0.96,0.55,0.37,0.86,1.45,0.05,0.41,0.0,0.02,0.94,2.54,1.39,0.0
887,346.23,-0.146098,0.241884,-0.959243,-0.304544,0.269067,-0.913704,-0.236,0.266,0.0,0.0,0.08,0.0,0.94,0.55,0.37,0.77,1.46,0.01,0.52,0.0,0.05,0.9,2.58,1.53,0.0
888,346.27,-0.132691,0.247226,-0.959829,-0.31936,0.274442,-0.907023,-0.238,0.272,0.0,0.0,0.17,0.0,0.96,0.55,0.36,0.68,1.49,0.0,0.51,0.0,0.06,0.84,2.6,1.69,0.0
889,346.3,-0.132894,0.253312,-0.958213,-0.316612,0.280566,-0.906112,-0.237,0.279,0.0,0.0,0.31,0.0,1.05,0.43,0.36,0.78,1.5,0.0,0.36,0.0,0.12,0.8,2.59,1.66,0.0
890,346.33,-0.121117,0.24503,-0.96192,-0.312213,0.27135,-0.910435,-0.227,0.269,0.0,0.0,0.31,0.0,0.98,0.35,0.37,0.8,1.4,0.0,0.31,0.0,0.13,0.91,2.35,1.4,0.0
891,346.37,-0.136071,0.240762,-0.960999,-0.305146,0.264041,-0.914969,-0.231,0.263,0.0,0.0,0.24,0.0,0.93,0.24,0.33,0.74,1.33,0.0,0.32,0.0,0.23,1.06,2.09,1.22,0.0
892,346.4,-0.121429,0.240082,-0.963128,-0.307873,0.253402,-0.917061,-0.224,0.257,0.0,0.0,0.09,0.0,0.94,0.43,0.34,0.66,1.38,0.0,0.36,0.0,0.16,1.11,1.8,1.12,0.0
893,346.43,-0.12662,0.228569,-0.965258,-0.277989,0.241711,-0.929676,-0.21,0.243,0.0,0.0,0.09,0.0,0.94,0.65,0.32,0.7,1.49,0.0,0.22,0.0,0.12,1.0,1.77,1.21,0.0
894,346.47,-0.097488,0.214319,-0.971887,-0.276172,0.232559,-0.932548,-0.194,0.23,0.0,0.0,0.13,0.0,0.93,0.9,0.33,0.79,1.55,0.0,0.15,0.0,0.0,0.86,1.84,1.18,0.0
895,346.5,-0.093549,0.216574,-0.971774,-0.270665,0.236922,-0.933064,-0.189,0.234,0.0,0.0,0.3,0.0,0.73,0.79,0.2,0.75,1.45,0.0,0.22,0.0,0.05,0.92,1.83,1.16,0.0
896,346.53,-0.01447,0.161291,-0.986801,-0.247841,0.217356,-0.944103,-0.135,0.194,0.0,0.07,0.44,0.16,0.58,0.7,0.09,0.61,1.28,0.0,0.53,0.0,0.06,1.28,1.69,1.03,0.0
897,346.57,0.020937,0.143014,-0.989499,-0.212837,0.200964,-0.956198,-0.098,0.175,0.0,0.19,0.58,0.23,0.32,0.37,0.0,0.42,1.06,0.0,0.85,0.0,0.14,1.61,1.44,1.01,0.0
898,346.6,0.009249,0.129186,-0.991577,-0.214049,0.210932,-0.953777,-0.105,0.173,0.02,0.51,0.57,0.49,0.21,0.18,0.0,0.29,0.97,0.0,0.98,0.0,0.17,1.73,1.18,0.95,0.0
899,346.63,-0.011855,0.098537,-0.995063,-0.223704,0.202543,-0.95338,-0.12,0.153,0.19,0.95,0.52,0.63,0.19,0.0,0.0,0.35,1.05,0.0,0.99,0.0,0.23,1.58,1.06,1.02,0.0
900,346.67,-0.00466,0.156838,-0.987613,-0.160883,0.210681,-0.964225,-0.085,0.186,0.38,1.31,0.46,0.92,0.24,0.0,0.0,0.44,1.16,0.0,0.91,0.0,0.15,1.51,1.01,1.03,0.0
901,346.7,0.000397,0.147863,-0.989008,-0.163356,0.199585,-0.966168,-0.083,0.176,0.71,1.54,0.3,1.12,0.28,0.0,0.0,0.61,1.24,0.0,0.84,0.07,0.06,1.42,1.06,1.16,0.0
902,346.73,0.038475,0.152896,-0.987493,-0.127206,0.213829,-0.968553,-0.045,0.185,1.14,1.62,0.15,1.33,0.24,0.0,0.0,0.77,1.28,0.02,0.7,0.23,0.0,1.08,1.04,0.93,0.0
903,346.77,0.010268,0.160097,-0.987048,-0.137945,0.242748,-0.960231,-0.065,0.204,1.67,1.77,0.0,1.49,0.16,0.0,0.0,0.97,1.28,0.07,0.52,0.5,0.0,0.57,0.99,0.59,0.0
904,346.8,-0.011807,0.155489,-0.987767,-0.121875,0.206992,-0.970722,-0.068,0.183,2.07,1.8,0.0,1.53,0.19,0.0,0.0,1.06,1.33,0.19,0.33,0.68,0.0,0.14,0.99,0.16,0.0
905,346.83,-0.020577,0.158038,-0.987219,-0.158064,0.232516,-0.959662,-0.092,0.198,2.01,1.54,0.0,1.63,0.4,0.0,0.0,1.05,1.36,0.16,0.21,0.71,0.0,0.0,1.2,0.02,0.0
906,346.87,-0.052373,0.183271,-0.981666,-0.236702,0.209938,-0.94863,-0.149,0.201,1.74,1.16,0.0,1.46,0.68,0.0,0.0,1.0,1.43,0.11,0.21,0.59,0.0,0.0,1.42,0.0,0.0
907,346.9,-0.062071,0.188332,-0.980142,-0.255172,0.207777,-0.944307,-0.163,0.203,1.45,0.81,0.0,1.31,0.86,0.0,0.0,1.0,1.45,0.0,0.29,0.47,0.0,0.0,1.61,0.06,0.0
908,346.93,-0.057967,0.193246,-0.979437,-0.250928,0.210766,-0.944782,-0.159,0.207,1.34,0.66,0.0,1.25,0.86,0.0,0.01,0.93,1.44,0.0,0.27,0.54,0.0,0.0,1.73,0.18,0.0
909,346.97,-0.118758,0.163721,-0.979333,-0.274496,0.203043,-0.939907,-0.202,0.189,1.31,0.67,0.0,1.49,0.79,0.0,0.01,0.84,1.41,0.0,0.22,0.5,0.0,0.0,1.74,0.29,0.0
910,347.0,-0.156779,0.180903,-0.970924,-0.24975,0.179939,-0.951445,-0.208,0.186,1.23,0.64,0.0,1.51,0.67,0.0,0.03,0.74,1.41,0.0,0.14,0.48,0.0,0.0,1.73,0.36,0.0
911,347.03,-0.160774,0.187446,-0.969028,-0.255112,0.188015,-0.948456,-0.214,0.193,1.02,0.64,0.0,1.34,0.7,0.0,0.02,0.66,1.42,0.0,0.12,0.28,0.0,0.0,1.49,0.42,0.0
912,347.07,-0.080075,0.223251,-0.971466,-0.217732,0.246299,-0.94442,-0.154,0.24,0.9,0.61,0.0,1.18,0.73,0.0,0.03,0.63,1.41,0.0,0.1,0.27,0.0,0.0,1.35,0.43,0.0
913,347.1,-0.077732,0.221122,-0.972144,-0.218262,0.248782,-0.943647,-0.153,0.241,0.81,0.58,0.0,1.21,0.76,0.0,0.01,0.59,1.43,0.0,0.23,0.24,0.0,0.0,1.19,0.38,0.0
914,347.13,-0.065372,0.231601,-0.970612,-0.210773,0.275273,-0.937976,-0.144,0.26,0.87,0.57,0.0,1.14,0.67,0.0,0.01,0.54,1.38,0.0,0.38,0.23,0.0,0.0,1.19,0.36,0.0
915,347.17,-0.056121,0.215954,-0.974789,-0.190103,0.28592,-0.939208,-0.128,0.256,0.92,0.73,0.0,1.11,0.61,0.0,0.0,0.51,1.36,0.02,0.44,0.16,0.0,0.0,1.2,0.35,0.0
916,347.2,-0.067244,0.201786,-0.977119,-0.168265,0.256658,-0.951742,-0.121,0.233,0.91,0.8,0.0,1.12,0.57,0.0,0.0,0.48,1.3,0.02,0.34,0.1,0.0,0.0,1.29,0.29,0.0
917,347.23,-0.065986,0.199702,-0.977632,-0.174261,0.256924,-0.950591,-0.124,0.233,0.93,0.85,0.0,1.27,0.56,0.0,0.01,0.59,1.3,0.02,0.19,0.06,0.0,0.0,1.29,0.17,0.0
918,347.27,-0.051457,0.206557,-0.977081,-0.183844,0.248171,-0.951111,-0.121,0.232,0.81,0.58,0.0,1.39,0.52,0.0,0.01,0.62,1.29,0.0,0.16,0.05,0.0,0.0,1.31,0.17,0.0
919,347.3,-0.053694,0.204474,-0.977398,-0.184805,0.247571,-0.951081,-0.123,0.23,0.69,0.4,0.0,1.43,0.58,0.0,0.02,0.73,1.3,0.0,0.08,0.02,0.0,0.0,1.37,0.21,0.0
920,347.33,-0.056043,0.206282,-0.976886,-0.203142,0.250883,-0.946462,-0.134,0.233,0.5,0.18,0.0,1.43,0.69,0.0,0.03,0.82,1.34,0.0,0.09,0.09,0.0,0.0,1.49,0.2,0.0
921,347.37,-0.067339,0.197669,-0.977953,-0.243344,0.20975,-0.946989,-0.16,0.209,0.34,0.08,0.0,1.43,0.8,0.0,0.06,0.98,1.38,0.0,0.06,0.08,0.0,0.0,1.65,0.15,0.0
922,347.4,-0.106744,0.199668,-0.974032,-0.250543,0.213718,-0.944221,-0.184,0.212,0.18,0.0,0.0,1.38,0.87,0.0,0.05,1.04,1.43,0.0,0.06,0.08,0.0,0.0,1.79,0.14,0.0
923,347.43,-0.127691,0.20365,-0.970681,-0.242464,0.22521,-0.943659,-0.191,0.22,0.07,0.0,0.0,1.29,0.91,0.0,0.03,1.05,1.48,0.0,0.02,0.0,0.0,0.0,1.83,0.11,0.0
924,347.47,-0.131896,0.202646,-0.970329,-0.241505,0.225394,-0.943861,-0.193,0.22,0.02,0.0,0.0,1.12,0.97,0.0,0.0,1.04,1.53,0.0,0.0,0.0,0.0,0.0,1.84,0.09,0.0
925,347.5,-0.132717,0.204609,-0.969805,-0.245578,0.226611,-0.942517,-0.195,0.222,0.02,0.0,0.0,1.01,0.98,0.0,0.0,1.02,1.6,0.0,0.02,0.0,0.0,0.0,1.74,0.11,0.0
926,347.53,-0.121647,0.206227,-0.970913,-0.254278,0.241637,-0.936458,-0.195,0.231,0.01,0.0,0.0,0.87,1.04,0.0,0.0,1.03,1.65,0.01,0.02,0.0,0.0,0.0,1.77,0.12,0.0
927,347.57,-0.127045,0.200701,-0.97138,-0.25747,0.240382,-0.935909,-0.199,0.227,0.0,0.0,0.0,0.81,1.1,0.0,0.02,1.02,1.7,0.03,0.02,0.0,0.0,0.0,1.76,0.2,0.0
928,347.6,-0.116712,0.191643,-0.974501,-0.269629,0.230082,-0.935073,-0.2,0.217,0.0,0.0,0.0,0.84,1.11,0.0,0.02,1.11,1.7,0.11,0.03,0.0,0.0,0.0,1.81,0.2,0.0
929,347.63,-0.105841,0.197885,-0.974494,-0.310041,0.21146,-0.926908,-0.215,0.212,0.0,0.0,0.0,0.82,1.11,0.0,0.02,1.25,1.7,0.17,0.03,0.0,0.0,0.0,1.81,0.28,0.0
930,347.67,-0.116738,0.181778,-0.976386,-0.322065,0.180383,-0.929374,-0.226,0.188,0.0,0.0,0.0,0.66,1.12,0.0,0.0,1.38,1.7,0.2,0.03,0.0,0.0,0.0,1.83,0.27,0.0
931,347.7,-0.118857,0.182197,-0.976052,-0.315986,0.179524,-0.931624,-0.224,0.187,0.0,0.0,0.0,0.42,1.1,0.0,0.0,1.41,1.75,0.12,0.0,0.0,0.0,0.0,1.85,0.36,0.0
932,347.73,-0.153535,0.190467,-0.969613,-0.322474,0.226161,-0.919164,-0.247,0.217,0.0,0.0,0.0,0.23,1.06,0.02,0.02,1.3,1.71,0.14,0.0,0.0,0.0,0.0,1.79,0.45,0.0
933,347.77,-0.168412,0.193579,-0.966522,-0.330779,0.224482,-0.916621,-0.259,0.218,0.0,0.0,0.0,0.11,1.04,0.14,0.02,1.23,1.72,0.15,0.0,0.0,0.0,0.01,1.68,0.35,0.0
934,347.8,-0.155908,0.19788,-0.967748,-0.365231,0.176257,-0.914079,-0.27,0.196,0.0,0.0,0.0,0.03,1.08,0.26,0.05,1.13,1.7,0.15,0.0,0.0,0.0,0.01,1.58,0.19,0.0
935,347.83,-0.169427,0.209774,-0.962959,-0.374881,0.18315,-0.908802,-0.283,0.207,0.0,0.0,0.0,0.0,1.12,0.35,0.08,1.16,1.76,0.09,0.01,0.0,0.0,0.01,1.53,0.01,0.0
936,347.87,-0.156109,0.204473,-0.966344,-0.376283,0.190362,-0.906738,-0.277,0.208,0.0,0.0,0.0,0.0,1.16,0.27,0.12,1.15,1.79,0.07,0.01,0.0,0.0,0.0,1.47,0.01,0.0
937,347.9,-0.156371,0.205262,-0.966134,-0.376308,0.190573,-0.906683,-0.277,0.208,0.0,0.0,0.0,0.0,1.17,0.29,0.2,1.24,1.82,0.07,0.0,0.0,0.0,0.0,1.5,0.03,0.0
938,347.93,-0.090908,0.276995,-0.956561,-0.394054,0.262859,-0.880697,-0.258,0.286,0.0,0.0,0.0,0.0,1.19,0.48,0.22,1.29,1.77,0.04,0.0,0.0,0.0,0.03,1.55,0.11,0.0
939,347.97,-0.100364,0.28934,-0.95195,-0.403917,0.283341,-0.86981,-0.27,0.305,0.0,0.0,0.0,0.0,1.2,0.73,0.29,1.35,1.67,0.04,0.01,0.01,0.0,0.07,1.71,0.17,0.0
940,348.0,-0.097558,0.285512,-0.953397,-0.408458,0.285845,-0.866865,-0.271,0.304,0.0,0.0,0.0,0.0,1.19,0.92,0.33,1.22,1.57,0.05,0.07,0.05,0.0,0.12,1.67,0.15,0.05
941,348.03,-0.091017,0.292536,-0.951913,-0.395204,0.298608,-0.868704,-0.261,0.314,0.0,0.0,0.0,0.0,1.23,1.06,0.33,1.12,1.54,0.12,0.11,0.05,0.0,0.09,1.71,0.12,0.05
942,348.07,-0.067879,0.30441,-0.950119,-0.386925,0.304466,-0.870396,-0.245,0.323,0.0,0.0,0.0,0.0,1.23,1.17,0.31,1.02,1.54,0.09,0.13,0.04,0.0,0.05,1.66,0.11,0.08
943,348.1,-0.063111,0.302869,-0.95094,-0.387579,0.308784,-0.868582,-0.243,0.324,0.0,0.0,0.0,0.0,1.24,1.17,0.22,1.02,1.54,0.07,0.12,0.0,0.0,0.0,1.62,0.11,0.1
944,348.13,-0.065743,0.303654,-0.950511,-0.38626,0.308721,-0.869192,-0.243,0.325,0.0,0.0,0.0,0.0,1.25,1.06,0.29,1.09,1.59,0.08,0.08,0.0,0.0,0.0,1.44,0.07,0.1
945,348.17,-0.056238,0.301495,-0.951808,-0.351248,0.291513,-0.889744,-0.218,0.312,0.0,0.0,0.0,0.0,1.38,1.07,0.38,1.24,1.71,0.1,0.07,0.0,0.0,0.0,1.46,0.02,0.08
946,348.2,-0.077897,0.276621,-0.957817,-0.341307,0.26749,-0.901087,-0.222,0.285,0.0,0.0,0.0,0.0,1.55,0.96,0.45,1.46,1.91,0.21,0.02,0.0,0.0,0.0,1.51,0.02,0.01
947,348.23,-0.055357,0.259369,-0.964191,-0.28478,0.252121,-0.924843,-0.178,0.264,0.0,0.0,0.0,0.0,1.72,0.82,0.39,1.59,2.14,0.28,0.02,0.0,0.0,0.0,1.63,0.0,0.0
948,348.27,-0.058146,0.251248,-0.966175,-0.275375,0.255564,-0.926744,-0.174,0.262,0.0,0.0,0.0,0.0,1.8,0.77,0.31,1.72,2.31,0.4,0.0,0.0,0.0,0.0,1.56,0.0,0.0
949,348.3,-0.056045,0.246708,-0.967468,-0.27506,0.256334,-0.926625,-0.173,0.26,0.0,0.0,0.0,0.0,1.88,0.98,0.25,1.73,2.4,0.4,0.03,0.0,0.0,0.0,1.5,0.0,0.0
950,348.33,-0.048284,0.235992,-0.970555,-0.267805,0.25491,-0.92914,-0.165,0.253,0.0,0.0,0.0,0.0,1.9,1.14,0.33,1.81,2.42,0.47,0.14,0.0,0.0,0.0,1.6,0.0,0.0
951,348.37,-0.040636,0.207162,-0.977462,-0.230379,0.238315,-0.943468,-0.14,0.228,0.0,0.0,0.0,0.0,1.9,1.11,0.33,1.84,2.44,0.54,0.28,0.0,0.0,0.0,1.75,0.0,0.0
952,348.4,-0.039228,0.20698,-0.977558,-0.23153,0.239841,-0.942799,-0.14,0.229,0.0,0.0,0.0,0.0,1.85,0.79,0.35,1.92,2.45,0.65,0.33,0.0,0.0,0.0,1.93,0.0,0.0
953,348.43,-0.041868,0.217205,-0.975228,-0.20049,0.249217,-0.947467,-0.125,0.238,0.0,0.0,0.0,0.0,1.79,0.66,0.31,1.92,2.45,0.7,0.27,0.0,0.0,0.0,1.93,0.0,0.0
954,348.47,-0.035132,0.213068,-0.976406,-0.187518,0.255388,-0.94848,-0.115,0.239,0.0,0.0,0.0,0.0,1.75,0.57,0.31,1.86,2.43,0.71,0.2,0.0,0.0,0.0,1.95,0.0,0.0
955,348.5,-0.037049,0.20939,-0.97713,-0.187537,0.252376,-0.949282,-0.116,0.235,0.0,0.0,0.0,0.0,1.79,0.71,0.35,1.87,2.46,0.71,0.17,0.0,0.0,0.0,1.99,0.0,0.0
956,348.53,0.001816,0.219514,-0.975608,-0.158731,0.252518,-0.954484,-0.081,0.24,0.0,0.0,0.0,0.0,1.79,0.72,0.34,1.89,2.44,0.68,0.29,0.0,0.0,0.0,2.02,0.0,0.0
957,348.57,-0.003383,0.222197,-0.974996,-0.148323,0.26051,-0.95401,-0.078,0.245,0.0,0.0,0.06,0.0,1.82,0.8,0.36,1.95,2.47,0.64,0.32,0.0,0.0,0.0,2.09,0.0,0.0
958,348.6,0.045916,0.215151,-0.975501,-0.138324,0.233194,-0.962542,-0.048,0.227,0.0,0.0,0.06,0.0,1.8,0.89,0.34,1.96,2.45,0.72,0.4,0.0,0.0,0.0,2.18,0.0,0.0
959,348.63,0.041751,0.215634,-0.975581,-0.126101,0.2448,-0.961338,-0.044,0.233,0.0,0.0,0.06,0.0,1.81,0.81,0.3,1.92,2.49,0.78,0.35,0.03,0.0,0.0,2.29,0.0,0.0
960,348.67,0.048605,0.215866,-0.975212,-0.117213,0.240379,-0.963576,-0.035,0.231,0.0,0.0,0.0,0.0,1.73,0.7,0.26,1.85,2.48,0.89,0.4,0.03,0.0,0.0,2.33,0.0,0.0
961,348.7,0.047124,0.218256,-0.974753,-0.114421,0.243247,-0.963192,-0.035,0.234,0.0,0.0,0.0,0.0,1.73,0.6,0.23,1.8,2.51,0.92,0.42,0.07,0.0,0.0,2.34,0.0,0.0
962,348.73,0.049362,0.211127,-0.976211,-0.114052,0.227927,-0.966975,-0.033,0.222,0.0,0.0,0.0,0.0,1.77,0.82,0.34,1.82,2.49,0.94,0.38,0.07,0.0,0.0,2.3,0.0,0.0
963,348.77,0.07127,0.213078,-0.974432,-0.082124,0.212269,-0.973754,-0.006,0.215,0.0,0.0,0.0,0.0,1.84,0.94,0.4,1.81,2.49,0.99,0.36,0.15,0.0,0.0,2.28,0.0,0.0
964,348.8,0.070897,0.215159,-0.974002,-0.078128,0.215743,-0.973319,-0.004,0.218,0.0,0.0,0.0,0.0,1.85,1.02,0.47,1.78,2.52,0.86,0.31,0.21,0.0,0.0,2.18,0.0,0.0
965,348.83,0.096282,0.236543,-0.966839,-0.040836,0.230807,-0.972142,0.029,0.237,0.0,0.0,0.0,0.0,1.85,1.04,0.4,1.74,2.56,0.81,0.35,0.27,0.0,0.0,2.19,0.0,0.0
966,348.87,0.097717,0.237487,-0.966463,-0.036627,0.232435,-0.971922,0.032,0.238,0.0,0.0,0.0,0.0,1.84,1.18,0.38,1.71,2.6,0.68,0.37,0.3,0.0,0.0,2.19,0.0,0.0
967,348.9,0.09681,0.237466,-0.96656,-0.037516,0.232448,-0.971885,0.031,0.238,0.0,0.0,0.0,0.0,1.84,1.15,0.3,1.72,2.63,0.77,0.37,0.28,0.0,0.0,2.25,0.0,0.0
968,348.93,0.098144,0.226781,-0.968988,-0.01807,0.2239,-0.974445,0.041,0.228,0.0,0.0,0.0,0.0,1.81,1.09,0.31,1.73,2.6,0.72,0.37,0.29,0.0,0.0,2.29,0.0,0.0
969,348.97,0.121112,0.224915,-0.966822,-0.011316,0.22394,-0.974537,0.056,0.227,0.0,0.0,0.0,0.0,1.82,0.89,0.24,1.72,2.59,0.56,0.37,0.4,0.0,0.0,2.45,0.0,0.0
970,349.0,0.115312,0.217342,-0.96926,-0.006803,0.222415,-0.974928,0.056,0.222,0.0,0.0,0.0,0.0,1.83,0.84,0.24,1.72,2.53,0.33,0.5,0.52,0.0,0.0,2.61,0.0,0.0
971,349.03,0.117737,0.211906,-0.970172,-0.005188,0.217547,-0.976036,0.058,0.217,0.0,0.0,0.0,0.0,1.91,0.68,0.19,1.76,2.59,0.29,0.54,0.65,0.0,0.0,2.73,0.01,0.0
972,349.07,0.115306,0.206871,-0.97155,-0.001043,0.204916,-0.978779,0.059,0.208,0.0,0.0,0.0,0.0,1.95,0.69,0.26,1.84,2.62,0.36,0.63,0.66,0.0,0.0,2.73,0.02,0.0
973,349.1,0.117708,0.204542,-0.971755,-0.002044,0.204761,-0.97881,0.059,0.207,0.0,0.0,0.0,0.0,1.98,0.67,0.29,1.84,2.64,0.34,0.73,0.75,0.0,0.0,2.81,0.02,0.0
974,349.13,0.107375,0.202544,-0.973369,0.010935,0.197638,-0.980214,0.06,0.202,0.0,0.0,0.0,0.0,1.97,0.8,0.3,1.78,2.57,0.3,0.86,0.83,0.0,0.0,2.86,0.01,0.0
975,349.17,0.098599,0.191176,-0.976591,0.012873,0.206212,-0.978423,0.057,0.201,0.0,0.0,0.0,0.0,1.96,0.88,0.27,1.69,2.49,0.26,0.99,0.96,0.0,0.0,2.94,0.0,0.0
976,349.2,0.099933,0.190558,-0.976576,0.012648,0.206502,-0.978365,0.058,0.2,0.0,0.0,0.0,0.0,1.84,0.87,0.3,1.49,2.23,0.5,0.99,1.12,0.03,0.03,2.34,0.1,0.0
977,349.23,0.116034,0.212752,-0.970192,0.027917,0.236691,-0.971184,0.074,0.227,0.0,0.0,0.0,0.0,1.72,0.82,0.34,1.31,1.98,0.58,1.0,1.22,0.12,0.03,1.9,0.12,0.0
978,349.27,0.11384,0.193389,-0.974495,0.004804,0.227819,-0.973692,0.061,0.213,0.0,0.0,0.0,0.0,1.6,0.73,0.43,1.14,1.77,0.72,0.91,1.27,0.21,0.03,1.39,0.14,0.0
979,349.3,0.113619,0.193121,-0.974574,0.005438,0.227545,-0.973752,0.061,0.213,0.0,0.0,0.0,0.0,1.53,0.73,0.42,1.14,1.69,0.56,0.83,1.12,0.34,0.0,1.38,0.11,0.0
980,349.33,0.109793,0.196127,-0.974412,0.005291,0.22947,-0.973301,0.059,0.215,0.0,0.0,0.0,0.0,1.41,0.65,0.39,1.06,1.6,0.46,0.79,1.11,0.33,0.0,1.34,0.28,0.0
981,349.37,0.100698,0.191779,-0.976258,-0.002291,0.217788,-0.975993,0.05,0.207,0.0,0.0,0.06,0.0,1.15,0.55,0.25,1.07,1.29,0.22,0.7,1.14,0.25,0.0,1.21,0.86,0.0
982,349.4,0.069048,0.190009,-0.979351,-0.017775,0.218304,-0.975719,0.026,0.206,0.0,0.0,0.07,0.0,0.97,0.42,0.17,1.02,1.02,0.09,0.74,1.29,0.08,0.0,1.18,1.36,0.0
983,349.43,0.070988,0.18894,-0.97942,-0.019254,0.219561,-0.975409,0.026,0.206,0.0,0.0,0.09,0.0,0.81,0.48,0.07,1.09,0.76,0.0,0.86,1.53,0.0,0.0,0.71,1.92,0.0
984,349.47,0.066389,0.184486,-0.98059,-0.017086,0.206103,-0.978381,0.025,0.197,0.0,0.0,0.09,0.0,0.79,0.55,0.03,1.06,0.71,0.0,1.12,1.75,0.0,0.0,0.41,2.04,0.0
985,349.5,0.06543,0.183805,-0.980783,-0.01725,0.206513,-0.978292,0.025,0.197,0.0,0.0,0.14,0.0,0.79,0.67,0.0,1.06,0.66,0.0,1.25,1.92,0.0,0.0,0.12,2.19,0.0
986,349.53,0.065562,0.181767,-0.981154,-0.025226,0.208315,-0.977736,0.021,0.197,0.0,0.0,0.29,0.0,0.73,0.61,0.01,1.09,0.63,0.0,1.11,1.86,0.03,0.0,0.42,2.35,0.0
987,349.57,0.053835,0.18442,-0.981372,-0.029022,0.228348,-0.973147,0.013,0.208,0.0,0.0,0.38,0.0,0.67,0.56,0.02,1.14,0.58,0.0,0.86,1.78,0.03,0.0,0.75,2.57,0.0
988,349.6,0.0557,0.185875,-0.980993,-0.056022,0.246834,-0.967437,-0.0,0.219,0.0,0.0,0.46,0.0,0.61,0.66,0.11,1.11,0.5,0.0,0.72,1.68,0.03,0.0,1.07,2.75,0.0
989,349.63,0.048245,0.190571,-0.980487,-0.065821,0.250744,-0.965813,-0.009,0.223,0.0,0.0,0.33,0.0,0.58,0.63,0.11,0.98,0.51,0.0,0.76,1.67,0.0,0.0,0.97,2.66,0.0
990,349.67,0.04434,0.183497,-0.98202,-0.07484,0.235862,-0.968901,-0.016,0.212,0.0,0.0,0.19,0.0,0.56,0.62,0.11,0.86,0.56,0.0,0.84,1.66,0.0,0.0,0.83,2.53,0.0
991,349.7,0.04009,0.174422,-0.983854,-0.049057,0.210009,-0.976468,-0.005,0.194,0.0,0.0,0.13,0.0,0.52,0.41,0.03,0.89,0.65,0.0,0.96,1.7,0.0,0.0,0.77,2.41,0.0
992,349.73,0.03879,0.160765,-0.98623,-0.05215,0.208666,-0.976596,-0.007,0.186,0.0,0.0,0.15,0.0,0.54,0.32,0.03,0.98,0.67,0.0,1.0,1.7,0.0,0.0,0.79,2.42,0.0
993,349.77,0.039363,0.160204,-0.986299,-0.053988,0.205731,-0.977118,-0.007,0.184,0.0,0.0,0.27,0.0,0.56,0.34,0.08,0.95,0.69,0.0,1.07,1.68,0.14,0.0,0.78,2.34,0.0
994,349.8,0.017297,0.173132,-0.984747,-0.069255,0.202007,-0.976932,-0.026,0.189,0.0,0.0,0.33,0.0,0.59,0.52,0.13,0.83,0.69,0.0,1.07,1.61,0.22,0.0,0.69,2.29,0.0
995,349.83,0.018335,0.171774,-0.984966,-0.070882,0.201872,-0.976844,-0.027,0.188,0.0,0.0,0.33,0.0,0.55,0.63,0.13,0.76,0.69,0.0,1.13,1.51,0.27,0.0,0.68,2.2,0.0
996,349.87,0.014082,0.170225,-0.985305,-0.076202,0.201277,-0.976566,-0.032,0.187,0.0,0.0,0.3,0.0,0.49,0.56,0.06,0.77,0.64,0.0,1.15,1.42,0.22,0.0,0.63,2.12,0.0
997,349.9,0.011751,0.170648,-0.985262,-0.076753,0.202045,-0.976364,-0.033,0.188,0.0,0.0,0.21,0.0,0.46,0.39,0.0,0.75,0.64,0.0,1.11,1.39,0.18,0.0,0.72,2.03,0.0
998,349.93,0.009781,0.176017,-0.984338,-0.090683,0.201973,-0.975184,-0.041,0.191,0.0,0.0,0.16,0.0,0.51,0.31,0.0,0.75,0.67,0.0,0.83,1.19,0.15,0.0,0.99,1.55,0.0
999,349.97,-0.008006,0.185868,-0.982542,-0.102738,0.205851,-0.973175,-0.057,0.198,0.0,0.0,0.15,0.0,0.62,0.3,0.02,0.71,0.75,0.0,0.59,1.0,0.06,0.0,1.22,1.14,0.0
1000,350.0,-0.009035,0.186396,-0.982433,-0.104825,0.206395,-0.972838,-0.058,0.198,0.0,0.0,0.1,0.0,0.68,0.33,0.05,0.68,0.85,0.0,0.4,0.81,0.02,0.0,1.35,0.81,0.0
1001,350.03,-0.010955,0.178992,-0.983789,-0.120228,0.191441,-0.974113,-0.067,0.187,0.0,0.0,0.11,0.0,0.66,0.49,0.09,0.6,0.88,0.0,0.47,0.79,0.0,0.0,1.31,0.98,0.0
1002,350.07,-0.01671,0.175017,-0.984424,-0.112001,0.189804,-0.975413,-0.066,0.184,0.0,0.0,0.05,0.0,0.6,0.49,0.11,0.58,0.91,0.0,0.43,0.75,0.0,0.0,1.31,1.13,0.0
1003,350.1,-0.019675,0.174768,-0.984413,-0.111632,0.188825,-0.975645,-0.067,0.183,0.0,0.0,0.06,0.0,0.56,0.49,0.09,0.54,0.86,0.0,0.48,0.77,0.0,0.0,1.27,1.15,0.0
1004,350.13,-0.016663,0.176877,-0.984092,-0.118967,0.178984,-0.976633,-0.069,0.18,0.0,0.0,0.07,0.0,0.53,0.43,0.04,0.53,0.84,0.0,0.49,0.82,0.0,0.0,1.21,1.12,0.0
1005,350.17,-0.016146,0.179511,-0.983624,-0.118758,0.177138,-0.976995,-0.069,0.18,0.0,0.0,0.07,0.0,0.49,0.39,0.02,0.56,0.8,0.0,0.55,0.82,0.01,0.0,1.13,1.05,0.0
1006,350.2,-0.027073,0.184649,-0.982432,-0.120574,0.192243,-0.973912,-0.075,0.19,0.0,0.0,0.08,0.04,0.51,0.35,0.01,0.66,0.82,0.0,0.39,0.78,0.01,0.0,1.02,1.03,0.0
1007,350.23,-0.024838,0.185252,-0.982377,-0.125871,0.194641,-0.972765,-0.077,0.192,0.0,0.0,0.08,0.04,0.54,0.29,0.01,0.78,0.87,0.02,0.24,0.77,0.03,0.0,0.91,0.95,0.0
1008,350.27,-0.026397,0.190869,-0.981261,-0.12573,0.199076,-0.971885,-0.078,0.197,0.0,0.0,0.08,0.04,0.58,0.22,0.0,0.84,0.96,0.08,0.11,0.79,0.02,0.0,0.88,0.97,0.0
1009,350.3,-0.026255,0.194458,-0.980559,-0.125678,0.200501,-0.971599,-0.078,0.2,0.0,0.0,0.06,0.0,0.62,0.18,0.0,0.86,1.11,0.08,0.21,0.73,0.02,0.0,0.88,0.84,0.0
1010,350.33,-0.023847,0.180197,-0.983341,-0.116479,0.185816,-0.975656,-0.072,0.185,0.0,0.0,0.02,0.0,0.77,0.2,0.09,1.02,1.46,0.23,0.24,0.44,0.0,0.0,1.42,0.74,0.0
1011,350.37,-0.015154,0.177936,-0.983925,-0.113511,0.16795,-0.979239,-0.065,0.174,0.0,0.0,0.01,0.0,0.95,0.4,0.13,1.24,1.88,0.4,0.29,0.21,0.0,0.0,2.08,0.49,0.0
1012,350.4,-0.031164,0.172792,-0.984465,-0.119209,0.167152,-0.978698,-0.076,0.171,0.0,0.0,0.0,0.0,1.14,0.56,0.18,1.48,2.17,0.68,0.23,0.0,0.0,0.0,2.68,0.43,0.0
1013,350.43,-0.02212,0.181008,-0.983233,-0.121841,0.159888,-0.979587,-0.073,0.172,0.0,0.0,0.0,0.0,1.22,0.67,0.09,1.54,2.26,0.86,0.24,0.0,0.0,0.0,2.78,0.37,0.0
1014,350.47,-0.013226,0.158669,-0.987243,-0.108765,0.155244,-0.98187,-0.062,0.158,0.0,0.0,0.0,0.0,1.3,0.78,0.04,1.55,2.28,1.03,0.27,0.0,0.0,0.0,2.76,0.43,0.0
1015,350.5,-0.012534,0.158912,-0.987213,-0.110302,0.156542,-0.981493,-0.062,0.159,0.0,0.0,0.02,0.0,1.33,0.87,0.05,1.55,2.32,1.06,0.36,0.0,0.0,0.0,2.71,0.4,0.0
1016,350.53,-0.011418,0.163076,-0.986547,-0.098587,0.156091,-0.98281,-0.056,0.161,0.0,0.0,0.1,0.0,1.41,0.88,0.08,1.51,2.37,1.01,0.37,0.0,0.0,0.0,2.58,0.39,0.0
1017,350.57,0.00481,0.167313,-0.985892,-0.100594,0.167138,-0.980788,-0.049,0.168,0.0,0.0,0.1,0.0,1.51,0.8,0.08,1.51,2.47,1.0,0.34,0.0,0.0,0.0,2.39,0.21,0.0
1018,350.6,0.013979,0.174651,-0.984531,-0.109498,0.16682,-0.979888,-0.049,0.172,0.0,0.0,0.08,0.0,1.62,0.88,0.03,1.5,2.57,1.06,0.28,0.0,0.0,0.0,2.29,0.14,0.0
1019,350.63,0.010246,0.176982,-0.984161,-0.102315,0.167878,-0.980484,-0.047,0.174,0.0,0.0,0.05,0.0,1.65,0.88,0.0,1.42,2.64,1.05,0.24,0.0,0.0,0.0,2.23,0.03,0.0
1020,350.67,0.024263,0.188627,-0.981749,-0.106821,0.174376,-0.978868,-0.042,0.183,0.0,0.0,0.1,0.0,1.66,0.94,0.0,1.36,2.63,0.97,0.19,0.0,0.0,0.0,2.28,0.03,0.0
1021,350.7,0.027861,0.189004,-0.981581,-0.10704,0.176551,-0.978454,-0.04,0.184,0.0,0.0,0.17,0.0,1.67,0.86,0.0,1.28,2.63,0.84,0.14,0.0,0.0,0.0,2.28,0.0,0.0
1022,350.73,0.027641,0.182647,-0.98279,-0.116035,0.176339,-0.977466,-0.045,0.181,0.0,0.0,0.13,0.0,1.64,0.85,0.0,1.29,2.57,0.95,0.1,0.0,0.0,0.0,2.21,0.03,0.0
1023,350.77,0.040135,0.176199,-0.983536,-0.091792,0.171737,-0.980857,-0.026,0.175,0.0,0.0,0.11,0.0,1.62,0.96,0.0,1.2,2.54,1.02,0.16,0.0,0.0,0.0,2.0,0.09,0.0
1024,350.8,0.049294,0.178624,-0.982682,-0.086517,0.171725,-0.981338,-0.019,0.177,0.0,0.0,0.08,0.0,1.61,1.01,0.01,1.25,2.47,1.1,0.18,0.05,0.0,0.0,1.89,0.09,0.0
1025,350.83,0.047946,0.182812,-0.981978,-0.084943,0.185194,-0.979024,-0.019,0.186,0.0,0.0,0.06,0.0,1.58,1.05,0.01,1.35,2.47,1.03,0.25,0.16,0.01,0.0,1.84,0.16,0.0
1026,350.87,0.054923,0.174399,-0.983142,-0.074112,0.187653,-0.979435,-0.01,0.182,0.0,0.0,0.04,0.0,1.57,0.92,0.01,1.48,2.43,0.97,0.24,0.28,0.01,0.0,1.89,0.19,0.0
1027,350.9,0.054778,0.171294,-0.983696,-0.07263,0.185578,-0.979942,-0.009,0.18,0.0,0.0,0.0,0.0,1.57,0.93,0.0,1.51,2.39,0.89,0.17,0.35,0.05,0.0,1.83,0.21,0.0
1028,350.93,0.055286,0.17574,-0.982883,-0.074945,0.182535,-0.980339,-0.01,0.181,0.0,0.0,0.0,0.0,1.52,0.85,0.0,1.48,2.25,0.84,0.1,0.39,0.1,0.0,1.73,0.14,0.0
1029,350.97,0.088391,0.191863,-0.977433,-0.086694,0.220529,-0.97152,0.001,0.209,0.0,0.0,0.0,0.0,1.44,1.0,0.05,1.38,2.04,0.79,0.11,0.6,0.19,0.0,1.46,0.33,0.36
1030,351.0,0.208336,0.268183,-0.940571,-0.136146,0.295252,-0.945669,0.038,0.29,0.0,0.0,0.06,0.0,1.33,0.95,0.12,1.21,1.84,0.74,0.28,0.93,0.3,0.0,1.32,0.62,0.68
1031,351.03,0.194479,0.245394,-0.949715,-0.218555,0.332859,-0.917299,-0.013,0.3,0.0,0.0,0.15,0.0,1.32,1.2,0.12,1.1,1.73,0.61,0.41,1.18,0.41,0.0,1.22,0.87,0.75
1032,351.07,0.118005,0.215228,-0.969408,-0.152168,0.2936,-0.943739,-0.018,0.26,0.0,0.0,0.23,0.0,1.32,1.18,0.11,1.06,1.71,0.54,0.46,1.14,0.45,0.0,1.28,0.86,0.43
1033,351.1,0.120192,0.212889,-0.969656,-0.153114,0.29078,-0.944459,-0.017,0.257,0.0,0.0,0.22,0.0,1.31,1.08,0.1,1.14,1.72,0.55,0.33,0.97,0.35,0.0,1.22,0.76,0.11
1034,351.13,0.095627,0.200479,-0.97502,-0.129694,0.282464,-0.95047,-0.018,0.246,0.0,0.0,0.13,0.0,1.22,0.83,0.1,1.17,1.71,0.58,0.23,0.79,0.19,0.0,1.24,0.73,0.04
1035,351.17,0.053899,0.155749,-0.986325,-0.086397,0.211449,-0.973563,-0.017,0.185,0.0,0.0,0.11,0.0,1.21,0.77,0.06,1.14,1.73,0.62,0.09,0.73,0.06,0.0,1.41,0.72,0.0
1036,351.2,0.044913,0.17419,-0.983687,-0.080384,0.22218,-0.971686,-0.018,0.2,0.0,0.0,0.06,0.0,1.21,0.76,0.01,1.13,1.82,0.49,0.09,0.55,0.0,0.0,1.58,0.71,0.0
1037,351.23,0.036136,0.179032,-0.983179,-0.080953,0.219481,-0.972252,-0.023,0.201,0.0,0.0,0.06,0.0,1.3,0.88,0.01,1.09,1.95,0.38,0.12,0.48,0.0,0.0,1.86,0.61,0.0
1038,351.27,0.026024,0.170908,-0.984943,-0.078873,0.216573,-0.973075,-0.027,0.195,0.0,0.0,0.0,0.0,1.29,0.82,0.0,1.11,2.07,0.16,0.19,0.36,0.0,0.0,1.97,0.49,0.0
1039,351.3,0.02659,0.167563,-0.985503,-0.078545,0.215261,-0.973393,-0.027,0.193,0.0,0.0,0.0,0.0,1.28,0.83,0.0,1.12,2.14,0.09,0.15,0.38,0.0,0.0,2.19,0.45,0.0
1040,351.33,0.028489,0.16521,-0.985847,-0.078941,0.212497,-0.973968,-0.026,0.19,0.0,0.0,0.0,0.0,1.31,0.8,0.0,1.12,2.2,0.02,0.11,0.32,0.0,0.0,2.18,0.38,0.0
1041,351.37,0.027938,0.184385,-0.982457,-0.091382,0.205639,-0.974352,-0.032,0.197,0.0,0.0,0.0,0.0,1.43,0.79,0.01,1.22,2.33,0.08,0.12,0.27,0.0,0.0,2.37,0.29,0.0
1042,351.4,0.014449,0.17443,-0.984564,-0.097364,0.1921,-0.976534,-0.042,0.185,0.0,0.0,0.0,0.0,1.56,0.69,0.01,1.23,2.41,0.08,0.23,0.16,0.0,0.0,2.55,0.14,0.0
1043,351.43,0.014487,0.178036,-0.983917,-0.107617,0.192566,-0.975365,-0.047,0.187,0.0,0.0,0.0,0.0,1.65,0.55,0.03,1.27,2.48,0.13,0.29,0.08,0.0,0.0,2.69,0.06,0.0
1044,351.47,0.006293,0.170721,-0.985299,-0.110208,0.192186,-0.975151,-0.053,0.183,0.0,0.0,0.0,0.0,1.66,0.4,0.03,1.19,2.47,0.11,0.3,0.0,0.0,0.0,2.7,0.0,0.0
1045,351.5,0.004228,0.170645,-0.985323,-0.109136,0.191548,-0.975397,-0.053,0.183,0.0,0.0,0.0,0.0,1.65,0.47,0.03,1.26,2.5,0.13,0.26,0.0,0.0,0.0,2.66,0.0,0.0
1046,351.53,0.011795,0.185412,-0.98259,-0.114879,0.20216,-0.972591,-0.053,0.196,0.0,0.0,0.0,0.0,1.63,0.52,0.04,1.34,2.51,0.09,0.25,0.0,0.0,0.0,2.73,0.0,0.0
1047,351.57,0.008815,0.184044,-0.982878,-0.114806,0.20348,-0.972325,-0.054,0.196,0.0,0.0,0.0,0.0,1.59,0.5,0.02,1.35,2.49,0.04,0.21,0.0,0.0,0.0,2.66,0.0,0.0
1048,351.6,0.003919,0.182887,-0.983126,-0.122187,0.18812,-0.974516,-0.06,0.187,0.0,0.0,0.0,0.0,1.61,0.52,0.03,1.29,2.51,0.03,0.22,0.0,0.0,0.0,2.54,0.0,0.0
1049,351.63,-0.007144,0.179372,-0.983755,-0.121415,0.193866,-0.973486,-0.066,0.188,0.0,0.0,0.0,0.0,1.55,0.53,0.01,1.21,2.46,0.03,0.16,0.0,0.0,0.0,2.37,0.0,0.0
1050,351.67,-0.009639,0.175721,-0.984393,-0.126241,0.188122,-0.973998,-0.069,0.184,0.0,0.0,0.0,0.0,1.53,0.61,0.04,1.24,2.45,0.07,0.14,0.0,0.0,0.0,2.31,0.01,0.0
1051,351.7,-0.009042,0.174102,-0.984686,-0.126063,0.190225,-0.973613,-0.069,0.184,0.0,0.0,0.0,0.0,1.46,0.54,0.08,1.26,2.42,0.13,0.09,0.04,0.0,0.0,2.27,0.01,0.0
1052,351.73,-0.0114,0.16898,-0.985554,-0.123205,0.185549,-0.974881,-0.069,0.179,0.0,0.0,0.0,0.0,1.48,0.48,0.1,1.28,2.46,0.21,0.07,0.09,0.0,0.0,2.26,0.01,0.0
1053,351.77,-0.01028,0.166311,-0.98602,-0.124177,0.18767,-0.974351,-0.068,0.179,0.0,0.0,0.0,0.0,1.47,0.5,0.15,1.32,2.38,0.27,0.19,0.21,0.0,0.0,2.27,0.02,0.0
1054,351.8,-0.02099,0.153075,-0.987992,-0.13106,0.17447,-0.975901,-0.077,0.165,0.0,0.0,0.0,0.0,1.43,0.46,0.15,1.35,2.29,0.34,0.28,0.41,0.0,0.0,2.25,0.04,0.0
1055,351.83,-0.021189,0.147471,-0.988839,-0.121282,0.17295,-0.977435,-0.072,0.162,0.0,0.0,0.0,0.0,1.39,0.41,0.18,1.31,2.16,0.4,0.42,0.66,0.0,0.0,2.32,0.2,0.0
1056,351.87,-0.024511,0.151864,-0.988097,-0.129582,0.179249,-0.975232,-0.078,0.167,0.0,0.0,0.0,0.0,1.4,0.35,0.22,1.27,2.13,0.49,0.36,0.85,0.0,0.0,2.36,0.25,0.0
1057,351.9,-0.023926,0.152416,-0.988027,-0.128771,0.182288,-0.974777,-0.078,0.169,0.0,0.0,0.0,0.0,1.39,0.43,0.23,1.13,2.07,0.51,0.38,0.89,0.0,0.0,2.46,0.45,0.0
1058,351.93,0.053279,0.174072,-0.983291,-0.264235,0.262722,-0.927985,-0.11,0.225,0.0,0.0,0.0,0.0,1.4,0.59,0.26,1.13,2.06,0.58,0.42,0.84,0.0,0.0,2.44,0.56,0.0
1059,351.97,0.03223,0.182421,-0.982692,-0.252345,0.264011,-0.930924,-0.115,0.229,0.0,0.0,0.1,0.0,1.35,0.48,0.28,1.06,2.01,0.51,0.44,0.77,0.16,0.0,2.42,0.87,0.42
1060,352.0,0.166182,0.237956,-0.956954,-0.305982,0.326535,-0.894287,-0.075,0.296,0.0,0.0,0.15,0.0,1.3,0.67,0.4,1.01,1.86,0.42,0.45,0.59,0.26,0.0,2.39,0.87,0.42
1061,352.03,0.040953,0.213741,-0.976032,-0.283535,0.295501,-0.912298,-0.128,0.263,0.0,0.0,0.16,0.0,1.07,0.45,0.42,0.89,1.65,0.18,0.42,0.39,0.28,0.0,2.3,0.77,0.42
1062,352.07,0.011741,0.157632,-0.987428,-0.204386,0.234905,-0.950287,-0.099,0.2,0.0,0.0,0.06,0.0,0.89,0.4,0.39,0.82,1.47,0.07,0.43,0.19,0.13,0.0,2.22,0.54,0.0
1063,352.1,0.013127,0.158809,-0.987222,-0.206665,0.235637,-0.949613,-0.1,0.201,0.0,0.0,0.01,0.0,0.75,0.1,0.32,0.81,1.43,0.0,0.41,0.15,0.03,0.0,2.16,0.44,0.0
1064,352.13,0.010048,0.162941,-0.986585,-0.205683,0.235402,-0.949884,-0.101,0.203,0.0,0.0,0.03,0.0,0.75,0.17,0.37,0.71,1.4,0.0,0.41,0.13,0.01,0.0,2.02,0.47,0.0
1065,352.17,-0.02978,0.169306,-0.985114,-0.156903,0.179222,-0.971216,-0.095,0.176,0.0,0.0,0.1,0.0,0.74,0.16,0.36,0.73,1.35,0.0,0.42,0.17,0.0,0.0,2.03,0.42,0.0
1066,352.2,-0.021628,0.163357,-0.98633,-0.155898,0.17051,-0.972945,-0.09,0.169,0.0,0.0,0.28,0.0,0.69,0.12,0.35,0.78,1.37,0.13,0.42,0.35,0.0,0.0,1.77,0.53,0.0
1067,352.23,-0.026673,0.151693,-0.988068,-0.134009,0.172676,-0.97582,-0.082,0.164,0.0,0.0,0.34,0.0,0.65,0.0,0.3,0.84,1.41,0.26,0.37,0.6,0.02,0.06,1.62,0.63,0.0
1068,352.27,-0.018483,0.132079,-0.991067,-0.14227,0.166972,-0.975643,-0.082,0.151,0.0,0.0,0.4,0.0,0.61,0.0,0.33,0.8,1.46,0.32,0.33,0.87,0.05,0.12,1.27,0.85,0.0
1069,352.3,-0.01489,0.133458,-0.990943,-0.141218,0.166793,-0.975827,-0.079,0.151,0.0,0.0,0.29,0.0,0.56,0.07,0.39,0.78,1.42,0.28,0.3,1.02,0.13,0.26,0.91,0.94,0.0
1070,352.33,-0.017643,0.137383,-0.990361,-0.136991,0.163011,-0.977067,-0.078,0.152,0.0,0.0,0.27,0.0,0.53,0.22,0.42,0.84,1.35,0.18,0.29,1.04,0.22,0.29,0.61,1.01,0.0
1071,352.37,-0.028306,0.140223,-0.989715,-0.12111,0.169749,-0.978017,-0.076,0.156,0.0,0.0,0.14,0.0,0.52,0.22,0.45,0.86,1.32,0.29,0.2,0.99,0.18,0.23,0.46,1.01,0.0
1072,352.4,-0.014729,0.152228,-0.988236,-0.116731,0.155602,-0.980898,-0.067,0.155,0.0,0.0,0.07,0.0,0.58,0.15,0.39,0.83,1.37,0.38,0.09,0.9,0.11,0.09,0.62,0.99,0.0
1073,352.43,-0.012304,0.148028,-0.988907,-0.121203,0.163892,-0.979004,-0.068,0.157,0.0,0.0,0.0,0.0,0.63,0.04,0.26,0.81,1.45,0.6,0.0,0.84,0.0,0.0,0.74,0.85,0.0
1074,352.47,0.058477,0.188496,-0.980331,-0.168735,0.216056,-0.96169,-0.057,0.205,0.0,0.0,0.0,0.0,0.63,0.08,0.13,0.77,1.49,0.69,0.0,0.8,0.0,0.0,0.79,0.75,0.0
1075,352.5,0.055903,0.19122,-0.979954,-0.167358,0.219009,-0.961263,-0.057,0.208,0.0,0.0,0.02,0.0,0.67,0.12,0.12,0.83,1.52,0.68,0.0,0.71,0.0,0.0,0.89,0.61,0.0
1076,352.53,0.089993,0.209396,-0.973681,-0.195089,0.288069,-0.937527,-0.055,0.255,0.0,0.0,0.02,0.0,0.78,0.23,0.11,0.93,1.66,0.66,0.05,0.67,0.0,0.0,1.08,0.45,0.0
1077,352.57,0.098571,0.215812,-0.971447,-0.163525,0.268558,-0.949282,-0.034,0.247,0.0,0.0,0.04,0.0,0.9,0.21,0.1,1.04,1.82,0.58,0.14,0.64,0.0,0.0,1.25,0.28,0.0
1078,352.6,0.096954,0.214642,-0.971869,-0.173681,0.297086,-0.938922,-0.04,0.262,0.0,0.0,0.08,0.0,0.98,0.31,0.03,1.08,2.01,0.49,0.19,0.66,0.0,0.0,1.34,0.21,0.06
1079,352.63,0.108874,0.241067,-0.964382,-0.164267,0.307413,-0.937291,-0.029,0.281,0.0,0.0,0.13,0.0,1.13,0.39,0.05,1.14,2.26,0.39,0.22,0.5,0.0,0.0,1.7,0.29,0.14
1080,352.67,0.116666,0.243043,-0.962974,-0.158644,0.310823,-0.937135,-0.022,0.284,0.0,0.0,0.16,0.0,1.3,0.62,0.03,1.2,2.53,0.35,0.21,0.39,0.0,0.0,2.07,0.33,0.21
1081,352.7,0.116604,0.242489,-0.963121,-0.159133,0.31083,-0.937049,-0.022,0.283,0.0,0.0,0.26,0.0,1.45,0.74,0.03,1.35,2.64,0.42,0.2,0.18,0.0,0.0,2.46,0.34,0.22
1082,352.73,0.127144,0.230807,-0.964657,-0.154086,0.273374,-0.949486,-0.014,0.258,0.0,0.0,0.29,0.0,1.49,0.75,0.01,1.35,2.63,0.45,0.24,0.14,0.0,0.0,2.65,0.29,0.14
1083,352.77,0.120809,0.230366,-0.965576,-0.157556,0.279093,-0.94725,-0.019,0.26,0.0,0.0,0.31,0.0,1.51,0.76,0.01,1.4,2.58,0.37,0.29,0.03,0.0,0.0,2.84,0.26,0.07
1084,352.8,0.118449,0.226592,-0.966761,-0.167347,0.279891,-0.945334,-0.026,0.259,0.0,0.0,0.19,0.0,1.54,0.75,0.0,1.36,2.62,0.39,0.33,0.07,0.0,0.0,2.91,0.25,0.04
1085,352.83,0.12525,0.233898,-0.96416,-0.162367,0.283457,-0.94514,-0.019,0.265,0.0,0.0,0.17,0.0,1.62,0.96,0.06,1.38,2.67,0.4,0.28,0.04,0.0,0.0,2.71,0.22,0.17
1086,352.87,0.132616,0.227707,-0.964657,-0.169456,0.285433,-0.943299,-0.019,0.263,0.0,0.0,0.19,0.0,1.7,1.12,0.1,1.42,2.72,0.5,0.17,0.06,0.0,0.0,2.54,0.18,0.34
1087,352.9,0.133158,0.230474,-0.963925,-0.169723,0.287212,-0.942711,-0.019,0.265,0.0,0.0,0.22,0.0,1.73,1.33,0.16,1.42,2.74,0.43,0.14,0.02,0.0,0.0,2.49,0.15,0.44
1088,352.93,0.145073,0.234168,-0.961311,-0.166074,0.288948,-0.94283,-0.011,0.268,0.0,0.0,0.28,0.0,1.71,1.35,0.12,1.43,2.73,0.45,0.18,0.02,0.0,0.0,2.53,0.14,0.37
1089,352.97,0.15125,0.22839,-0.961749,-0.166956,0.284844,-0.943922,-0.008,0.263,0.0,0.0,0.32,0.0,1.68,1.36,0.13,1.37,2.69,0.45,0.22,0.0,0.0,0.0,2.51,0.16,0.28
1090,353.0,0.153712,0.226213,-0.961873,-0.169128,0.28465,-0.943594,-0.008,0.262,0.0,0.0,0.31,0.0,1.71,1.31,0.1,1.4,2.7,0.38,0.18,0.01,0.0,0.0,2.5,0.14,0.16
1091,353.03,0.139339,0.215278,-0.966561,-0.156844,0.276706,-0.948068,-0.009,0.252,0.0,0.0,0.2,0.0,1.73,1.22,0.07,1.37,2.7,0.31,0.09,0.01,0.0,0.0,2.55,0.1,0.09
1092,353.07,0.148198,0.222927,-0.963504,-0.143082,0.277496,-0.950012,0.003,0.256,0.0,0.0,0.07,0.0,1.78,1.12,0.03,1.4,2.76,0.31,0.02,0.02,0.0,0.0,2.58,0.04,0.02
1093,353.1,0.150479,0.223011,-0.963131,-0.143584,0.279098,-0.949467,0.004,0.257,0.0,0.0,0.03,0.0,1.81,1.17,0.05,1.28,2.7,0.37,0.02,0.06,0.0,0.0,2.53,0.0,0.0
1094,353.13,0.17073,0.218139,-0.960867,-0.134588,0.288509,-0.947971,0.019,0.259,0.0,0.0,0.06,0.0,1.8,1.15,0.13,1.28,2.67,0.36,0.02,0.06,0.0,0.0,2.44,0.0,0.0
1095,353.17,0.167109,0.224857,-0.959955,-0.145737,0.294121,-0.944592,0.011,0.266,0.0,0.0,0.15,0.0,1.79,1.28,0.18,1.25,2.64,0.32,0.02,0.05,0.0,0.0,2.4,0.0,0.0
1096,353.2,0.164276,0.22582,-0.960218,-0.144462,0.290067,-0.94604,0.01,0.264,0.0,0.0,0.2,0.0,1.76,1.21,0.19,1.22,2.63,0.27,0.01,0.01,0.0,0.0,2.4,0.0,0.01
1097,353.23,0.147398,0.229863,-0.961996,-0.145569,0.285295,-0.947321,0.001,0.264,0.0,0.0,0.25,0.0,1.8,1.25,0.22,1.19,2.66,0.25,0.06,0.01,0.0,0.0,2.35,0.0,0.01
1098,353.27,0.158458,0.228633,-0.96053,-0.141178,0.28377,-0.948443,0.009,0.262,0.0,0.0,0.24,0.0,1.81,1.1,0.28,1.15,2.68,0.27,0.11,0.01,0.0,0.0,2.25,0.0,0.01
1099,353.3,0.156278,0.231429,-0.960218,-0.141754,0.287698,-0.947173,0.008,0.266,0.0,0.0,0.17,0.0,1.8,1.02,0.28,1.21,2.7,0.29,0.2,0.0,0.0,0.0,2.3,0.0,0.0
1100,353.33,0.144839,0.233143,-0.961595,-0.132779,0.290667,-0.947567,0.006,0.268,0.0,0.0,0.08,0.0,1.76,0.92,0.24,1.18,2.66,0.25,0.15,0.0,0.0,0.0,2.45,0.0,0.0
1101,353.37,0.152896,0.233404,-0.960284,-0.126838,0.281631,-0.951102,0.014,0.263,0.0,0.0,0.0,0.0,1.73,0.84,0.21,1.15,2.61,0.21,0.15,0.0,0.0,0.0,2.6,0.02,0.0
1102,353.4,0.139819,0.234527,-0.962002,-0.125188,0.284722,-0.950401,0.008,0.265,0.0,0.0,0.0,0.0,1.71,0.86,0.17,1.17,2.58,0.14,0.07,0.0,0.0,0.0,2.59,0.02,0.0
1103,353.43,0.131781,0.233385,-0.963413,-0.120669,0.278994,-0.952681,0.006,0.261,0.0,0.0,0.0,0.0,1.69,0.87,0.19,1.14,2.59,0.17,0.07,0.0,0.0,0.0,2.48,0.02,0.0
1104,353.47,0.12285,0.232373,-0.964837,-0.129422,0.283637,-0.950158,-0.003,0.263,0.0,0.0,0.0,0.0,1.69,0.95,0.19,1.14,2.62,0.16,0.02,0.01,0.0,0.0,2.43,0.0,0.0
1105,353.5,0.121496,0.233069,-0.964841,-0.126477,0.287807,-0.9493,-0.003,0.266,0.0,0.0,0.0,0.0,1.71,0.95,0.21,1.15,2.65,0.22,0.05,0.05,0.0,0.0,2.47,0.0,0.0
1106,353.53,0.128758,0.225452,-0.965709,-0.140311,0.284107,-0.94847,-0.006,0.26,0.0,0.0,0.0,0.0,1.69,0.9,0.19,1.25,2.65,0.24,0.12,0.06,0.05,0.0,2.48,0.0,0.0
1107,353.57,0.133259,0.227433,-0.964633,-0.14397,0.278962,-0.949449,-0.006,0.259,0.0,0.0,0.0,0.0,1.67,0.88,0.16,1.37,2.67,0.35,0.21,0.06,0.05,0.0,2.42,0.0,0.0
1108,353.6,0.137293,0.227394,-0.964076,-0.140904,0.280753,-0.949381,-0.002,0.26,0.0,0.0,0.0,0.0,1.66,0.71,0.16,1.28,2.68,0.48,0.21,0.01,0.05,0.0,2.24,0.0,0.03
1109,353.63,0.11669,0.236227,-0.964666,-0.151257,0.277998,-0.948598,-0.018,0.263,0.0,0.0,0.07,0.0,1.71,0.79,0.24,1.19,2.68,0.52,0.19,0.0,0.0,0.0,2.17,0.0,0.06
1110,353.67,0.139553,0.244888,-0.959455,-0.130652,0.283801,-0.949941,0.005,0.27,0.0,0.0,0.14,0.0,1.72,0.8,0.27,1.09,2.66,0.47,0.1,0.0,0.0,0.0,2.15,0.0,0.11
1111,353.7,0.137092,0.24352,-0.960158,-0.129644,0.278497,-0.951647,0.004,0.267,0.0,0.0,0.25,0.0,1.79,1.1,0.27,1.14,2.7,0.41,0.05,0.0,0.0,0.0,2.12,0.0,0.08
1112,353.73,0.148992,0.250211,-0.956659,-0.124181,0.27799,-0.952523,0.013,0.27,0.0,0.0,0.18,0.0,1.74,1.27,0.19,1.15,2.72,0.31,0.01,0.0,0.0,0.0,2.02,0.0,0.05
1113,353.77,0.158145,0.255686,-0.953737,-0.13173,0.298468,-0.945285,0.014,0.284,0.0,0.0,0.17,0.0,1.74,1.49,0.14,1.19,2.76,0.25,0.02,0.0,0.0,0.0,1.89,0.0,0.0
1114,353.8,0.161839,0.255012,-0.953298,-0.127399,0.292335,-0.947792,0.018,0.28,0.0,0.0,0.11,0.0,1.73,1.57,0.1,1.16,2.75,0.15,0.02,0.0,0.0,0.0,1.81,0.0,0.0
1115,353.83,0.163587,0.25458,-0.953115,-0.133202,0.289875,-0.94775,0.016,0.279,0.0,0.0,0.11,0.0,1.78,1.44,0.06,1.23,2.74,0.22,0.02,0.0,0.0,0.0,1.79,0.0,0.0
1116,353.87,0.160077,0.262989,-0.951427,-0.12304,0.291472,-0.948633,0.019,0.284,0.0,0.0,0.05,0.0,1.82,1.35,0.03,1.28,2.68,0.24,0.04,0.0,0.0,0.0,1.84,0.0,0.0
1117,353.9,0.158445,0.253612,-0.954241,-0.118111,0.27981,-0.952762,0.021,0.273,0.0,0.0,0.0,0.0,1.8,1.14,0.0,1.4,2.64,0.35,0.04,0.0,0.0,0.0,1.84,0.0,0.0
1118,353.93,0.158759,0.264524,-0.951222,-0.122107,0.287248,-0.950041,0.019,0.282,0.0,0.0,0.0,0.0,1.8,1.12,0.0,1.41,2.63,0.4,0.03,0.0,0.0,0.0,1.85,0.0,0.01
1119,353.97,0.15858,0.263178,-0.951625,-0.121584,0.292717,-0.948438,0.019,0.285,0.0,0.0,0.0,0.0,1.82,1.17,0.02,1.37,2.63,0.49,0.0,0.0,0.0,0.0,1.8,0.0,0.01
1120,354.0,0.168238,0.254568,-0.952308,-0.138619,0.288378,-0.94743,0.016,0.278,0.0,0.0,0.0,0.0,1.85,1.31,0.02,1.38,2.69,0.59,0.0,0.03,0.0,0.0,1.79,0.0,0.01
1121,354.03,0.171942,0.254991,-0.951533,-0.132443,0.280116,-0.950786,0.021,0.274,0.0,0.0,0.03,0.0,1.85,1.35,0.02,1.37,2.72,0.63,0.0,0.05,0.0,0.0,1.79,0.0,0.0
1122,354.07,0.17153,0.253429,-0.952025,-0.137077,0.286559,-0.948206,0.018,0.277,0.0,0.0,0.05,0.0,1.83,1.3,0.0,1.4,2.74,0.73,0.0,0.05,0.0,0.0,1.83,0.0,0.0
1123,354.1,0.169684,0.250061,-0.953245,-0.133243,0.278429,-0.95117,0.019,0.271,0.0,0.0,0.05,0.0,1.81,1.23,0.0,1.4,2.71,0.8,0.0,0.09,0.0,0.0,1.93,0.0,0.04
1124,354.13,0.164983,0.253278,-0.953221,-0.125355,0.273331,-0.953717,0.021,0.269,0.0,0.0,0.02,0.0,1.76,1.14,0.0,1.37,2.69,0.86,0.0,0.06,0.03,0.0,2.01,0.0,0.08
1125,354.17,0.169182,0.272327,-0.947214,-0.145244,0.305275,-0.941122,0.013,0.297,0.0,0.0,0.0,0.0,1.76,1.13,0.0,1.4,2.67,0.84,0.0,0.07,0.03,0.0,2.09,0.0,0.2
1126,354.2,0.167415,0.266332,-0.949231,-0.134394,0.282088,-0.949929,0.017,0.281,0.0,0.0,0.0,0.0,1.75,1.24,0.02,1.35,2.62,0.82,0.0,0.12,0.03,0.0,2.1,0.0,0.23
1127,354.23,0.19358,0.265267,-0.944542,-0.146879,0.304995,-0.940959,0.025,0.294,0.0,0.0,0.0,0.0,1.71,1.34,0.05,1.35,2.53,0.71,0.0,0.23,0.06,0.0,1.98,0.0,0.3
1128,354.27,0.178153,0.247525,-0.952362,-0.13423,0.286077,-0.948758,0.023,0.274,0.0,0.0,0.0,0.0,1.62,1.34,0.05,1.3,2.46,0.65,0.0,0.32,0.12,0.0,1.85,0.0,0.36
1129,354.3,0.173966,0.246758,-0.953334,-0.136694,0.284883,-0.948766,0.02,0.273,0.0,0.0,0.0,0.0,1.52,1.22,0.07,1.27,2.37,0.5,0.0,0.31,0.21,0.0,1.78,0.0,0.46
1130,354.33,0.191889,0.247223,-0.949768,-0.146274,0.304198,-0.941312,0.024,0.284,0.0,0.0,0.0,0.0,1.45,1.19,0.07,1.11,2.32,0.47,0.0,0.31,0.21,0.0,1.79,0.07,0.85
1131,354.37,0.263352,0.271659,-0.92566,-0.217641,0.323038,-0.921021,0.025,0.312,0.1,0.0,0.0,0.0,1.29,0.91,0.1,0.95,2.24,0.35,0.0,0.3,0.19,0.0,1.79,0.18,1.3
1132,354.4,0.274198,0.244676,-0.930026,-0.269755,0.388594,-0.881038,0.002,0.336,0.3,0.0,0.03,0.0,1.12,0.65,0.13,0.81,2.15,0.34,0.0,0.29,0.14,0.0,1.71,0.26,2.01
1133,354.43,0.315673,0.324369,-0.891703,-0.292919,0.434881,-0.851514,0.013,0.411,0.44,0.0,0.03,0.0,0.93,0.4,0.17,0.78,2.06,0.27,0.0,0.27,0.08,0.0,1.7,0.39,2.3
1134,354.47,0.30024,0.292864,-0.907792,-0.325533,0.415781,-0.849208,-0.014,0.383,0.49,0.0,0.03,0.0,0.86,0.42,0.18,0.78,1.98,0.25,0.0,0.27,0.04,0.0,1.71,0.48,2.44
1135,354.5,0.301459,0.288822,-0.908683,-0.332061,0.41574,-0.846697,-0.017,0.382,0.4,0.0,0.0,0.0,0.86,0.5,0.27,0.78,1.88,0.12,0.0,0.25,0.0,0.0,1.8,0.65,2.1
1136,354.53,0.251392,0.266514,-0.930469,-0.270276,0.368128,-0.889625,-0.01,0.336,0.3,0.0,0.11,0.0,0.94,0.79,0.42,0.87,1.77,0.12,0.0,0.28,0.0,0.0,1.86,0.69,1.69
1137,354.57,0.137508,0.241513,-0.960606,-0.22117,0.380523,-0.897934,-0.045,0.323,0.15,0.0,0.18,0.0,0.97,1.04,0.48,1.02,1.59,0.14,0.0,0.37,0.02,0.0,1.79,0.71,1.09
1138,354.6,0.124362,0.240386,-0.962678,-0.136818,0.288253,-0.94773,-0.007,0.27,0.03,0.0,0.23,0.0,0.93,1.28,0.41,1.17,1.47,0.29,0.0,0.46,0.09,0.0,1.71,0.66,0.68
1139,354.63,0.125088,0.236547,-0.963534,-0.146521,0.304053,-0.94132,-0.011,0.277,0.0,0.0,0.2,0.0,0.81,1.11,0.32,1.21,1.38,0.49,0.0,0.7,0.09,0.0,1.26,0.72,0.29
1140,354.67,0.112912,0.240366,-0.964093,-0.165106,0.323222,-0.931809,-0.028,0.289,0.0,0.0,0.2,0.0,0.75,0.95,0.33,1.16,1.37,0.65,0.0,0.83,0.06,0.0,0.87,0.87,0.13
1141,354.7,0.11049,0.237889,-0.964988,-0.161433,0.319302,-0.933802,-0.027,0.285,0.0,0.0,0.18,0.0,0.74,0.88,0.34,1.2,1.39,0.87,0.0,1.14,0.0,0.0,0.32,0.99,0.0
1142,354.73,0.114258,0.230877,-0.966251,-0.163626,0.304203,-0.938449,-0.026,0.274,0.0,0.0,0.1,0.0,0.78,0.93,0.35,1.3,1.39,1.06,0.0,1.3,0.0,0.0,0.15,0.99,0.0
1143,354.77,0.126052,0.221627,-0.96695,-0.150259,0.30453,-0.940576,-0.013,0.269,0.0,0.0,0.02,0.0,0.81,0.96,0.34,1.47,1.37,1.32,0.0,1.53,0.0,0.0,0.0,0.91,0.0
1144,354.8,0.133635,0.217911,-0.966776,-0.152638,0.30223,-0.940935,-0.01,0.266,0.0,0.0,0.0,0.0,0.8,0.67,0.43,1.55,1.35,1.43,0.0,1.67,0.0,0.0,0.0,0.87,0.0
1145,354.83,0.139011,0.220167,-0.965506,-0.149152,0.296104,-0.943438,-0.005,0.264,0.0,0.0,0.0,0.0,0.79,0.51,0.48,1.56,1.34,1.49,0.0,1.78,0.0,0.03,0.0,0.86,0.0
1146,354.87,0.140077,0.222262,-0.964872,-0.151257,0.297391,-0.942698,-0.006,0.266,0.0,0.0,0.0,0.0,0.8,0.4,0.55,1.52,1.34,1.44,0.0,1.83,0.0,0.05,0.0,0.86,0.0
1147,354.9,0.140154,0.221635,-0.965005,-0.149289,0.296501,-0.943292,-0.005,0.265,0.0,0.02,0.0,0.0,0.84,0.41,0.57,1.5,1.36,1.54,0.0,1.95,0.0,0.06,0.0,0.8,0.0
1148,354.93,0.133339,0.21326,-0.967854,-0.171155,0.304445,-0.937027,-0.02,0.265,0.0,0.03,0.0,0.0,0.85,0.4,0.57,1.48,1.39,1.54,0.05,2.02,0.0,0.07,0.0,0.7,0.0
1149,354.97,0.121686,0.221782,-0.967474,-0.147451,0.277298,-0.949402,-0.013,0.255,0.0,0.05,0.0,0.0,0.85,0.32,0.57,1.45,1.45,1.61,0.2,2.09,0.0,0.05,0.02,0.65,0.0
1150,355.0,0.119942,0.214297,-0.969377,-0.158843,0.298458,-0.941112,-0.02,0.262,0.0,0.03,0.0,0.0,0.82,0.31,0.56,1.4,1.51,1.52,0.31,2.05,0.0,0.04,0.02,0.65,0.0
1151,355.03,0.125178,0.218265,-0.967828,-0.161914,0.304766,-0.938564,-0.019,0.268,0.0,0.03,0.0,0.0,0.78,0.22,0.58,1.3,1.58,1.43,0.35,2.01,0.0,0.0,0.02,0.59,0.24
1152,355.07,0.183641,0.206889,-0.960975,-0.202244,0.312489,-0.928142,-0.01,0.268,0.03,0.04,0.0,0.0,0.79,0.18,0.57,1.3,1.61,1.34,0.33,1.98,0.0,0.0,0.0,0.5,0.45
1153,355.1,0.179182,0.209547,-0.961241,-0.2002,0.314092,-0.928044,-0.011,0.27,0.34,0.15,0.0,0.0,0.63,0.11,0.44,1.11,1.67,1.15,0.42,1.97,0.0,0.0,0.0,0.34,1.07
1154,355.13,0.282081,0.275054,-0.919117,-0.29016,0.364271,-0.884937,-0.004,0.341,0.65,0.14,0.0,0.0,0.52,0.06,0.31,1.04,1.74,1.11,0.54,1.99,0.0,0.0,0.0,0.19,1.69
1155,355.17,0.314735,0.291584,-0.903283,-0.284292,0.384789,-0.878132,0.017,0.363,0.81,0.14,0.0,0.0,0.46,0.0,0.15,0.82,1.75,0.99,0.49,1.86,0.0,0.0,0.0,0.11,2.19
1156,355.2,0.351299,0.289904,-0.89025,-0.32062,0.382161,-0.866692,0.017,0.365,0.64,0.03,0.0,0.0,0.53,0.0,0.12,0.8,1.71,1.01,0.32,1.75,0.0,0.0,0.0,0.13,2.34
1157,355.23,0.346185,0.286699,-0.893286,-0.323997,0.384644,-0.864335,0.013,0.365,0.36,0.03,0.0,0.0,0.7,0.25,0.17,0.79,1.68,1.08,0.19,1.59,0.0,0.0,0.0,0.13,1.93
1158,355.27,0.205367,0.264825,-0.942174,-0.233328,0.348057,-0.907972,-0.015,0.32,0.23,0.01,0.0,0.0,0.81,0.5,0.24,0.9,1.67,1.2,0.2,1.59,0.0,0.0,0.0,0.08,1.64
1159,355.3,0.203709,0.265542,-0.942332,-0.233073,0.344821,-0.909272,-0.016,0.318,0.08,0.01,0.0,0.0,0.84,0.54,0.21,1.01,1.65,1.43,0.29,1.57,0.0,0.09,0.0,0.0,0.87
1160,355.33,0.095502,0.198698,-0.975396,-0.146373,0.315801,-0.937467,-0.027,0.263,0.05,0.0,0.0,0.0,0.74,0.3,0.14,1.04,1.58,1.44,0.37,1.66,0.01,0.1,0.0,0.0,0.43
1161,355.37,0.102012,0.196144,-0.975254,-0.121586,0.295911,-0.947446,-0.01,0.251,0.03,0.0,0.0,0.0,0.61,0.04,0.06,1.08,1.49,1.46,0.43,1.86,0.03,0.14,0.0,0.0,0.0
1162,355.4,0.108812,0.186121,-0.976483,-0.134043,0.288415,-0.948077,-0.013,0.242,0.04,0.04,0.0,0.0,0.57,0.0,0.06,1.07,1.43,1.36,0.61,2.07,0.04,0.04,0.0,0.09,0.0
1163,355.43,0.126103,0.191688,-0.973321,-0.11448,0.271642,-0.955565,0.006,0.236,0.13,0.14,0.0,0.0,0.55,0.0,0.09,1.08,1.44,1.17,0.76,2.13,0.11,0.04,0.0,0.16,0.46
1164,355.47,0.170132,0.195209,-0.965893,-0.195783,0.290072,-0.936764,-0.013,0.25,0.23,0.23,0.01,0.0,0.58,0.02,0.15,1.05,1.48,1.07,0.95,2.05,0.19,0.0,0.0,0.3,0.94
1165,355.5,0.169651,0.195298,-0.965959,-0.198323,0.29325,-0.935239,-0.015,0.252,0.46,0.41,0.01,0.0,0.54,0.02,0.15,1.04,1.52,0.99,1.01,1.93,0.32,0.0,0.01,0.44,1.77
1166,355.53,0.189178,0.282064,-0.940559,-0.282366,0.345852,-0.894794,-0.051,0.33,0.66,0.43,0.01,0.0,0.46,0.02,0.08,0.99,1.58,1.1,0.99,1.89,0.29,0.0,0.01,0.5,2.16
1167,355.57,0.270058,0.27239,-0.923511,-0.267693,0.34479,-0.8997,0.001,0.326,0.79,0.4,0.0,0.0,0.37,0.0,0.01,0.9,1.61,1.19,0.84,1.72,0.17,0.0,0.01,0.56,2.6
1168,355.6,0.277724,0.295793,-0.913989,-0.259744,0.339583,-0.904,0.01,0.336,0.72,0.28,0.0,0.0,0.35,0.0,0.0,0.84,1.67,1.19,0.63,1.49,0.1,0.0,0.0,0.48,2.74
1169,355.63,0.300432,0.307482,-0.902882,-0.273416,0.350749,-0.895667,0.015,0.351,0.59,0.15,0.0,0.0,0.38,0.0,0.0,0.84,1.63,1.14,0.52,1.36,0.07,0.0,0.0,0.45,2.78
1170,355.67,0.324881,0.304796,-0.895294,-0.297048,0.343579,-0.890907,0.016,0.348,0.45,0.09,0.0,0.0,0.4,0.0,0.0,0.9,1.62,1.05,0.46,1.34,0.07,0.0,0.0,0.31,2.74
1171,355.7,0.326946,0.299225,-0.896421,-0.298081,0.339813,-0.892006,0.016,0.343,0.42,0.0,0.0,0.0,0.44,0.0,0.0,0.9,1.6,1.08,0.44,1.38,0.01,0.0,0.0,0.21,2.65
1172,355.73,0.326506,0.299833,-0.896378,-0.294564,0.338858,-0.893537,0.018,0.343,0.27,0.09,0.0,0.0,0.45,0.1,0.01,0.95,1.58,1.13,0.44,1.49,0.04,0.0,0.0,0.2,2.4
1173,355.77,0.187762,0.240443,-0.95233,-0.221917,0.327647,-0.918368,-0.018,0.295,0.15,0.09,0.0,0.0,0.49,0.19,0.03,0.96,1.53,1.17,0.52,1.63,0.04,0.0,0.0,0.15,1.65
1174,355.8,0.119412,0.206103,-0.971217,-0.1291,0.265831,-0.955336,-0.005,0.24,0.0,0.09,0.0,0.0,0.5,0.3,0.06,1.08,1.43,1.18,0.49,1.68,0.12,0.0,0.0,0.11,0.77
1175,355.83,0.101371,0.174781,-0.979375,-0.111486,0.236184,-0.965292,-0.005,0.208,0.0,0.0,0.0,0.0,0.5,0.27,0.06,1.09,1.42,1.19,0.46,1.63,0.17,0.0,0.0,0.06,0.14
1176,355.87,0.08612,0.166631,-0.982251,-0.130821,0.248038,-0.959877,-0.023,0.21,0.0,0.0,0.0,0.0,0.49,0.27,0.04,1.1,1.43,1.16,0.36,1.61,0.27,0.0,0.0,0.11,0.0
1177,355.9,0.083557,0.169181,-0.982037,-0.129702,0.249443,-0.959664,-0.024,0.212,0.0,0.0,0.0,0.0,0.5,0.16,0.01,1.06,1.46,1.13,0.31,1.63,0.24,0.0,0.0,0.2,0.0
1178,355.93,0.088144,0.169566,-0.981569,-0.10992,0.231768,-0.966541,-0.011,0.203,0.0,0.0,0.0,0.0,0.51,0.09,0.0,1.05,1.46,1.13,0.24,1.63,0.21,0.0,0.01,0.26,0.0
1179,355.97,0.088563,0.170469,-0.981375,-0.108777,0.230058,-0.967079,-0.01,0.203,0.0,0.0,0.0,0.0,0.51,0.02,0.0,1.11,1.45,1.16,0.2,1.59,0.11,0.0,0.01,0.3,0.0
1180,356.0,0.089315,0.174104,-0.980668,-0.108997,0.243073,-0.963865,-0.01,0.211,0.01,0.0,0.0,0.0,0.5,0.02,0.0,1.17,1.43,1.09,0.24,1.4,0.06,0.0,0.01,0.35,0.0
1181,356.03,0.089108,0.172929,-0.980895,-0.12593,0.261295,-0.957009,-0.019,0.22,0.02,0.0,0.0,0.0,0.46,0.02,0.0,1.25,1.41,1.04,0.25,1.2,0.0,0.0,0.0,0.38,0.0
1182,356.07,0.092234,0.174933,-0.980251,-0.124098,0.258752,-0.957939,-0.016,0.22,0.03,0.0,0.0,0.0,0.44,0.0,0.0,1.29,1.41,0.96,0.25,1.04,0.0,0.0,0.0,0.39,0.0
1183,356.1,0.092305,0.175889,-0.980073,-0.125006,0.260473,-0.957354,-0.017,0.222,0.03,0.03,0.0,0.0,0.44,0.12,0.0,1.26,1.43,1.07,0.19,1.15,0.0,0.0,0.0,0.33,0.0
1184,356.13,0.091561,0.171088,-0.980992,-0.131734,0.262493,-0.955899,-0.021,0.22,0.02,0.03,0.0,0.0,0.47,0.21,0.0,1.3,1.42,1.11,0.23,1.23,0.04,0.0,0.0,0.3,0.06
1185,356.17,0.107965,0.178201,-0.978053,-0.12703,0.272426,-0.953754,-0.01,0.229,0.01,0.03,0.0,0.0,0.5,0.21,0.0,1.31,1.38,1.09,0.25,1.33,0.06,0.0,0.0,0.24,0.13
1186,356.2,0.107085,0.174659,-0.978789,-0.11793,0.273343,-0.95466,-0.006,0.228,0.0,0.0,0.0,0.0,0.53,0.09,0.0,1.36,1.36,1.07,0.24,1.3,0.12,0.0,0.0,0.32,0.16
1187,356.23,0.111549,0.177003,-0.977868,-0.122069,0.270864,-0.954846,-0.005,0.228,0.0,0.0,0.04,0.0,0.58,0.03,0.02,1.29,1.37,1.06,0.12,1.41,0.16,0.0,0.0,0.47,0.17
1188,356.27,0.122557,0.170429,-0.977719,-0.124401,0.26982,-0.954841,-0.001,0.224,0.03,0.0,0.12,0.0,0.61,0.13,0.02,1.3,1.39,1.13,0.06,1.42,0.15,0.0,0.0,0.65,0.23
1189,356.3,0.123051,0.171783,-0.97742,-0.122662,0.268758,-0.955366,0.0,0.224,0.06,0.0,0.22,0.0,0.64,0.16,0.06,1.3,1.36,1.12,0.08,1.49,0.14,0.0,0.01,0.67,0.25
1190,356.33,0.11257,0.171969,-0.978649,-0.121938,0.274919,-0.953704,-0.005,0.227,0.09,0.0,0.28,0.0,0.67,0.24,0.03,1.37,1.35,1.1,0.09,1.52,0.17,0.0,0.01,0.71,0.17
1191,356.37,0.128506,0.179527,-0.975324,-0.118845,0.285902,-0.950861,0.005,0.237,0.08,0.0,0.27,0.0,0.69,0.25,0.03,1.39,1.37,1.03,0.14,1.6,0.18,0.0,0.01,0.72,0.1
1192,356.4,0.128168,0.176967,-0.975836,-0.118839,0.281519,-0.952168,0.005,0.233,0.06,0.0,0.21,0.0,0.73,0.34,0.0,1.37,1.41,0.95,0.13,1.61,0.17,0.0,0.0,0.71,0.14
1193,356.43,0.121719,0.183166,-0.975518,-0.118355,0.281718,-0.95217,0.002,0.237,0.08,0.0,0.2,0.0,0.72,0.31,0.0,1.34,1.46,0.94,0.17,1.55,0.07,0.0,0.0,0.54,0.23
1194,356.47,0.122881,0.184955,-0.975034,-0.118336,0.280261,-0.952602,0.002,0.237,0.08,0.0,0.2,0.0,0.73,0.31,0.0,1.34,1.48,0.95,0.16,1.54,0.06,0.0,0.0,0.44,0.25
1195,356.5,0.122554,0.185252,-0.975019,-0.118351,0.280576,-0.952507,0.002,0.237,0.08,0.0,0.25,0.0,0.73,0.34,0.0,1.33,1.49,0.9,0.15,1.57,0.02,0.0,0.02,0.44,0.33
1196,356.53,0.112249,0.176882,-0.97781,-0.116114,0.27828,-0.953456,-0.002,0.231,0.04,0.0,0.21,0.0,0.74,0.43,0.0,1.34,1.44,0.86,0.16,1.63,0.01,0.0,0.03,0.53,0.27
1197,356.57,0.112449,0.183563,-0.976555,-0.108969,0.289643,-0.950911,0.002,0.241,0.01,0.0,0.14,0.0,0.69,0.43,0.0,1.34,1.35,0.81,0.17,1.57,0.0,0.0,0.07,0.49,0.24
1198,356.6,0.113818,0.18177,-0.976732,-0.108659,0.288845,-0.95119,0.003,0.239,0.0,0.0,0.06,0.0,0.69,0.41,0.0,1.38,1.3,0.79,0.15,1.48,0.0,0.0,0.14,0.47,0.2
1199,356.63,0.134484,0.176469,-0.975076,-0.116033,0.283634,-0.951887,0.01,0.234,0.0,0.0,0.03,0.0,0.68,0.29,0.0,1.46,1.27,0.73,0.15,1.41,0.0,0.0,0.16,0.45,0.23
1200,356.67,0.138965,0.170627,-0.975487,-0.128022,0.274582,-0.953003,0.006,0.227,0.0,0.0,0.04,0.0,0.72,0.26,0.0,1.5,1.29,0.7,0.14,1.39,0.0,0.0,0.18,0.48,0.32
1201,356.7,0.140334,0.169868,-0.975424,-0.127676,0.273881,-0.953251,0.007,0.226,0.0,0.0,0.08,0.0,0.72,0.19,0.01,1.52,1.29,0.68,0.21,1.44,0.0,0.0,0.13,0.52,0.25
1202,356.73,0.140701,0.164447,-0.976299,-0.135775,0.267621,-0.95391,0.003,0.22,0.0,0.0,0.07,0.0,0.73,0.19,0.01,1.45,1.35,0.68,0.15,1.43,0.0,0.0,0.13,0.53,0.18
1203,356.77,0.148497,0.14312,-0.978502,-0.139686,0.260395,-0.955344,0.005,0.206,0.0,0.0,0.05,0.0,0.71,0.15,0.01,1.41,1.38,0.6,0.08,1.39,0.0,0.0,0.16,0.58,0.15
1204,356.8,0.147514,0.141038,-0.978952,-0.142281,0.261542,-0.954648,0.003,0.205,0.0,0.0,0.01,0.0,0.72,0.24,0.01,1.3,1.4,0.52,0.05,1.35,0.0,0.0,0.26,0.56,0.24
1205,356.83,0.151415,0.148029,-0.977323,-0.140775,0.273123,-0.951623,0.006,0.215,0.0,0.0,0.0,0.0,0.7,0.27,0.02,1.2,1.41,0.57,0.08,1.33,0.0,0.0,0.35,0.6,0.36
1206,356.87,0.141308,0.150823,-0.978409,-0.143533,0.268672,-0.952478,-0.001,0.214,0.0,0.0,0.0,0.0,0.7,0.29,0.01,1.12,1.43,0.65,0.1,1.34,0.0,0.0,0.41,0.63,0.32
1207,356.9,0.139627,0.146688,-0.979279,-0.145507,0.263668,-0.953576,-0.003,0.209,0.0,0.0,0.0,0.0,0.71,0.21,0.01,1.09,1.44,0.74,0.07,1.33,0.0,0.0,0.43,0.67,0.26
1208,356.93,0.134415,0.134721,-0.981725,-0.152284,0.264813,-0.952199,-0.009,0.204,0.0,0.0,0.0,0.0,0.73,0.16,0.0,1.09,1.46,0.67,0.05,1.28,0.0,0.0,0.41,0.62,0.15
1209,356.97,0.146494,0.153256,-0.977268,-0.142384,0.272465,-0.951572,0.002,0.217,0.0,0.0,0.0,0.0,0.73,0.09,0.0,1.08,1.45,0.69,0.03,1.28,0.0,0.0,0.36,0.58,0.13
1210,357.0,0.147239,0.156063,-0.976711,-0.142078,0.272259,-0.951677,0.003,0.219,0.0,0.0,0.0,0.0,0.72,0.06,0.01,1.1,1.45,0.77,0.1,1.43,0.05,0.0,0.22,0.69,0.15
1211,357.03,0.134957,0.145803,-0.980065,-0.149334,0.279737,-0.948392,-0.007,0.217,0.0,0.0,0.0,0.0,0.67,0.05,0.01,1.05,1.39,0.74,0.2,1.53,0.08,0.0,0.2,0.78,0.15
1212,357.07,0.134336,0.163736,-0.977315,-0.140305,0.269233,-0.9528,-0.003,0.221,0.0,0.0,0.0,0.0,0.64,0.1,0.02,1.04,1.38,0.66,0.32,1.6,0.08,0.0,0.16,0.8,0.12
1213,357.1,0.134856,0.166468,-0.976782,-0.141202,0.269188,-0.95268,-0.003,0.222,0.0,0.0,0.04,0.0,0.61,0.07,0.03,1.04,1.36,0.63,0.33,1.51,0.09,0.0,0.25,0.67,0.15
1214,357.13,0.161341,0.188526,-0.968724,-0.187402,0.326171,-0.926549,-0.014,0.265,0.11,0.06,0.04,0.0,0.57,0.07,0.06,1.03,1.37,0.45,0.35,1.6,0.08,0.0,0.33,0.95,0.94
1215,357.17,0.174663,0.234306,-0.956344,-0.211726,0.326539,-0.921165,-0.02,0.29,0.18,0.06,0.04,0.0,0.54,0.02,0.07,1.03,1.39,0.3,0.41,1.69,0.12,0.0,0.42,1.3,1.71
1216,357.2,0.173878,0.242116,-0.95454,-0.215618,0.333096,-0.917909,-0.022,0.298,0.18,0.06,0.0,0.0,0.44,0.02,0.08,1.02,1.34,0.19,0.42,1.76,0.1,0.0,0.45,1.56,1.72
1217,357.23,0.114106,0.191242,-0.974888,-0.110659,0.269739,-0.956554,0.002,0.234,0.07,0.0,0.04,0.0,0.43,0.0,0.08,1.12,1.31,0.35,0.29,1.66,0.14,0.0,0.4,1.47,1.0
1218,357.27,0.112813,0.19096,-0.975094,-0.112071,0.268712,-0.956679,0.0,0.234,0.0,0.0,0.04,0.0,0.42,0.0,0.09,1.18,1.26,0.49,0.22,1.55,0.15,0.0,0.38,1.3,0.29
1219,357.3,0.113883,0.19216,-0.974733,-0.112447,0.270023,-0.956265,0.001,0.235,0.0,0.0,0.06,0.0,0.43,0.0,0.06,1.26,1.26,0.62,0.23,1.52,0.21,0.0,0.34,1.29,0.15
1220,357.33,0.117589,0.179156,-0.976768,-0.10139,0.248747,-0.963247,0.008,0.217,0.0,0.0,0.04,0.0,0.48,0.0,0.02,1.24,1.28,0.68,0.33,1.59,0.21,0.0,0.31,1.28,0.07
1221,357.37,0.091896,0.174987,-0.980273,-0.103375,0.255016,-0.961395,-0.006,0.218,0.03,0.0,0.08,0.0,0.53,0.07,0.03,1.28,1.29,0.75,0.32,1.64,0.22,0.0,0.28,1.31,0.0
1222,357.4,0.101181,0.176456,-0.979094,-0.095797,0.267334,-0.95883,0.003,0.225,0.03,0.0,0.13,0.0,0.59,0.21,0.05,1.31,1.32,0.74,0.3,1.65,0.21,0.0,0.24,1.3,0.0
1223,357.43,0.098531,0.176179,-0.979414,-0.105082,0.264628,-0.958608,-0.003,0.224,0.03,0.0,0.15,0.0,0.58,0.25,0.05,1.34,1.32,0.74,0.26,1.54,0.21,0.0,0.27,1.19,0.0
1224,357.47,0.107715,0.185749,-0.976675,-0.106007,0.270992,-0.956727,0.001,0.232,0.02,0.0,0.13,0.0,0.55,0.23,0.02,1.31,1.34,0.71,0.19,1.45,0.25,0.0,0.26,1.04,0.0
1225,357.5,0.107083,0.186309,-0.976638,-0.106073,0.270334,-0.956906,0.001,0.232,0.04,0.0,0.07,0.0,0.52,0.17,0.0,1.26,1.36,0.68,0.14,1.36,0.21,0.0,0.3,0.86,0.0
1226,357.53,0.10541,0.186198,-0.976841,-0.10443,0.271072,-0.956877,0.001,0.232,0.04,0.0,0.05,0.0,0.56,0.18,0.0,1.32,1.37,0.66,0.09,1.46,0.15,0.0,0.3,0.85,0.0
1227,357.57,0.117851,0.165459,-0.97915,-0.104654,0.26056,-0.959769,0.007,0.216,0.03,0.0,0.02,0.0,0.61,0.27,0.0,1.34,1.33,0.61,0.08,1.57,0.09,0.0,0.32,0.91,0.0
1228,357.6,0.118308,0.167076,-0.97882,-0.107014,0.259804,-0.959714,0.006,0.217,0.0,0.0,0.03,0.0,0.62,0.22,0.0,1.27,1.3,0.55,0.13,1.76,0.04,0.0,0.3,1.06,0.04
1229,357.63,0.1181,0.180751,-0.976412,-0.09159,0.259335,-0.961435,0.014,0.223,0.0,0.0,0.06,0.0,0.6,0.27,0.0,1.15,1.26,0.49,0.24,1.87,0.03,0.0,0.24,1.18,0.04
1230,357.67,0.115666,0.179958,-0.97685,-0.095085,0.26008,-0.960894,0.011,0.223,0.0,0.0,0.11,0.0,0.57,0.27,0.0,1.04,1.25,0.49,0.34,1.98,0.0,0.0,0.18,1.29,0.04
1231,357.7,0.115227,0.180207,-0.976856,-0.092277,0.259408,-0.961349,0.012,0.223,0.0,0.0,0.08,0.0,0.55,0.49,0.0,0.99,1.23,0.51,0.34,1.99,0.13,0.0,0.2,1.37,0.13
1232,357.73,0.129506,0.177289,-0.975601,-0.101677,0.259628,-0.960341,0.014,0.222,0.0,0.0,0.1,0.0,0.55,0.62,0.0,0.99,1.24,0.57,0.34,2.0,0.31,0.0,0.2,1.33,0.28
1233,357.77,0.124388,0.187098,-0.974434,-0.098939,0.254096,-0.962105,0.013,0.224,0.0,0.0,0.13,0.0,0.53,0.73,0.0,1.04,1.21,0.67,0.4,2.02,0.45,0.0,0.16,1.48,0.47
1234,357.8,0.128636,0.198006,-0.971723,-0.116151,0.289031,-0.950247,0.006,0.248,0.05,0.0,0.27,0.0,0.57,0.74,0.0,1.09,1.18,0.71,0.42,2.01,0.4,0.0,0.12,1.54,0.53
1235,357.83,0.126344,0.195329,-0.972566,-0.115093,0.285818,-0.951347,0.006,0.245,0.05,0.0,0.34,0.0,0.54,0.56,0.0,1.11,1.15,0.68,0.4,2.06,0.26,0.0,0.11,1.65,0.48
1236,357.87,0.120568,0.207987,-0.970672,-0.133178,0.29073,-0.947491,-0.007,0.254,0.05,0.0,0.36,0.0,0.53,0.36,0.0,1.09,1.18,0.6,0.38,2.08,0.16,0.0,0.2,1.59,0.38
1237,357.9,0.119529,0.205505,-0.971329,-0.132532,0.290125,-0.947767,-0.007,0.253,0.02,0.0,0.37,0.0,0.51,0.31,0.0,1.08,1.2,0.59,0.35,2.2,0.15,0.0,0.24,1.63,0.31
1238,357.93,0.115709,0.207394,-0.97139,-0.134441,0.288419,-0.948019,-0.01,0.253,0.27,0.06,0.37,0.0,0.49,0.35,0.0,0.93,1.14,0.55,0.44,2.24,0.34,0.0,0.28,2.0,1.05
1239,357.97,0.2319,0.247025,-0.940851,-0.241949,0.315994,-0.917392,-0.005,0.294,0.53,0.06,0.36,0.0,0.4,0.3,0.0,0.78,1.09,0.53,0.55,2.31,0.54,0.0,0.23,2.36,1.9
1240,358.0,0.236477,0.271869,-0.932827,-0.222601,0.303638,-0.926419,0.007,0.3,0.78,0.06,0.39,0.0,0.33,0.18,0.0,0.68,0.96,0.52,0.82,2.43,0.75,0.0,0.13,2.79,2.63
1241,358.03,0.247817,0.234592,-0.939975,-0.251602,0.296086,-0.921428,-0.002,0.278,0.6,0.0,0.49,0.0,0.34,0.33,0.0,0.75,0.83,0.71,0.89,2.79,0.73,0.0,0.04,2.89,2.3
1242,358.07,0.17549,0.235073,-0.956004,-0.240252,0.322354,-0.915624,-0.035,0.289,0.4,0.0,0.58,0.0,0.39,0.59,0.0,0.84,0.73,0.89,0.84,3.06,0.66,0.0,0.0,2.99,1.84
1243,358.1,0.180697,0.233138,-0.955508,-0.243213,0.323783,-0.914337,-0.033,0.289,0.23,0.0,0.66,0.0,0.42,0.84,0.0,0.91,0.62,0.92,0.85,3.1,0.54,0.0,0.0,2.77,1.2
1244,358.13,0.14952,0.220537,-0.96385,-0.142403,0.277319,-0.950166,0.004,0.254,0.29,0.0,0.63,0.0,0.39,1.03,0.0,0.93,0.51,0.83,0.9,2.92,0.62,0.0,0.04,2.55,0.7
1245,358.17,0.07935,0.212186,-0.974002,-0.131904,0.297513,-0.945562,-0.027,0.26,0.34,0.0,0.6,0.0,0.36,1.09,0.0,0.95,0.39,0.65,0.96,2.76,0.64,0.0,0.1,2.38,0.24
1246,358.2,0.093435,0.209479,-0.973339,-0.123865,0.302083,-0.9452,-0.016,0.261,0.4,0.0,0.63,0.0,0.31,1.07,0.0,0.86,0.34,0.61,0.69,2.62,0.67,0.0,0.25,2.5,0.04
1247,358.23,0.109992,0.206975,-0.972144,-0.120303,0.30207,-0.945664,-0.005,0.259,0.34,0.0,0.61,0.0,0.28,1.1,0.0,0.74,0.37,0.51,0.41,2.41,0.56,0.0,0.36,2.59,0.08
1248,358.27,0.10107,0.211335,-0.972174,-0.123742,0.286293,-0.950118,-0.012,0.253,0.31,0.0,0.62,0.0,0.26,1.17,0.0,0.64,0.41,0.5,0.14,2.26,0.57,0.0,0.45,2.66,0.06
1249,358.3,0.10365,0.210042,-0.972183,-0.1257,0.28688,-0.949684,-0.011,0.253,0.24,0.0,0.54,0.0,0.27,1.33,0.0,0.62,0.45,0.42,0.09,2.27,0.63,0.0,0.49,2.7,0.12
1250,358.33,0.101894,0.201975,-0.974076,-0.118723,0.291089,-0.949301,-0.009,0.251,0.2,0.0,0.53,0.0,0.29,1.02,0.0,0.69,0.56,0.52,0.26,2.27,0.69,0.09,0.42,2.5,0.07
1251,358.37,0.032553,0.140547,-0.989539,-0.151264,0.179617,-0.972038,-0.06,0.162,0.12,0.0,0.49,0.0,0.3,0.8,0.0,0.67,0.68,0.6,0.63,2.42,0.74,0.25,0.34,2.2,0.07
1252,358.4,0.028378,0.132825,-0.990733,-0.136553,0.173513,-0.975319,-0.055,0.155,0.03,0.0,0.36,0.0,0.32,0.48,0.0,0.72,0.82,0.86,0.94,2.66,0.69,0.44,0.19,1.82,0.0
1253,358.43,0.025784,0.12977,-0.991209,-0.132846,0.162421,-0.977738,-0.054,0.147,0.0,0.0,0.34,0.0,0.36,0.42,0.0,0.72,0.86,0.86,1.19,2.93,0.62,0.54,0.1,1.72,0.0
1254,358.47,0.033975,0.148125,-0.988385,-0.1177,0.172862,-0.977888,-0.043,0.162,0.01,0.0,0.33,0.0,0.44,0.4,0.0,0.73,0.9,0.89,1.19,3.04,0.52,0.58,0.04,1.7,0.0
1255,358.5,0.03219,0.1485,-0.988388,-0.115368,0.17522,-0.977747,-0.042,0.163,0.01,0.0,0.36,0.0,0.48,0.38,0.0,0.72,0.96,0.82,1.27,3.0,0.52,0.61,0.0,1.77,0.0
1256,358.53,0.035696,0.142591,-0.989138,-0.122988,0.170354,-0.977678,-0.044,0.158,0.01,0.0,0.37,0.0,0.51,0.38,0.0,0.75,1.02,0.9,1.2,2.96,0.45,0.57,0.0,1.76,0.0
1257,358.57,0.039211,0.145359,-0.988602,-0.122476,0.164865,-0.978682,-0.042,0.156,0.04,0.0,0.34,0.0,0.54,0.47,0.0,0.81,1.05,0.92,1.18,2.71,0.38,0.43,0.0,1.66,0.0
1258,358.6,0.038816,0.14407,-0.988806,-0.139854,0.180054,-0.973664,-0.051,0.164,0.04,0.0,0.35,0.0,0.58,0.57,0.0,0.79,1.07,0.9,1.11,2.5,0.25,0.31,0.0,1.5,0.0
1259,358.63,0.033334,0.139887,-0.989606,-0.146091,0.178978,-0.972946,-0.057,0.161,0.04,0.0,0.36,0.0,0.63,0.7,0.0,0.78,1.14,0.88,1.05,2.33,0.21,0.25,0.0,1.38,0.0
1260,358.67,0.025136,0.137382,-0.990199,-0.146313,0.176639,-0.97334,-0.062,0.159,0.0,0.0,0.38,0.0,0.63,0.73,0.0,0.79,1.21,0.93,1.04,2.34,0.24,0.29,0.0,1.36,0.0
1261,358.7,0.026078,0.136249,-0.990331,-0.147836,0.176635,-0.973111,-0.062,0.158,0.0,0.0,0.39,0.0,0.66,0.78,0.0,0.85,1.27,0.95,1.0,2.33,0.3,0.29,0.0,1.35,0.0
1262,358.73,0.02635,0.136935,-0.990229,-0.143933,0.175823,-0.973843,-0.06,0.158,0.0,0.0,0.32,0.0,0.61,0.54,0.0,0.86,1.22,0.94,1.01,2.25,0.38,0.3,0.0,1.44,0.0
1263,358.77,0.0323,0.123116,-0.991867,-0.154832,0.170458,-0.973124,-0.062,0.148,0.0,0.0,0.29,0.0,0.61,0.37,0.0,0.87,1.2,0.94,1.01,2.27,0.39,0.37,0.0,1.53,0.0
1264,358.8,0.033521,0.119647,-0.992251,-0.152588,0.159273,-0.975371,-0.06,0.141,0.0,0.0,0.2,0.0,0.61,0.19,0.01,0.88,1.17,0.96,1.03,2.22,0.4,0.4,0.01,1.6,0.0
1265,358.83,0.041048,0.129922,-0.990674,-0.152541,0.164466,-0.974516,-0.057,0.149,0.0,0.0,0.22,0.0,0.64,0.39,0.02,0.86,1.19,1.03,0.85,2.2,0.39,0.33,0.01,1.5,0.0
1266,358.87,0.037851,0.133231,-0.990362,-0.142994,0.170507,-0.974926,-0.053,0.153,0.0,0.0,0.21,0.0,0.66,0.49,0.02,0.86,1.2,1.06,0.7,2.08,0.41,0.21,0.01,1.35,0.0
1267,358.9,0.039052,0.133993,-0.990212,-0.143944,0.172034,-0.974518,-0.053,0.155,0.0,0.0,0.23,0.0,0.66,0.64,0.01,0.82,1.22,1.13,0.49,2.08,0.43,0.13,0.0,1.23,0.0
1268,358.93,0.039917,0.130155,-0.99069,-0.153946,0.169911,-0.973361,-0.058,0.152,0.0,0.0,0.17,0.0,0.65,0.54,0.0,0.85,1.27,1.08,0.35,2.06,0.32,0.13,0.0,1.18,0.0
1269,358.97,0.044554,0.141846,-0.988886,-0.1558,0.17262,-0.972589,-0.057,0.159,0.0,0.0,0.1,0.0,0.75,0.5,0.0,0.87,1.4,1.02,0.2,2.07,0.19,0.14,0.23,1.21,0.0
1270,359.0,0.054576,0.137414,-0.989009,-0.148349,0.18536,-0.971408,-0.048,0.163,0.0,0.0,0.03,0.0,0.9,0.36,0.0,0.92,1.7,0.73,0.2,1.87,0.02,0.13,0.72,1.11,0.0
1271,359.03,0.048456,0.143804,-0.988419,-0.149847,0.187638,-0.970741,-0.052,0.168,0.0,0.0,0.0,0.0,1.13,0.35,0.0,1.04,1.98,0.53,0.32,1.59,0.0,0.14,1.37,1.0,0.0
1272,359.07,0.056722,0.150592,-0.986967,-0.158063,0.196168,-0.967747,-0.052,0.176,0.0,0.0,0.0,0.0,1.23,0.41,0.0,1.16,2.18,0.28,0.37,1.28,0.0,0.11,1.78,0.81,0.0
1273,359.1,0.053831,0.148804,-0.987401,-0.152968,0.193674,-0.969067,-0.051,0.173,0.0,0.0,0.02,0.0,1.29,0.5,0.0,1.25,2.21,0.26,0.39,1.14,0.0,0.08,1.95,0.76,0.0
1274,359.13,0.051856,0.147301,-0.987731,-0.152463,0.190769,-0.969723,-0.051,0.171,0.0,0.0,0.02,0.0,1.36,0.6,0.0,1.17,2.25,0.2,0.4,0.94,0.0,0.03,2.06,0.6,0.0
1275,359.17,0.047687,0.144065,-0.988419,-0.172028,0.187427,-0.967097,-0.063,0.168,0.0,0.0,0.02,0.0,1.49,0.47,0.0,1.2,2.33,0.14,0.44,0.76,0.0,0.0,2.23,0.35,0.0
1276,359.2,0.05905,0.156991,-0.985833,-0.175455,0.196894,-0.964597,-0.06,0.179,0.0,0.0,0.0,0.0,1.67,0.46,0.0,1.25,2.4,0.18,0.33,0.55,0.0,0.0,2.31,0.08,0.0
1277,359.23,0.126283,0.190179,-0.973594,-0.156516,0.25971,-0.952918,-0.016,0.229,0.0,0.0,0.0,0.0,1.82,0.62,0.08,1.42,2.46,0.18,0.27,0.56,0.0,0.0,2.38,0.0,0.12
1278,359.27,0.189896,0.209325,-0.95923,-0.158571,0.300285,-0.940577,0.016,0.262,0.0,0.0,0.0,0.0,1.88,0.92,0.16,1.53,2.49,0.33,0.18,0.58,0.0,0.0,2.35,0.0,0.27
1279,359.3,0.190706,0.203144,-0.960398,-0.159105,0.298961,-0.940908,0.017,0.258,0.0,0.0,0.0,0.0,1.87,1.07,0.19,1.54,2.55,0.32,0.26,0.59,0.0,0.0,2.43,0.01,0.4
1280,359.33,0.188212,0.212329,-0.958902,-0.166975,0.303044,-0.938234,0.011,0.265,0.0,0.0,0.03,0.0,1.83,1.1,0.18,1.52,2.59,0.34,0.32,0.59,0.0,0.0,2.48,0.0,0.38
1281,359.37,0.188222,0.20699,-0.960066,-0.163769,0.295449,-0.941217,0.013,0.258,0.0,0.0,0.03,0.0,1.85,1.12,0.18,1.43,2.6,0.3,0.41,0.6,0.0,0.0,2.49,0.03,0.34
1282,359.4,0.177083,0.207268,-0.962123,-0.154808,0.301814,-0.940714,0.012,0.261,0.0,0.0,0.03,0.0,1.94,1.14,0.22,1.44,2.61,0.34,0.35,0.64,0.0,0.0,2.5,0.03,0.25
1283,359.43,0.195122,0.202468,-0.959653,-0.152365,0.295195,-0.94321,0.022,0.256,0.0,0.0,0.0,0.0,2.02,1.21,0.21,1.42,2.62,0.44,0.3,0.58,0.0,0.0,2.41,0.03,0.22
1284,359.47,0.188237,0.201062,-0.961323,-0.160271,0.295666,-0.941751,0.015,0.255,0.0,0.0,0.0,0.0,2.06,1.32,0.21,1.46,2.66,0.5,0.26,0.53,0.0,0.0,2.42,0.0,0.15
1285,359.5,0.189865,0.198805,-0.961472,-0.157393,0.293579,-0.942888,0.017,0.253,0.0,0.0,0.0,0.0,2.04,1.28,0.16,1.45,2.7,0.53,0.31,0.47,0.0,0.0,2.46,0.0,0.15
1286,359.53,0.196645,0.20334,-0.959158,-0.157292,0.300405,-0.940753,0.021,0.259,0.0,0.0,0.0,0.0,2.01,1.13,0.15,1.49,2.75,0.51,0.34,0.47,0.0,0.0,2.52,0.0,0.13
1287,359.57,0.198801,0.202534,-0.958884,-0.156908,0.30063,-0.940745,0.022,0.259,0.0,0.0,0.0,0.0,2.0,0.98,0.16,1.53,2.78,0.47,0.38,0.49,0.0,0.0,2.59,0.0,0.14
1288,359.6,0.190457,0.202879,-0.960503,-0.154336,0.293033,-0.943564,0.019,0.255,0.0,0.0,0.0,0.0,2.02,1.12,0.18,1.56,2.81,0.44,0.39,0.46,0.0,0.0,2.57,0.0,0.15
1289,359.63,0.180889,0.206852,-0.961505,-0.149862,0.292804,-0.944356,0.016,0.256,0.0,0.0,0.0,0.0,2.04,1.25,0.22,1.59,2.81,0.36,0.41,0.45,0.0,0.0,2.67,0.0,0.19
1290,359.67,0.189685,0.200915,-0.961069,-0.139669,0.286436,-0.947864,0.026,0.25,0.0,0.0,0.0,0.0,2.05,1.44,0.23,1.57,2.79,0.31,0.38,0.38,0.0,0.0,2.74,0.0,0.2
1291,359.7,0.193131,0.202024,-0.960149,-0.1444,0.290663,-0.945867,0.026,0.253,0.0,0.0,0.03,0.0,2.08,1.37,0.29,1.55,2.78,0.33,0.31,0.36,0.0,0.0,2.83,0.0,0.33
1292,359.73,0.213932,0.192427,-0.957708,-0.15263,0.286539,-0.945833,0.032,0.247,0.0,0.0,0.05,0.0,2.1,1.39,0.29,1.49,2.77,0.43,0.25,0.35,0.0,0.0,2.77,0.0,0.41
1293,359.77,0.212321,0.196944,-0.957148,-0.153794,0.287667,-0.945302,0.031,0.249,0.0,0.0,0.05,0.0,2.1,1.23,0.29,1.46,2.77,0.54,0.14,0.35,0.0,0.0,2.66,0.0,0.45
1294,359.8,0.221139,0.197482,-0.955038,-0.149165,0.285617,-0.946664,0.038,0.249,0.0,0.0,0.05,0.0,2.12,1.19,0.28,1.49,2.77,0.54,0.21,0.48,0.0,0.0,2.57,0.0,0.38
1295,359.83,0.202462,0.216389,-0.955084,-0.151242,0.293068,-0.944053,0.027,0.262,0.0,0.0,0.05,0.0,2.14,1.17,0.26,1.48,2.78,0.42,0.15,0.5,0.0,0.0,2.58,0.0,0.4
1296,359.87,0.226853,0.20491,-0.952129,-0.145496,0.292549,-0.945117,0.043,0.256,0.0,0.0,0.06,0.0,2.19,1.24,0.25,1.5,2.81,0.34,0.19,0.5,0.0,0.0,2.64,0.0,0.47
1297,359.9,0.217512,0.201935,-0.95494,-0.143745,0.288281,-0.946695,0.039,0.252,0.0,0.0,0.05,0.0,2.18,1.35,0.23,1.48,2.8,0.32,0.11,0.38,0.0,0.0,2.66,0.0,0.52
1298,359.93,0.219477,0.208325,-0.953116,-0.142499,0.293234,-0.945361,0.041,0.258,0.0,0.0,0.04,0.0,2.18,1.35,0.26,1.51,2.81,0.42,0.1,0.37,0.0,0.0,2.65,0.0,0.49
1299,359.97,0.224252,0.209838,-0.951672,-0.156794,0.294066,-0.942837,0.036,0.26,0.0,0.0,0.03,0.0,2.14,1.38,0.32,1.54,2.78,0.4,0.06,0.38,0.0,0.0,2.61,0.0,0.48
1300,360.0,0.227531,0.212878,-0.950217,-0.153604,0.296786,-0.942509,0.039,0.263,0.0,0.0,0.01,0.0,2.13,1.35,0.34,1.53,2.79,0.37,0.05,0.37,0.0,0.0,2.61,0.0,0.45
1301,360.03,0.230016,0.227442,-0.946236,-0.156375,0.313239,-0.936711,0.039,0.28,0.0,0.0,0.0,0.0,2.08,1.41,0.34,1.54,2.83,0.39,0.06,0.37,0.0,0.0,2.61,0.0,0.41
1302,360.07,0.23466,0.223031,-0.946146,-0.147843,0.306933,-0.940178,0.046,0.274,0.0,0.0,0.0,0.0,2.07,1.46,0.29,1.51,2.85,0.49,0.07,0.37,0.0,0.0,2.65,0.0,0.35
1303,360.1,0.228067,0.221812,-0.948043,-0.142566,0.303856,-0.94199,0.045,0.271,0.0,0.0,0.0,0.0,2.09,1.56,0.32,1.52,2.85,0.49,0.04,0.36,0.0,0.0,2.59,0.0,0.37
1304,360.13,0.242548,0.215996,-0.945789,-0.141942,0.299037,-0.943626,0.053,0.266,0.0,0.0,0.0,0.0,2.11,1.57,0.31,1.49,2.83,0.47,0.02,0.31,0.0,0.0,2.59,0.0,0.44
1305,360.17,0.236244,0.214863,-0.947641,-0.136753,0.294479,-0.945823,0.052,0.263,0.0,0.0,0.0,0.0,2.16,1.58,0.33,1.48,2.82,0.43,0.01,0.28,0.0,0.0,2.53,0.0,0.45
1306,360.2,0.245738,0.229038,-0.941889,-0.127091,0.286366,-0.949654,0.063,0.266,0.0,0.0,0.0,0.0,2.17,1.39,0.26,1.48,2.78,0.53,0.01,0.29,0.0,0.0,2.54,0.0,0.28
1307,360.23,0.156896,0.191133,-0.968944,-0.063652,0.233279,-0.970324,0.048,0.215,0.0,0.0,0.01,0.0,2.16,1.18,0.19,1.53,2.73,0.59,0.01,0.35,0.0,0.0,2.44,0.0,0.1
1308,360.27,0.152409,0.184043,-0.97103,-0.06174,0.214039,-0.974872,0.047,0.202,0.0,0.0,0.01,0.0,2.1,0.91,0.12,1.56,2.67,0.71,0.0,0.4,0.02,0.0,2.4,0.0,0.0
1309,360.3,0.153269,0.181476,-0.971378,-0.05916,0.212878,-0.975286,0.048,0.2,0.0,0.0,0.02,0.0,2.06,0.82,0.15,1.54,2.62,0.77,0.0,0.46,0.02,0.0,2.38,0.0,0.0
1310,360.33,0.154946,0.180385,-0.971315,-0.058965,0.217432,-0.974293,0.049,0.202,0.0,0.0,0.03,0.0,2.1,1.0,0.18,1.49,2.63,0.82,0.0,0.48,0.02,0.0,2.37,0.0,0.0
1311,360.37,0.170203,0.180067,-0.968817,-0.057863,0.211612,-0.975639,0.058,0.199,0.0,0.0,0.02,0.0,2.13,1.25,0.19,1.41,2.62,0.87,0.0,0.5,0.0,0.0,2.39,0.0,0.0
1312,360.4,0.171345,0.177092,-0.969164,-0.057147,0.206084,-0.976864,0.059,0.194,0.0,0.0,0.01,0.0,2.13,1.4,0.17,1.38,2.61,0.83,0.0,0.49,0.0,0.0,2.42,0.0,0.0
1313,360.43,0.165378,0.182554,-0.969187,-0.051786,0.211367,-0.976034,0.058,0.2,0.0,0.0,0.0,0.0,2.08,1.32,0.12,1.37,2.59,0.81,0.08,0.56,0.03,0.0,2.54,0.0,0.0
1314,360.47,0.180575,0.172515,-0.968314,-0.061265,0.210212,-0.975734,0.061,0.194,0.0,0.0,0.0,0.0,2.04,1.26,0.08,1.41,2.55,0.75,0.12,0.59,0.03,0.0,2.61,0.0,0.0
1315,360.5,0.182386,0.170508,-0.96833,-0.062373,0.209547,-0.975807,0.062,0.193,0.0,0.0,0.09,0.0,2.07,1.25,0.15,1.37,2.6,0.85,0.25,0.64,0.03,0.0,2.65,0.0,0.07
1316,360.53,0.24361,0.201169,-0.948781,-0.159812,0.28686,-0.944548,0.044,0.252,0.0,0.0,0.24,0.0,2.04,1.13,0.28,1.36,2.55,0.83,0.38,0.8,0.05,0.0,2.69,0.0,0.47
1317,360.57,0.320473,0.240904,-0.916113,-0.226101,0.31048,-0.923299,0.051,0.291,0.0,0.0,0.35,0.0,2.03,0.97,0.4,1.37,2.54,0.82,0.51,0.97,0.07,0.0,2.69,0.02,0.84
1318,360.6,0.333177,0.242406,-0.911171,-0.223848,0.308574,-0.924486,0.059,0.292,0.0,0.0,0.43,0.0,2.04,1.11,0.42,1.49,2.46,0.73,0.63,1.15,0.25,0.0,2.82,0.02,0.83
1319,360.63,0.249742,0.189212,-0.949646,-0.169151,0.262421,-0.950012,0.042,0.233,0.0,0.0,0.41,0.0,2.1,1.37,0.38,1.59,2.48,0.79,0.6,1.14,0.25,0.0,2.89,0.05,0.54
1320,360.67,0.247971,0.183685,-0.951194,-0.17102,0.255281,-0.951622,0.04,0.227,0.0,0.0,0.44,0.0,2.16,1.71,0.36,1.62,2.48,0.81,0.58,1.14,0.31,0.0,2.95,0.05,0.28
1321,360.7,0.247888,0.181224,-0.951688,-0.172261,0.255368,-0.951374,0.04,0.226,0.0,0.0,0.34,0.0,2.07,1.36,0.25,1.65,2.46,0.86,0.32,0.98,0.21,0.0,2.74,0.05,0.22
1322,360.73,0.106451,0.16503,-0.980527,-0.105249,0.224512,-0.968771,0.001,0.197,0.0,0.0,0.26,0.0,1.98,1.09,0.2,1.62,2.44,0.8,0.21,0.83,0.25,0.0,2.55,0.01,0.11
1323,360.77,0.104837,0.170575,-0.979752,-0.04068,0.190268,-0.980889,0.033,0.182,0.0,0.0,0.13,0.0,1.89,0.78,0.15,1.66,2.36,0.78,0.15,0.71,0.3,0.0,2.35,0.0,0.0
1324,360.8,0.115942,0.170395,-0.978531,-0.102726,0.206057,-0.973133,0.007,0.191,0.0,0.0,0.12,0.0,2.0,0.95,0.23,1.69,2.39,0.75,0.27,0.74,0.38,0.0,2.27,0.0,0.0
1325,360.83,0.122974,0.176242,-0.976635,-0.093395,0.213446,-0.97248,0.015,0.197,0.0,0.0,0.21,0.0,2.1,1.14,0.29,1.74,2.39,0.81,0.37,0.75,0.35,0.0,2.23,0.0,0.0
1326,360.87,0.117501,0.16357,-0.979509,-0.104854,0.208369,-0.972414,0.006,0.188,0.0,0.0,0.31,0.0,2.18,1.31,0.34,1.74,2.46,0.89,0.38,0.76,0.28,0.0,2.2,0.0,0.0
1327,360.9,0.121681,0.165419,-0.978688,-0.104041,0.210879,-0.97196,0.009,0.191,0.0,0.0,0.42,0.0,2.24,1.55,0.34,1.68,2.42,0.91,0.3,0.88,0.12,0.0,2.32,0.0,0.0
1328,360.93,0.121509,0.165601,-0.978679,-0.114071,0.216138,-0.969676,0.004,0.193,0.0,0.0,0.54,0.0,2.32,1.75,0.43,1.66,2.37,0.93,0.23,1.13,0.05,0.0,2.44,0.08,0.0
1329,360.97,0.129766,0.158509,-0.978793,-0.142112,0.228209,-0.963185,-0.006,0.197,0.0,0.0,0.68,0.0,2.42,1.87,0.48,1.71,2.31,0.78,0.31,1.24,0.0,0.0,2.55,0.17,0.0
1330,361.0,0.137956,0.157249,-0.977876,-0.140485,0.214077,-0.966662,-0.001,0.189,0.0,0.0,0.76,0.0,2.48,2.07,0.56,1.8,2.29,0.82,0.33,1.36,0.0,0.0,2.64,0.17,0.0
1331,361.03,0.141152,0.164496,-0.976226,-0.154407,0.218577,-0.963526,-0.007,0.195,0.0,0.0,0.68,0.0,2.52,2.11,0.5,1.81,2.32,0.8,0.24,1.32,0.0,0.0,2.64,0.09,0.0
1332,361.07,0.129154,0.160237,-0.978593,-0.152166,0.220775,-0.963382,-0.012,0.194,0.0,0.0,0.65,0.0,2.57,2.24,0.5,1.81,2.36,0.89,0.12,1.24,0.0,0.0,2.65,0.0,0.0
1333,361.1,0.13501,0.160877,-0.977697,-0.149161,0.223339,-0.963261,-0.007,0.195,0.0,0.0,0.55,0.0,2.58,2.11,0.44,1.79,2.37,0.88,0.08,0.97,0.0,0.0,2.64,0.0,0.0
1334,361.13,0.133558,0.165487,-0.977126,-0.157724,0.229223,-0.96051,-0.012,0.201,0.0,0.0,0.45,0.0,2.6,2.06,0.44,1.84,2.41,0.84,0.13,0.75,0.0,0.0,2.62,0.0,0.0
1335,361.17,0.12569,0.17663,-0.976219,-0.173449,0.240708,-0.954974,-0.025,0.213,0.0,0.0,0.31,0.0,2.61,2.09,0.44,1.86,2.42,0.82,0.1,0.65,0.0,0.0,2.54,0.0,0.0
1336,361.2,0.143886,0.180046,-0.973078,-0.1789,0.246885,-0.952388,-0.018,0.218,0.0,0.0,0.25,0.0,2.58,2.14,0.49,1.9,2.48,0.77,0.14,0.66,0.0,0.0,2.52,0.0,0.0
1337,361.23,0.119153,0.19089,-0.974353,-0.197771,0.225036,-0.954068,-0.041,0.212,0.0,0.0,0.27,0.0,2.57,2.23,0.55,1.92,2.47,0.79,0.15,0.69,0.0,0.0,2.59,0.0,0.0
1338,361.27,0.120929,0.186435,-0.974997,-0.194639,0.222956,-0.955199,-0.038,0.209,0.0,0.0,0.31,0.0,2.57,2.26,0.61,1.97,2.48,0.79,0.18,0.73,0.0,0.0,2.73,0.0,0.0
1339,361.3,0.120722,0.187446,-0.974828,-0.195678,0.221966,-0.955218,-0.039,0.209,0.0,0.0,0.32,0.0,2.61,2.28,0.62,1.93,2.5,0.74,0.2,0.65,0.0,0.0,2.77,0.0,0.0
1340,361.33,0.10436,0.188371,-0.976537,-0.187333,0.211043,-0.959358,-0.043,0.203,0.0,0.0,0.27,0.0,2.63,2.33,0.61,1.93,2.52,0.7,0.15,0.57,0.0,0.0,2.77,0.0,0.0
1341,361.37,0.080806,0.180625,-0.980227,-0.191649,0.212429,-0.958199,-0.057,0.2,0.0,0.0,0.17,0.0,2.64,2.25,0.6,1.9,2.55,0.67,0.1,0.53,0.0,0.0,2.76,0.0,0.0
1342,361.4,0.08164,0.182391,-0.979831,-0.192508,0.211578,-0.958215,-0.057,0.201,0.0,0.0,0.12,0.0,2.65,2.22,0.64,1.92,2.55,0.76,0.05,0.64,0.0,0.0,2.7,0.0,0.0
1343,361.43,0.075593,0.157352,-0.984645,-0.161008,0.199491,-0.966581,-0.044,0.181,0.0,0.0,0.07,0.0,2.62,2.13,0.58,1.92,2.59,0.72,0.08,0.67,0.0,0.0,2.68,0.0,0.0
1344,361.47,0.089566,0.161739,-0.98276,-0.136992,0.185033,-0.973137,-0.024,0.175,0.0,0.0,0.05,0.0,2.58,2.14,0.53,1.94,2.61,0.64,0.1,0.59,0.0,0.0,2.65,0.0,0.0
1345,361.5,0.090176,0.161924,-0.982674,-0.134762,0.18416,-0.973614,-0.023,0.175,0.0,0.0,0.0,0.0,2.51,2.16,0.48,1.89,2.66,0.52,0.11,0.51,0.0,0.0,2.65,0.0,0.0
1346,361.53,0.056226,0.155929,-0.986167,-0.134043,0.185093,-0.973536,-0.04,0.172,0.0,0.0,0.09,0.0,2.49,2.16,0.49,1.88,2.66,0.56,0.18,0.5,0.0,0.0,2.69,0.0,0.0
1347,361.57,0.067405,0.145173,-0.987108,-0.125465,0.177424,-0.976104,-0.03,0.163,0.0,0.0,0.15,0.0,2.48,2.16,0.5,1.89,2.67,0.58,0.23,0.56,0.0,0.0,2.73,0.0,0.0
1348,361.6,0.076041,0.142403,-0.986884,-0.132231,0.176015,-0.975466,-0.029,0.161,0.0,0.0,0.2,0.0,2.43,2.02,0.45,2.02,2.63,0.66,0.3,0.49,0.0,0.0,2.88,0.0,0.0
1349,361.63,0.066954,0.141733,-0.987638,-0.1256,0.183189,-0.975021,-0.03,0.164,0.0,0.0,0.16,0.0,2.37,1.85,0.48,2.06,2.57,0.61,0.35,0.5,0.03,0.0,2.94,0.01,0.0
1350,361.67,0.062121,0.139751,-0.988236,-0.125776,0.183333,-0.974971,-0.032,0.163,0.0,0.0,0.16,0.0,2.33,1.74,0.49,2.09,2.5,0.63,0.38,0.48,0.06,0.0,3.06,0.02,0.0
1351,361.7,0.066227,0.139867,-0.987953,-0.12795,0.182351,-0.974873,-0.031,0.163,0.0,0.0,0.19,0.0,2.31,1.67,0.59,2.08,2.5,0.75,0.36,0.59,0.06,0.0,2.96,0.08,0.0
1352,361.73,0.03656,0.142602,-0.989105,-0.12824,0.183839,-0.974555,-0.047,0.165,0.0,0.0,0.22,0.0,2.3,1.59,0.58,2.17,2.48,0.93,0.41,0.57,0.15,0.0,3.09,0.08,0.0
1353,361.77,0.017642,0.138098,-0.990261,-0.128656,0.176646,-0.97583,-0.056,0.159,0.0,0.0,0.21,0.0,2.27,1.45,0.58,2.2,2.48,1.06,0.47,0.43,0.12,0.0,3.13,0.1,0.0
1354,361.8,0.029811,0.142356,-0.989367,-0.128443,0.177869,-0.975636,-0.05,0.162,0.0,0.0,0.27,0.0,2.27,1.54,0.47,2.18,2.47,1.02,0.44,0.33,0.12,0.0,3.31,0.15,0.0
1355,361.83,0.022094,0.145841,-0.989061,-0.111917,0.172417,-0.978645,-0.046,0.16,0.0,0.0,0.32,0.0,2.26,1.6,0.49,2.11,2.46,0.97,0.32,0.26,0.0,0.0,3.26,0.14,0.0
1356,361.87,0.016756,0.144941,-0.989298,-0.118744,0.177272,-0.976972,-0.052,0.162,0.0,0.0,0.4,0.0,2.23,1.6,0.5,2.05,2.43,0.96,0.22,0.32,0.03,0.0,3.2,0.11,0.0
1357,361.9,0.020016,0.14751,-0.988858,-0.118064,0.179878,-0.976578,-0.05,0.165,0.0,0.0,0.43,0.0,2.22,1.53,0.6,2.1,2.38,0.9,0.2,0.25,0.05,0.0,3.13,0.04,0.0
1358,361.93,0.012959,0.13954,-0.990132,-0.109853,0.179871,-0.977537,-0.049,0.161,0.0,0.0,0.48,0.0,2.21,1.55,0.59,2.07,2.35,0.91,0.2,0.22,0.05,0.0,3.19,0.08,0.0
1359,361.97,0.023932,0.145362,-0.989089,-0.118344,0.181775,-0.976193,-0.048,0.165,0.0,0.0,0.52,0.0,2.2,1.54,0.55,2.1,2.36,0.96,0.12,0.14,0.07,0.0,3.25,0.14,0.0
1360,362.0,0.023197,0.151293,-0.988217,-0.109684,0.185491,-0.976505,-0.044,0.17,0.0,0.0,0.52,0.0,2.14,1.36,0.51,2.02,2.3,1.13,0.07,0.33,0.04,0.0,3.25,0.26,0.0
1361,362.03,0.020458,0.146612,-0.988983,-0.155884,0.182155,-0.970834,-0.069,0.166,0.0,0.0,0.51,0.0,2.06,1.23,0.57,1.99,2.28,1.13,0.07,0.44,0.1,0.0,3.15,0.32,0.0
1362,362.07,0.019162,0.146773,-0.988985,-0.110518,0.182132,-0.977043,-0.046,0.166,0.0,0.0,0.48,0.0,1.97,1.25,0.6,1.89,2.25,1.06,0.2,0.52,0.06,0.0,3.14,0.37,0.0
1363,362.1,0.020123,0.142704,-0.989561,-0.102309,0.180223,-0.978291,-0.042,0.163,0.0,0.0,0.42,0.0,1.95,1.37,0.69,1.88,2.24,0.93,0.2,0.27,0.06,0.0,3.02,0.3,0.0
1364,362.13,0.024542,0.14868,-0.988581,-0.080052,0.18607,-0.97927,-0.028,0.168,0.0,0.0,0.33,0.0,1.97,1.43,0.68,1.82,2.24,0.95,0.17,0.21,0.0,0.0,2.99,0.23,0.0
1365,362.17,0.041803,0.149906,-0.987816,-0.068261,0.184177,-0.98052,-0.013,0.168,0.0,0.0,0.3,0.0,2.06,1.4,0.72,1.84,2.25,0.88,0.16,0.22,0.01,0.0,2.96,0.12,0.0
1366,362.2,0.051777,0.145402,-0.988017,-0.062594,0.183465,-0.981031,-0.005,0.165,0.0,0.0,0.27,0.0,2.1,1.35,0.63,1.84,2.28,0.84,0.22,0.27,0.03,0.0,3.0,0.03,0.0
1367,362.23,0.047856,0.15124,-0.987338,-0.111092,0.176442,-0.978022,-0.032,0.165,0.0,0.0,0.24,0.0,2.17,1.3,0.6,1.86,2.34,0.8,0.36,0.33,0.05,0.0,3.08,0.0,0.0
1368,362.27,0.061809,0.143428,-0.987729,-0.056568,0.182579,-0.981562,0.003,0.164,0.0,0.0,0.26,0.0,2.2,1.28,0.55,1.89,2.4,0.75,0.37,0.36,0.12,0.0,3.11,0.0,0.0
1369,362.3,0.063717,0.140341,-0.988051,-0.057182,0.181072,-0.981806,0.003,0.162,0.0,0.0,0.31,0.0,2.23,1.22,0.57,1.83,2.46,0.69,0.46,0.45,0.1,0.0,3.24,0.0,0.0
1370,362.33,0.069502,0.135779,-0.988298,-0.059337,0.182778,-0.981362,0.005,0.16,0.0,0.0,0.4,0.0,2.2,1.17,0.61,1.81,2.35,0.74,0.37,0.51,0.08,0.0,3.24,0.0,0.0
1371,362.37,0.05482,0.142023,-0.988344,-0.105211,0.177271,-0.978522,-0.026,0.161,0.0,0.0,0.41,0.0,2.15,1.17,0.65,1.65,2.26,0.81,0.25,0.66,0.05,0.0,3.19,0.0,0.0
1372,362.4,0.062213,0.134334,-0.988981,-0.046245,0.17893,-0.982774,0.008,0.158,0.0,0.0,0.38,0.0,2.14,1.28,0.61,1.54,2.11,0.84,0.11,0.7,0.08,0.0,3.12,0.03,0.0
1373,362.43,0.057508,0.143586,-0.987965,-0.088624,0.187815,-0.978198,-0.016,0.167,0.0,0.0,0.38,0.0,2.06,1.43,0.67,1.48,2.05,0.78,0.1,0.84,0.24,0.0,2.86,0.12,0.0
1374,362.47,0.065594,0.146988,-0.986961,-0.037371,0.188325,-0.981395,0.014,0.169,0.0,0.0,0.39,0.0,2.02,1.48,0.7,1.54,1.92,0.73,0.19,0.9,0.3,0.0,2.75,0.22,0.0
1375,362.5,0.064346,0.145795,-0.98722,-0.046197,0.185295,-0.981596,0.009,0.167,0.0,0.0,0.47,0.0,1.98,1.63,0.83,1.53,1.86,0.71,0.31,1.18,0.54,0.0,2.34,0.24,0.0
1376,362.53,0.072388,0.150205,-0.986001,-0.036738,0.195042,-0.980107,0.018,0.174,0.0,0.0,0.45,0.0,1.97,1.73,0.79,1.43,1.79,0.67,0.35,1.31,0.62,0.0,2.18,0.25,0.0
1377,362.57,0.062617,0.1602,-0.985097,-0.036945,0.195633,-0.979981,0.013,0.179,0.0,0.0,0.43,0.0,1.96,1.61,0.73,1.34,1.8,0.62,0.42,1.39,0.73,0.0,1.86,0.19,0.0
1378,362.6,0.069439,0.160091,-0.984657,-0.042616,0.203697,-0.978106,0.014,0.183,0.0,0.0,0.38,0.0,1.94,1.37,0.57,1.36,1.91,0.62,0.39,1.26,0.58,0.0,1.91,0.15,0.0
1379,362.63,0.077602,0.151735,-0.98537,-0.045787,0.207964,-0.977064,0.016,0.181,0.0,0.0,0.39,0.0,1.97,1.14,0.51,1.47,2.02,0.66,0.29,1.18,0.39,0.0,2.0,0.16,0.0
1380,362.67,0.071642,0.145682,-0.986734,-0.046225,0.200266,-0.97865,0.013,0.174,0.0,0.0,0.4,0.0,1.99,1.17,0.5,1.52,2.08,0.71,0.19,1.19,0.17,0.0,2.14,0.18,0.0
1381,362.7,0.072453,0.144419,-0.98686,-0.0452,0.199457,-0.978864,0.014,0.173,0.0,0.0,0.31,0.0,2.07,1.34,0.57,1.53,2.13,0.61,0.21,1.05,0.05,0.0,2.33,0.16,0.0
1382,362.73,0.0596,0.152903,-0.986442,-0.049087,0.201865,-0.978182,0.005,0.179,0.0,0.0,0.32,0.0,2.15,1.34,0.53,1.6,2.25,0.55,0.26,0.9,0.0,0.0,2.39,0.06,0.0
1383,362.77,0.040644,0.155833,-0.986947,-0.06742,0.204375,-0.976568,-0.014,0.181,0.0,0.0,0.31,0.0,2.19,1.36,0.43,1.66,2.42,0.43,0.33,0.74,0.0,0.0,2.56,0.01,0.0
1384,362.8,0.036249,0.150611,-0.987928,-0.083768,0.203711,-0.975441,-0.024,0.179,0.0,0.0,0.34,0.0,2.17,1.19,0.3,1.7,2.48,0.38,0.26,0.74,0.0,0.0,2.61,0.01,0.0
1385,362.83,0.029137,0.148871,-0.988427,-0.076458,0.198651,-0.977083,-0.024,0.175,0.0,0.0,0.23,0.0,2.14,1.08,0.25,1.64,2.5,0.19,0.23,0.68,0.0,0.0,2.73,0.01,0.0
1386,362.87,0.029257,0.144545,-0.989066,-0.079044,0.19614,-0.977385,-0.025,0.172,0.0,0.0,0.14,0.0,2.14,0.98,0.28,1.62,2.48,0.12,0.15,0.6,0.0,0.0,2.77,0.0,0.0
1387,362.9,0.027397,0.141028,-0.989627,-0.077611,0.193075,-0.97811,-0.026,0.168,0.0,0.0,0.12,0.0,2.1,0.97,0.33,1.64,2.47,0.16,0.21,0.58,0.0,0.0,2.86,0.0,0.0
1388,362.93,0.008849,0.159863,-0.987099,-0.09746,0.182737,-0.978319,-0.045,0.173,0.0,0.0,0.09,0.0,2.09,1.18,0.37,1.69,2.45,0.16,0.25,0.58,0.03,0.0,2.86,0.05,0.0
1389,362.97,-0.00119,0.169869,-0.985466,-0.101401,0.179207,-0.978572,-0.052,0.176,0.0,0.0,0.06,0.0,2.1,1.2,0.38,1.75,2.46,0.19,0.33,0.58,0.03,0.0,2.83,0.05,0.0
1390,363.0,-0.007089,0.155577,-0.987798,-0.120036,0.174372,-0.977336,-0.065,0.166,0.0,0.0,0.0,0.0,2.13,1.2,0.35,1.76,2.47,0.15,0.41,0.59,0.03,0.0,2.75,0.05,0.0
1391,363.03,-0.010313,0.153331,-0.988121,-0.130899,0.174876,-0.97585,-0.072,0.166,0.0,0.0,0.0,0.0,2.11,1.03,0.38,1.75,2.5,0.23,0.52,0.54,0.0,0.0,2.76,0.0,0.0
1392,363.07,-0.012923,0.152399,-0.988235,-0.124026,0.175706,-0.976599,-0.07,0.165,0.0,0.0,0.0,0.0,2.06,1.06,0.4,1.71,2.47,0.31,0.57,0.48,0.0,0.0,2.74,0.0,0.0
1393,363.1,-0.014076,0.153111,-0.988109,-0.124152,0.174939,-0.97672,-0.07,0.165,0.0,0.0,0.0,0.0,2.06,0.93,0.45,1.74,2.4,0.33,0.57,0.42,0.0,0.0,2.78,0.0,0.0
1394,363.13,-0.02581,0.148907,-0.988514,-0.13937,0.177556,-0.974192,-0.084,0.165,0.0,0.0,0.0,0.0,2.09,0.88,0.47,1.73,2.33,0.28,0.5,0.41,0.01,0.0,2.73,0.01,0.0
1395,363.17,-0.024563,0.156689,-0.987342,-0.134122,0.176541,-0.975113,-0.081,0.168,0.0,0.0,0.0,0.0,2.11,0.86,0.5,1.7,2.34,0.19,0.44,0.36,0.01,0.0,2.68,0.01,0.0
1396,363.2,-0.019504,0.156879,-0.987425,-0.136876,0.181218,-0.973871,-0.08,0.171,0.0,0.0,0.0,0.0,2.12,1.03,0.5,1.61,2.37,0.12,0.44,0.34,0.01,0.0,2.64,0.01,0.0
1397,363.23,-0.018339,0.156894,-0.987445,-0.142936,0.173723,-0.974366,-0.082,0.167,0.0,0.0,0.0,0.0,2.09,1.16,0.48,1.62,2.43,0.18,0.51,0.28,0.0,0.0,2.62,0.01,0.0
1398,363.27,-0.023383,0.154111,-0.987777,-0.135036,0.175212,-0.975226,-0.081,0.166,0.0,0.0,0.0,0.0,2.08,1.23,0.48,1.65,2.42,0.25,0.58,0.22,0.0,0.0,2.64,0.01,0.0
1399,363.3,-0.025256,0.155894,-0.987451,-0.134531,0.174824,-0.975366,-0.081,0.167,0.0,0.0,0.0,0.0,2.05,1.27,0.46,1.71,2.43,0.34,0.58,0.21,0.0,0.0,2.57,0.01,0.0
1400,363.33,-0.026054,0.156022,-0.98741,-0.13404,0.173897,-0.975599,-0.081,0.167,0.0,0.0,0.0,0.0,2.09,1.31,0.43,1.68,2.42,0.41,0.48,0.18,0.0,0.0,2.57,0.0,0.0
1401,363.37,-0.018264,0.154937,-0.987756,-0.146447,0.176264,-0.973388,-0.084,0.167,0.0,0.0,0.0,0.0,2.1,1.14,0.36,1.62,2.45,0.45,0.33,0.19,0.0,0.0,2.63,0.0,0.0
1402,363.4,-0.023365,0.145936,-0.989018,-0.135833,0.166334,-0.976669,-0.081,0.158,0.0,0.0,0.0,0.0,2.1,0.85,0.33,1.54,2.46,0.55,0.37,0.16,0.0,0.0,2.66,0.0,0.0
1403,363.43,-0.02043,0.136873,-0.990378,-0.140845,0.163367,-0.97646,-0.082,0.151,0.0,0.0,0.0,0.0,2.06,0.61,0.34,1.52,2.48,0.6,0.4,0.16,0.0,0.0,2.67,0.0,0.0
1404,363.47,-0.023155,0.142359,-0.989544,-0.141125,0.164632,-0.976207,-0.083,0.155,0.0,0.0,0.0,0.0,2.05,0.68,0.33,1.54,2.47,0.67,0.48,0.12,0.0,0.0,2.59,0.0,0.0
1405,363.5,-0.02481,0.142229,-0.989523,-0.143082,0.164409,-0.97596,-0.085,0.155,0.0,0.0,0.0,0.0,1.96,0.7,0.31,1.6,2.42,0.67,0.43,0.19,0.0,0.0,2.6,0.03,0.0
1406,363.53,-0.010522,0.143218,-0.989635,-0.127045,0.164613,-0.978142,-0.07,0.155,0.0,0.0,0.0,0.0,1.89,0.71,0.33,1.57,2.35,0.64,0.41,0.21,0.0,0.0,2.65,0.12,0.0
1407,363.57,-0.010248,0.149703,-0.988678,-0.128437,0.164858,-0.977919,-0.07,0.159,0.0,0.0,0.0,0.0,1.75,0.63,0.37,1.51,2.2,0.58,0.45,0.31,0.0,0.0,2.6,0.17,0.0
1408,363.6,-0.016481,0.144401,-0.989382,-0.131699,0.162902,-0.977813,-0.075,0.155,0.0,0.0,0.0,0.0,1.69,0.73,0.5,1.44,2.06,0.49,0.33,0.33,0.0,0.0,2.46,0.32,0.0
1409,363.63,-0.018151,0.14128,-0.989803,-0.119374,0.161138,-0.979686,-0.07,0.152,0.0,0.0,0.0,0.0,1.54,0.78,0.58,1.48,1.9,0.37,0.36,0.41,0.0,0.0,2.26,0.28,0.0
1410,363.67,-0.018349,0.145062,-0.989252,-0.120383,0.165469,-0.97884,-0.07,0.156,0.0,0.0,0.0,0.0,1.46,0.77,0.66,1.52,1.82,0.26,0.38,0.5,0.0,0.0,2.21,0.42,0.0
1411,363.7,-0.017019,0.144817,-0.989312,-0.120712,0.166201,-0.978675,-0.07,0.157,0.0,0.0,0.0,0.0,1.38,0.72,0.62,1.54,1.79,0.3,0.5,0.52,0.0,0.0,2.17,0.42,0.0
1412,363.73,-0.015228,0.145547,-0.989234,-0.119834,0.165752,-0.97886,-0.069,0.157,0.0,0.0,0.03,0.0,1.4,0.83,0.59,1.5,1.77,0.4,0.51,0.52,0.0,0.0,2.14,0.43,0.0
1413,363.77,-0.02378,0.157756,-0.987192,-0.121245,0.17167,-0.977665,-0.074,0.166,0.0,0.0,0.12,0.0,1.37,0.97,0.65,1.41,1.71,0.54,0.53,0.52,0.0,0.0,2.15,0.25,0.0
1414,363.8,-0.024256,0.163417,-0.986259,-0.139213,0.185341,-0.972763,-0.083,0.176,0.0,0.0,0.2,0.0,1.34,1.13,0.69,1.32,1.64,0.62,0.48,0.48,0.0,0.0,2.13,0.07,0.0
1415,363.83,-0.011068,0.158037,-0.987371,-0.142362,0.176925,-0.973874,-0.078,0.169,0.0,0.0,0.31,0.0,1.29,0.95,0.64,1.16,1.67,0.56,0.42,0.42,0.0,0.0,2.25,0.0,0.19
1416,363.87,0.03373,0.191586,-0.980896,-0.330184,0.25535,-0.908721,-0.156,0.232,0.0,0.0,0.38,0.0,1.26,0.83,0.52,1.09,1.73,0.44,0.31,0.31,0.0,0.0,2.24,0.0,0.38
1417,363.9,0.03132,0.192416,-0.980814,-0.326456,0.258389,-0.909209,-0.155,0.234,0.0,0.0,0.48,0.0,1.25,0.68,0.44,1.02,1.8,0.22,0.25,0.27,0.0,0.0,2.29,0.01,0.58
1418,363.93,0.029577,0.188916,-0.981548,-0.322548,0.262298,-0.909485,-0.154,0.234,0.0,0.0,0.59,0.0,1.3,0.79,0.54,1.04,1.73,0.13,0.16,0.16,0.0,0.0,2.2,0.05,0.57
1419,363.97,0.09129,0.209169,-0.973609,-0.271828,0.267886,-0.924309,-0.095,0.246,0.0,0.0,0.73,0.0,1.37,0.94,0.65,1.1,1.68,0.07,0.06,0.07,0.0,0.0,2.08,0.05,0.53
1420,364.0,0.088906,0.211164,-0.973399,-0.271201,0.265474,-0.925189,-0.096,0.246,0.0,0.0,0.71,0.0,1.26,0.96,0.68,1.08,1.6,0.11,0.07,0.07,0.0,0.0,1.99,0.06,0.33
1421,364.03,0.04081,0.175208,-0.983685,-0.150864,0.189089,-0.970302,-0.056,0.184,0.0,0.0,0.64,0.0,1.06,0.85,0.55,1.09,1.51,0.19,0.17,0.18,0.05,0.0,1.85,0.06,0.16
1422,364.07,0.033396,0.180826,-0.982948,-0.136466,0.161458,-0.977399,-0.053,0.173,0.0,0.0,0.49,0.0,0.86,0.72,0.37,1.08,1.39,0.2,0.32,0.24,0.13,0.0,1.75,0.13,0.0
1423,364.1,0.03332,0.182313,-0.982676,-0.138324,0.161048,-0.977205,-0.054,0.173,0.0,0.0,0.52,0.0,0.79,0.65,0.32,1.02,1.2,0.39,0.33,0.46,0.18,0.0,1.48,0.37,0.0
1424,364.13,0.029489,0.19333,-0.98069,-0.099,0.158105,-0.982447,-0.035,0.177,0.0,0.0,0.53,0.0,0.77,0.62,0.28,0.9,1.11,0.66,0.3,0.69,0.18,0.0,1.24,0.6,0.0
1425,364.17,0.033723,0.194831,-0.980257,-0.101192,0.157984,-0.982243,-0.034,0.178,0.0,0.0,0.61,0.0,0.72,0.5,0.24,0.79,0.92,0.85,0.21,0.99,0.11,0.0,1.05,0.78,0.0
1426,364.2,0.019607,0.180032,-0.983465,-0.10256,0.156945,-0.982268,-0.042,0.17,0.0,0.0,0.7,0.0,0.6,0.66,0.13,0.85,0.83,0.77,0.14,1.05,0.06,0.0,1.11,1.01,0.0
1427,364.23,0.069871,0.188143,-0.979653,-0.139461,0.22426,-0.964499,-0.036,0.209,0.16,0.0,0.76,0.0,0.49,0.75,0.07,0.78,0.74,0.57,0.18,1.11,0.0,0.0,1.17,1.38,0.49
1428,364.27,0.12876,0.249566,-0.959759,-0.320414,0.328187,-0.88861,-0.103,0.303,0.35,0.0,0.78,0.0,0.4,0.91,0.1,0.73,0.77,0.55,0.28,1.13,0.0,0.0,1.23,1.76,1.0
1429,364.3,0.126669,0.24504,-0.961202,-0.326549,0.322437,-0.888482,-0.108,0.298,0.53,0.0,0.73,0.0,0.38,0.65,0.1,0.65,0.83,0.57,0.37,1.22,0.0,0.0,1.05,1.92,1.66
1430,364.33,0.217831,0.269292,-0.9381,-0.273954,0.346248,-0.897252,-0.031,0.324,0.55,0.0,0.67,0.0,0.33,0.53,0.06,0.62,0.87,0.56,0.32,1.2,0.05,0.0,1.03,1.76,1.82
1431,364.37,0.228272,0.269465,-0.935564,-0.261229,0.295198,-0.919031,-0.018,0.296,0.61,0.02,0.59,0.0,0.28,0.32,0.0,0.59,0.89,0.51,0.26,1.29,0.1,0.0,1.03,1.61,1.99
1432,364.4,0.222527,0.285928,-0.932055,-0.27725,0.306043,-0.910753,-0.03,0.311,0.53,0.02,0.6,0.0,0.43,0.59,0.03,0.72,1.08,0.5,0.16,1.02,0.1,0.0,1.32,1.29,2.01
1433,364.43,0.194529,0.265098,-0.944395,-0.239296,0.320334,-0.916583,-0.024,0.305,0.42,0.02,0.72,0.0,0.64,0.63,0.07,0.85,1.3,0.52,0.1,0.81,0.05,0.0,1.54,1.13,2.01
1434,364.47,0.143931,0.267746,-0.952678,-0.245563,0.325382,-0.91314,-0.054,0.308,0.32,0.0,0.84,0.0,0.83,0.72,0.11,1.03,1.49,0.57,0.01,0.5,0.0,0.0,1.8,0.92,2.03
1435,364.5,0.139459,0.266744,-0.953624,-0.247737,0.323099,-0.913364,-0.058,0.306,0.23,0.0,0.87,0.0,0.83,0.57,0.11,1.02,1.49,0.53,0.02,0.47,0.0,0.0,1.83,0.87,1.66
1436,364.53,0.076235,0.239131,-0.96799,-0.222313,0.304245,-0.926289,-0.077,0.279,0.18,0.0,0.85,0.0,0.79,0.51,0.08,1.03,1.45,0.53,0.12,0.47,0.01,0.0,1.9,0.83,1.1
1437,364.57,0.049937,0.228433,-0.972278,-0.170127,0.245999,-0.954223,-0.062,0.241,0.04,0.0,0.76,0.0,0.76,0.37,0.05,0.86,1.43,0.48,0.11,0.53,0.01,0.0,1.68,0.83,0.53
1438,364.6,0.045472,0.227846,-0.972635,-0.162336,0.258233,-0.952346,-0.061,0.247,0.06,0.0,0.74,0.0,0.74,0.36,0.02,0.8,1.38,0.44,0.11,0.67,0.01,0.0,1.61,0.81,0.43
1439,364.63,0.050513,0.229378,-0.972026,-0.163339,0.260554,-0.951542,-0.059,0.249,0.08,0.0,0.67,0.0,0.71,0.33,0.0,0.59,1.35,0.34,0.04,0.77,0.0,0.0,1.45,0.78,0.5
1440,364.67,0.051923,0.219041,-0.974333,-0.173073,0.288364,-0.941749,-0.063,0.259,0.14,0.0,0.69,0.0,0.69,0.45,0.01,0.53,1.38,0.27,0.05,0.75,0.0,0.0,1.51,0.72,0.5
1441,364.7,0.050403,0.217472,-0.974764,-0.169551,0.268106,-0.948352,-0.062,0.247,0.16,0.0,0.66,0.0,0.67,0.41,0.02,0.41,1.4,0.25,0.04,0.7,0.0,0.0,1.48,0.73,0.45
1442,364.73,0.051695,0.216907,-0.974823,-0.172406,0.268233,-0.947801,-0.063,0.247,0.12,0.0,0.49,0.0,0.65,0.39,0.04,0.52,1.43,0.36,0.0,0.65,0.13,0.0,1.44,0.8,0.49
1443,364.77,0.038164,0.197835,-0.979492,-0.184123,0.269075,-0.945355,-0.076,0.238,0.1,0.0,0.29,0.0,0.62,0.4,0.04,0.61,1.4,0.4,0.07,0.66,0.21,0.0,1.38,0.89,0.54
1444,364.8,0.040721,0.196364,-0.979685,-0.189395,0.293724,-0.93694,-0.077,0.25,0.04,0.0,0.29,0.0,0.61,0.47,0.12,0.75,1.28,0.37,0.18,0.68,0.26,0.0,1.35,1.08,0.38
1445,364.83,0.016728,0.166438,-0.98591,-0.139886,0.214168,-0.966729,-0.063,0.193,0.05,0.0,0.46,0.0,0.64,0.63,0.19,0.81,1.17,0.26,0.32,0.69,0.17,0.0,1.34,1.18,0.18
1446,364.87,0.016266,0.165747,-0.986034,-0.144098,0.212248,-0.966533,-0.065,0.191,0.02,0.0,0.66,0.0,0.67,0.73,0.26,0.85,1.08,0.22,0.37,0.71,0.12,0.0,1.34,1.27,0.0
1447,364.9,0.014741,0.164544,-0.98626,-0.144194,0.211227,-0.966743,-0.066,0.19,0.02,0.0,0.61,0.13,0.6,0.69,0.18,0.84,0.98,0.15,0.25,0.61,0.07,0.0,1.41,1.27,0.0
1448,364.93,-0.019112,0.175991,-0.984206,-0.206466,0.224848,-0.952268,-0.116,0.204,0.03,0.0,0.6,0.22,0.54,0.6,0.1,0.92,0.85,0.08,0.16,0.66,0.03,0.0,1.67,1.45,0.0
1449,364.97,-0.016608,0.182821,-0.983006,-0.21275,0.238606,-0.947526,-0.118,0.215,0.17,0.0,0.69,0.31,0.39,0.55,0.05,0.98,0.59,0.0,0.09,0.74,0.0,0.0,2.15,1.84,0.0
1450,365.0,-0.027907,0.181327,-0.983027,-0.216205,0.235042,-0.947634,-0.126,0.212,0.3,0.0,0.83,0.29,0.33,0.52,0.04,1.0,0.46,0.0,0.17,0.88,0.0,0.0,2.48,2.16,0.0
1451,365.03,-0.028483,0.178731,-0.983486,-0.214341,0.233758,-0.948375,-0.125,0.21,0.38,0.0,0.79,0.32,0.27,0.55,0.1,0.89,0.34,0.0,0.37,1.17,0.09,0.01,2.11,2.42,0.0
1452,365.07,-0.037377,0.130573,-0.990734,-0.232189,0.212923,-0.94908,-0.138,0.175,0.36,0.0,0.69,0.28,0.31,0.46,0.1,0.8,0.35,0.0,0.52,1.44,0.22,0.01,1.47,2.46,0.0
1453,365.1,-0.03731,0.130874,-0.990697,-0.233839,0.210916,-0.949122,-0.139,0.174,0.33,0.0,0.61,0.23,0.35,0.46,0.15,0.77,0.34,0.0,0.65,1.73,0.33,0.01,0.9,2.48,0.0
1454,365.13,-0.03638,0.131926,-0.990592,-0.233868,0.208803,-0.949583,-0.138,0.174,0.33,0.0,0.63,0.13,0.36,0.4,0.19,0.95,0.29,0.0,0.78,1.82,0.35,0.0,0.97,2.54,0.0
1455,365.17,-0.045656,0.129205,-0.990566,-0.218749,0.186873,-0.95772,-0.135,0.161,0.29,0.0,0.58,0.09,0.35,0.37,0.21,1.11,0.24,0.0,0.94,2.01,0.36,0.0,1.08,2.62,0.0
1456,365.2,-0.044692,0.132368,-0.990193,-0.215942,0.185198,-0.958682,-0.133,0.162,0.29,0.0,0.53,0.03,0.37,0.31,0.23,1.18,0.23,0.04,1.14,2.34,0.38,0.0,1.02,2.62,0.0
1457,365.23,-0.037445,0.120962,-0.991951,-0.209774,0.17063,-0.962746,-0.126,0.148,0.31,0.0,0.51,0.03,0.42,0.26,0.2,1.08,0.31,0.04,1.28,2.45,0.42,0.0,0.92,2.44,0.0
1458,365.27,-0.037305,0.118402,-0.992265,-0.196984,0.169386,-0.965663,-0.119,0.146,0.32,0.0,0.47,0.0,0.46,0.19,0.14,0.97,0.39,0.04,1.36,2.44,0.49,0.0,0.79,2.3,0.0
1459,365.3,-0.037111,0.117988,-0.992321,-0.195868,0.169225,-0.965918,-0.118,0.146,0.28,0.0,0.45,0.0,0.55,0.2,0.08,1.01,0.49,0.04,1.36,2.27,0.48,0.0,1.12,2.06,0.0
1460,365.33,-0.01243,0.139346,-0.990166,-0.196215,0.172281,-0.965308,-0.106,0.158,0.24,0.0,0.38,0.0,0.61,0.27,0.02,1.04,0.56,0.12,1.31,2.28,0.45,0.0,1.34,1.9,0.0
1461,365.37,-0.012105,0.136571,-0.990556,-0.184136,0.171242,-0.967869,-0.1,0.156,0.15,0.0,0.37,0.0,0.67,0.46,0.0,1.08,0.81,0.15,0.96,2.07,0.24,0.0,1.67,1.59,0.0
1462,365.4,-0.014876,0.130032,-0.991398,-0.092323,0.187799,-0.977859,-0.054,0.16,0.08,0.0,0.33,0.0,0.67,0.5,0.0,1.0,0.98,0.13,0.64,1.86,0.12,0.0,1.78,1.46,0.0
1463,365.43,-0.01221,0.131326,-0.991264,-0.092975,0.18679,-0.97799,-0.053,0.16,0.0,0.0,0.35,0.0,0.66,0.39,0.0,0.93,1.08,0.21,0.44,1.87,0.11,0.05,1.29,1.59,0.0
1464,365.47,-0.002451,0.1064,-0.99432,-0.103017,0.161746,-0.981441,-0.053,0.135,0.0,0.0,0.37,0.0,0.66,0.25,0.0,0.89,1.0,0.32,0.59,2.15,0.2,0.12,0.72,1.79,0.0
1465,365.5,-0.004492,0.108128,-0.994127,-0.100993,0.164943,-0.981119,-0.053,0.137,0.0,0.0,0.39,0.0,0.64,0.13,0.01,0.95,0.82,0.32,0.76,2.27,0.34,0.12,0.08,2.04,0.0
1466,365.53,0.006466,0.086066,-0.996268,-0.100435,0.159491,-0.982077,-0.047,0.123,0.05,0.0,0.41,0.0,0.61,0.17,0.03,0.98,0.69,0.28,0.79,2.11,0.35,0.06,0.18,2.14,0.0
1467,365.57,0.002875,0.114316,-0.99344,-0.092142,0.160596,-0.98271,-0.045,0.138,0.11,0.0,0.42,0.01,0.61,0.34,0.03,1.01,0.64,0.19,0.74,1.85,0.34,0.0,0.48,2.39,0.0
1468,365.6,0.002474,0.118774,-0.992918,-0.06344,0.171005,-0.983226,-0.031,0.146,0.22,0.0,0.49,0.01,0.61,0.31,0.02,0.79,0.69,0.23,0.6,1.55,0.27,0.0,0.87,2.3,0.0
1469,365.63,0.017243,0.139681,-0.990046,-0.073213,0.174305,-0.981966,-0.028,0.158,0.23,0.0,0.54,0.01,0.61,0.31,0.0,0.62,0.75,0.16,0.44,1.36,0.29,0.0,1.13,2.11,0.0
1470,365.67,0.018457,0.130661,-0.991255,-0.076433,0.175749,-0.981463,-0.029,0.154,0.25,0.0,0.59,0.0,0.56,0.1,0.0,0.47,0.75,0.14,0.36,1.24,0.3,0.0,1.21,1.85,0.0
1471,365.7,0.015078,0.131718,-0.991173,-0.077492,0.178014,-0.980972,-0.032,0.156,0.26,0.0,0.58,0.0,0.46,0.29,0.0,0.45,0.75,0.16,0.29,1.12,0.23,0.0,1.23,1.62,0.0
1472,365.73,0.035489,0.158666,-0.986694,-0.095703,0.190565,-0.976998,-0.031,0.176,0.3,0.0,0.55,0.0,0.41,0.36,0.0,0.43,0.75,0.17,0.25,0.94,0.1,0.0,1.24,1.4,0.0
1473,365.77,0.035649,0.156976,-0.986959,-0.095505,0.191712,-0.976793,-0.03,0.176,0.43,0.0,0.58,0.0,0.41,0.64,0.0,0.33,0.79,0.28,0.16,0.76,0.0,0.0,1.35,1.38,0.25
1474,365.8,0.100457,0.213213,-0.971827,-0.195421,0.260918,-0.945374,-0.049,0.242,0.48,0.03,0.57,0.0,0.5,0.83,0.02,0.35,0.85,0.37,0.12,0.75,0.05,0.0,1.46,1.7,0.7
1475,365.83,0.19199,0.231953,-0.953592,-0.21245,0.292397,-0.932399,-0.011,0.271,0.57,0.07,0.6,0.0,0.54,0.93,0.04,0.4,0.88,0.41,0.05,0.75,0.07,0.0,1.56,2.01,1.18
1476,365.87,0.195962,0.234547,-0.952148,-0.263439,0.289599,-0.920181,-0.036,0.273,0.53,0.19,0.58,0.0,0.53,0.88,0.05,0.51,0.88,0.35,0.01,0.71,0.07,0.0,1.49,2.11,1.41
1477,365.9,0.196513,0.233509,-0.95229,-0.264806,0.288617,-0.920097,-0.036,0.272,0.45,0.17,0.62,0.0,0.51,0.99,0.07,0.61,0.83,0.27,0.01,0.74,0.04,0.0,1.31,2.09,1.27
1478,365.93,0.182668,0.208991,-0.960706,-0.229024,0.243036,-0.942593,-0.024,0.233,0.3,0.12,0.57,0.0,0.45,0.85,0.06,0.7,0.76,0.27,0.0,0.66,0.02,0.0,1.28,2.04,0.79
1479,365.97,0.06687,0.104507,-0.992274,-0.083341,0.169699,-0.981966,-0.008,0.138,0.3,0.0,0.57,0.0,0.35,0.72,0.04,0.76,0.63,0.27,0.08,0.69,0.02,0.0,1.25,1.91,0.3
1480,366.0,0.057492,0.124419,-0.990563,-0.102151,0.177722,-0.978765,-0.023,0.152,0.35,0.0,0.58,0.0,0.15,0.32,0.0,0.74,0.44,0.18,0.14,0.44,0.0,0.0,1.28,1.71,0.0
1481,366.03,0.055588,0.139111,-0.988715,-0.076502,0.17824,-0.981009,-0.011,0.16,0.43,0.0,0.73,0.0,0.05,0.31,0.0,0.61,0.22,0.1,0.16,0.41,0.0,0.0,1.12,1.57,0.0
1482,366.07,0.062531,0.146797,-0.987188,-0.070049,0.19535,-0.978229,-0.004,0.172,0.39,0.0,0.84,0.0,0.0,0.16,0.0,0.55,0.11,0.0,0.1,0.3,0.0,0.0,1.02,1.54,0.0
1483,366.1,0.061902,0.145286,-0.987451,-0.069435,0.194898,-0.978363,-0.004,0.171,0.4,0.0,0.89,0.0,0.0,0.08,0.0,0.52,0.06,0.0,0.07,0.4,0.0,0.0,0.95,1.62,0.0
1484,366.13,0.055346,0.142113,-0.988302,-0.068173,0.193069,-0.978814,-0.007,0.169,0.43,0.0,0.94,0.01,0.0,0.07,0.0,0.65,0.07,0.0,0.04,0.36,0.0,0.0,0.98,1.6,0.0
1485,366.17,0.059627,0.144157,-0.987757,-0.06625,0.185491,-0.98041,-0.003,0.166,0.58,0.0,0.88,0.01,0.0,0.07,0.0,0.58,0.02,0.0,0.09,0.52,0.0,0.0,1.06,1.7,0.0
1486,366.2,0.020311,0.13057,-0.991231,-0.146616,0.18143,-0.972413,-0.064,0.158,0.69,0.0,0.78,0.01,0.0,0.1,0.0,0.45,0.01,0.0,0.09,0.8,0.0,0.0,0.98,1.94,0.0
1487,366.23,0.010507,0.113573,-0.993474,-0.139721,0.17416,-0.974754,-0.066,0.145,0.8,0.0,0.67,0.0,0.0,0.05,0.0,0.19,0.0,0.0,0.09,1.18,0.0,0.0,0.87,2.38,0.0
1488,366.27,0.005897,0.131153,-0.991345,-0.140172,0.179635,-0.973696,-0.068,0.157,0.8,0.0,0.67,0.08,0.0,0.05,0.0,0.07,0.0,0.0,0.04,1.38,0.0,0.0,0.69,2.61,0.0
1489,366.3,0.007351,0.132344,-0.991177,-0.145026,0.181819,-0.972579,-0.07,0.159,0.83,0.0,0.68,0.14,0.0,0.05,0.0,0.0,0.0,0.0,0.0,1.51,0.0,0.0,0.67,2.7,0.0
1490,366.33,0.007301,0.131901,-0.991236,-0.127952,0.179908,-0.975326,-0.061,0.157,0.85,0.0,0.7,0.26,0.0,0.11,0.0,0.0,0.0,0.0,0.23,1.92,0.0,0.36,0.44,2.59,0.0
1491,366.37,-0.005497,0.163705,-0.986494,-0.130189,0.200801,-0.970943,-0.069,0.184,0.91,0.0,0.7,0.19,0.0,0.19,0.0,0.0,0.0,0.0,0.56,2.43,0.0,0.71,0.23,2.46,0.0
1492,366.4,-0.011301,0.163041,-0.986555,-0.120925,0.202435,-0.971801,-0.067,0.185,0.9,0.0,0.75,0.15,0.0,0.17,0.0,0.0,0.0,0.0,0.86,2.84,0.0,1.14,0.0,2.34,0.0
1493,366.43,-0.008877,0.1674,-0.985849,-0.125652,0.195967,-0.972527,-0.069,0.183,0.83,0.0,0.65,0.02,0.0,0.08,0.0,0.0,0.0,0.0,0.89,3.08,0.14,1.28,0.0,2.41,0.0
1494,366.47,-0.008526,0.155126,-0.987858,-0.121211,0.187734,-0.974712,-0.066,0.173,0.73,0.0,0.6,0.02,0.0,0.0,0.0,0.0,0.0,0.0,0.8,3.21,0.2,1.43,0.0,2.58,0.0
1495,366.5,-0.010846,0.152456,-0.988251,-0.122512,0.186826,-0.974724,-0.068,0.171,0.71,0.0,0.56,0.0,0.0,0.0,0.0,0.0,0.0,0.0,0.74,3.39,0.29,1.51,0.0,2.69,0.0
1496,366.53,-0.01325,0.147285,-0.989005,-0.121675,0.184128,-0.975342,-0.069,0.167,0.68,0.0,0.56,0.0,0.0,0.0,0.0,0.0,0.0,0.0,0.53,3.37,0.22,1.55,0.0,2.59,0.0
1497,366.57,0.004163,0.132346,-0.991195,-0.146411,0.199884,-0.968819,-0.072,0.168,0.65,0.0,0.46,0.0,0.0,0.02,0.0,0.0,0.0,0.22,0.36,3.35,0.31,1.46,0.0,2.31,0.0
1498,366.6,-0.013741,0.114575,-0.99332,-0.118072,0.169533,-0.978426,-0.067,0.143,0.54,0.0,0.39,0.0,0.0,0.02,0.0,0.0,0.0,0.42,0.17,3.32,0.61,1.34,0.0,2.06,0.0
1499,366.63,-0.025225,0.113838,-0.993179,-0.149066,0.156797,-0.976317,-0.088,0.137,0.45,0.0,0.37,0.03,0.0,0.02,0.0,0.01,0.02,0.67,0.12,3.17,0.94,1.27,0.0,1.86,0.0
1500,366.67,-0.028881,0.117754,-0.992623,-0.185633,0.16598,-0.968499,-0.109,0.144,0.29,0.0,0.45,0.08,0.0,0.0,0.0,0.03,0.04,0.67,0.05,3.04,1.17,1.43,0.0,1.77,0.0
1501,366.7,-0.031729,0.123064,-0.991891,-0.186876,0.168647,-0.967799,-0.111,0.148,0.15,0.0,0.48,0.14,0.0,0.05,0.0,0.03,0.08,0.71,0.03,2.92,1.17,1.55,0.0,1.63,0.0
1502,366.73,-0.034439,0.114968,-0.992772,-0.184036,0.15891,-0.969989,-0.111,0.139,0.05,0.0,0.43,0.25,0.08,0.1,0.0,0.09,0.19,0.88,0.03,3.03,0.97,1.68,0.0,1.42,0.0
1503,366.77,-0.039589,0.114133,-0.992676,-0.20616,0.178199,-0.962155,-0.125,0.148,0.01,0.0,0.38,0.38,0.15,0.1,0.0,0.24,0.35,1.03,0.03,3.14,0.84,1.8,0.0,1.25,0.0
1504,366.8,-0.036794,0.13043,-0.990775,-0.211063,0.187646,-0.959292,-0.126,0.162,0.0,0.0,0.23,0.4,0.22,0.06,0.0,0.32,0.52,1.14,0.0,3.2,0.82,1.97,0.0,1.12,0.0
1505,366.83,-0.040342,0.125522,-0.99127,-0.222729,0.19071,-0.956045,-0.134,0.161,0.0,0.0,0.13,0.35,0.21,0.01,0.0,0.39,0.6,1.07,0.02,3.18,0.94,2.0,0.0,1.06,0.0
1506,366.87,-0.041807,0.126124,-0.991133,-0.216659,0.186709,-0.958227,-0.132,0.159,0.0,0.0,0.03,0.29,0.21,0.01,0.0,0.35,0.63,1.02,0.07,3.18,0.97,1.98,0.0,1.09,0.0
1507,366.9,-0.042207,0.124314,-0.991345,-0.21506,0.18505,-0.958908,-0.131,0.157,0.0,0.0,0.02,0.33,0.22,0.0,0.0,0.48,0.66,0.99,0.14,3.04,0.85,1.86,0.0,1.2,0.0
1508,366.93,-0.035292,0.12435,-0.991611,-0.205804,0.180487,-0.961805,-0.123,0.155,0.0,0.0,0.07,0.31,0.23,0.0,0.0,0.53,0.65,1.0,0.33,3.16,0.75,1.84,0.0,1.29,0.0
1509,366.97,-0.027972,0.125776,-0.991664,-0.205163,0.183144,-0.96144,-0.119,0.157,0.01,0.0,0.14,0.48,0.2,0.0,0.0,0.52,0.62,0.92,0.28,2.98,0.47,1.46,0.0,1.82,0.0
1510,367.0,-0.023442,0.130102,-0.991224,-0.209974,0.182247,-0.960571,-0.119,0.159,0.01,0.0,0.25,0.7,0.17,0.1,0.0,0.42,0.51,0.76,0.21,2.85,0.24,1.1,0.1,2.35,0.0
1511,367.03,-0.023328,0.136134,-0.990416,-0.21268,0.19387,-0.957696,-0.121,0.168,0.01,0.0,0.3,0.89,0.12,0.11,0.0,0.33,0.45,0.46,0.0,2.37,0.01,0.59,0.49,2.91,0.0
1512,367.07,-0.027654,0.14093,-0.989633,-0.225341,0.207791,-0.951864,-0.13,0.178,0.0,0.0,0.3,0.86,0.09,0.11,0.0,0.31,0.43,0.33,0.0,2.18,0.0,0.39,0.89,2.98,0.0
1513,367.1,-0.028887,0.142664,-0.98935,-0.223123,0.207241,-0.952506,-0.129,0.178,0.04,0.0,0.31,0.86,0.07,0.01,0.0,0.29,0.41,0.31,0.0,2.11,0.0,0.22,1.2,2.99,0.0
1514,367.13,-0.028416,0.138002,-0.990024,-0.214777,0.208233,-0.954206,-0.124,0.176,0.11,0.0,0.35,0.93,0.07,0.0,0.0,0.25,0.38,0.36,0.0,2.16,0.0,0.17,1.18,2.97,0.0
1515,367.17,-0.028509,0.138964,-0.989887,-0.218481,0.208975,-0.953203,-0.126,0.177,0.15,0.0,0.41,0.98,0.07,0.0,0.0,0.24,0.38,0.38,0.03,2.24,0.02,0.08,1.16,2.87,0.0
1516,367.2,-0.034584,0.12889,-0.991056,-0.223186,0.204433,-0.953098,-0.132,0.17,0.11,0.0,0.39,0.89,0.05,0.0,0.0,0.3,0.38,0.38,0.08,2.34,0.02,0.04,1.04,2.84,0.0
1517,367.23,-0.036366,0.114202,-0.992792,-0.214049,0.176226,-0.960795,-0.127,0.148,0.04,0.0,0.4,0.87,0.03,0.0,0.08,0.36,0.43,0.42,0.08,2.37,0.02,0.0,0.95,2.77,0.0
1518,367.27,-0.03854,0.115285,-0.992585,-0.219833,0.1827,-0.958277,-0.132,0.152,0.0,0.0,0.39,0.92,0.02,0.0,0.11,0.42,0.45,0.41,0.06,2.35,0.03,0.0,0.88,2.79,0.0
1519,367.3,-0.039503,0.114529,-0.992634,-0.220231,0.180623,-0.958579,-0.132,0.15,0.02,0.0,0.39,0.87,0.02,0.0,0.16,0.42,0.51,0.4,0.06,2.27,0.02,0.0,0.82,2.69,0.0
1520,367.33,-0.037681,0.122462,-0.991758,-0.20625,0.17797,-0.962179,-0.124,0.153,0.02,0.0,0.35,0.73,0.01,0.0,0.1,0.41,0.54,0.35,0.07,2.28,0.02,0.0,0.86,2.6,0.0
1521,367.37,-0.042775,0.117202,-0.992186,-0.216168,0.177649,-0.960059,-0.132,0.15,0.02,0.0,0.34,0.56,0.01,0.0,0.06,0.46,0.61,0.35,0.06,2.13,0.0,0.0,0.85,2.38,0.0
1522,367.4,-0.034502,0.127963,-0.991179,-0.218004,0.192862,-0.956702,-0.129,0.163,0.0,0.0,0.35,0.54,0.0,0.0,0.01,0.48,0.64,0.32,0.01,1.88,0.0,0.0,0.89,2.06,0.0
1523,367.43,-0.035305,0.122768,-0.991807,-0.234289,0.186613,-0.954088,-0.138,0.158,0.0,0.0,0.39,0.57,0.04,0.0,0.0,0.49,0.66,0.31,0.0,1.6,0.0,0.0,0.88,1.8,0.0
1524,367.47,-0.039074,0.12291,-0.991648,-0.236783,0.187466,-0.953305,-0.141,0.158,0.0,0.0,0.4,0.6,0.05,0.0,0.0,0.41,0.65,0.27,0.0,1.48,0.0,0.0,0.9,1.62,0.0
1525,367.5,-0.039947,0.123138,-0.991585,-0.239754,0.188706,-0.952317,-0.143,0.159,0.0,0.0,0.42,0.58,0.1,0.0,0.0,0.41,0.67,0.26,0.0,1.49,0.0,0.0,0.91,1.72,0.0
1526,367.53,-0.037606,0.126515,-0.991252,-0.242443,0.193625,-0.950648,-0.143,0.163,0.0,0.0,0.41,0.56,0.13,0.0,0.02,0.48,0.68,0.24,0.0,1.46,0.0,0.0,0.89,1.8,0.0
1527,367.57,-0.037668,0.125713,-0.991351,-0.24198,0.193424,-0.950807,-0.143,0.163,0.0,0.0,0.4,0.46,0.15,0.0,0.02,0.47,0.71,0.21,0.0,1.46,0.01,0.0,0.88,1.8,0.0
1528,367.6,-0.038393,0.123507,-0.991601,-0.24211,0.188559,-0.95175,-0.143,0.159,0.0,0.0,0.33,0.39,0.14,0.0,0.01,0.31,0.71,0.39,0.0,1.62,0.21,0.09,0.6,1.54,0.0
1529,367.63,-0.039199,0.130745,-0.990641,-0.228761,0.201161,-0.952472,-0.137,0.169,0.0,0.0,0.29,0.22,0.12,0.0,0.0,0.12,0.63,0.63,0.0,1.87,0.35,0.25,0.31,1.2,0.0
1530,367.67,-0.02967,0.124821,-0.991736,-0.194809,0.187873,-0.96268,-0.114,0.159,0.0,0.0,0.24,0.15,0.14,0.03,0.0,0.01,0.56,0.86,0.0,2.06,0.5,0.4,0.0,0.99,0.0
1531,367.7,-0.031151,0.123055,-0.991911,-0.195039,0.184626,-0.963262,-0.115,0.156,0.0,0.0,0.16,0.12,0.1,0.03,0.0,0.01,0.49,0.84,0.02,2.11,0.49,0.44,0.0,0.88,0.0
1532,367.73,0.018676,0.124393,-0.992057,-0.137735,0.166177,-0.976429,-0.06,0.147,0.0,0.0,0.11,0.23,0.05,0.03,0.0,0.02,0.5,0.79,0.03,2.12,0.43,0.41,0.0,0.81,0.0
1533,367.77,0.022636,0.118758,-0.992665,-0.131634,0.160274,-0.978256,-0.055,0.141,0.0,0.0,0.09,0.45,0.0,0.0,0.0,0.02,0.55,0.67,0.03,1.91,0.29,0.32,0.0,0.9,0.0
1534,367.8,0.032052,0.116419,-0.992683,-0.111913,0.159644,-0.980811,-0.04,0.139,0.0,0.0,0.18,0.45,0.08,0.09,0.0,0.11,0.7,0.45,0.01,1.38,0.12,0.19,0.56,1.05,0.0
1535,367.83,0.024402,0.113612,-0.993226,-0.098119,0.174712,-0.979719,-0.037,0.145,0.0,0.0,0.21,0.37,0.11,0.19,0.0,0.26,0.84,0.33,0.0,0.87,0.16,0.05,1.02,1.29,0.0
1536,367.87,0.02805,0.122878,-0.992025,-0.100209,0.178359,-0.97885,-0.037,0.152,0.0,0.0,0.21,0.27,0.15,0.3,0.0,0.35,0.9,0.3,0.0,0.63,0.25,0.0,1.5,1.43,0.0
1537,367.9,0.029583,0.123406,-0.991915,-0.098354,0.179418,-0.978844,-0.035,0.152,0.0,0.0,0.16,0.26,0.07,0.22,0.0,0.32,0.75,0.34,0.0,0.7,0.29,0.0,1.17,1.62,0.0
1538,367.93,0.031739,0.105244,-0.99394,-0.103435,0.178049,-0.97857,-0.036,0.143,0.0,0.0,0.09,0.39,0.04,0.21,0.0,0.24,0.6,0.35,0.0,0.83,0.34,0.04,0.85,1.84,0.0
1539,367.97,0.031904,0.115688,-0.992773,-0.10466,0.173003,-0.979345,-0.037,0.145,0.0,0.0,0.04,0.42,0.0,0.16,0.0,0.21,0.44,0.34,0.0,0.91,0.4,0.05,0.59,2.0,0.0
1540,368.0,0.03083,0.113363,-0.993075,-0.102018,0.176279,-0.979039,-0.036,0.146,0.0,0.0,0.0,0.47,0.0,0.15,0.0,0.17,0.35,0.46,0.0,1.17,0.54,0.17,0.37,2.07,0.0
1541,368.03,0.020861,0.112486,-0.993434,-0.100517,0.174088,-0.979586,-0.04,0.144,0.0,0.0,0.0,0.62,0.0,0.06,0.0,0.16,0.28,0.5,0.09,1.38,0.45,0.19,0.23,1.97,0.0
1542,368.07,0.023734,0.102557,-0.994444,-0.098763,0.166867,-0.981021,-0.038,0.136,0.0,0.0,0.0,0.72,0.0,0.0,0.0,0.15,0.24,0.56,0.19,1.57,0.41,0.24,0.0,1.92,0.0
1543,368.1,0.025173,0.102452,-0.994419,-0.098531,0.165493,-0.981277,-0.037,0.135,0.0,0.0,0.0,0.8,0.0,0.0,0.0,0.13,0.24,0.54,0.26,1.49,0.42,0.13,0.11,1.93,0.0
1544,368.13,0.022816,0.099384,-0.994788,-0.095508,0.160212,-0.982451,-0.037,0.131,0.0,0.0,0.1,0.74,0.0,0.0,0.0,0.13,0.27,0.65,0.17,1.35,0.5,0.07,0.25,2.07,0.0
1545,368.17,0.029098,0.09926,-0.994636,-0.10375,0.162142,-0.981298,-0.038,0.132,0.0,0.0,0.14,0.62,0.0,0.0,0.0,0.15,0.27,0.64,0.1,1.27,0.54,0.01,0.36,2.15,0.0
1546,368.2,0.029553,0.106488,-0.993875,-0.102191,0.157231,-0.98226,-0.037,0.133,0.14,0.0,0.17,0.42,0.0,0.0,0.0,0.2,0.29,0.64,0.04,1.31,0.49,0.0,0.5,2.33,0.0
1547,368.23,0.077251,0.177539,-0.981077,-0.1271,0.210273,-0.969346,-0.026,0.196,0.27,0.0,0.12,0.16,0.0,0.17,0.0,0.16,0.32,0.5,0.03,1.49,0.58,0.0,0.46,2.41,0.21
1548,368.27,0.152464,0.226775,-0.96194,-0.226903,0.315973,-0.921236,-0.04,0.281,0.38,0.0,0.17,0.0,0.0,0.25,0.0,0.14,0.36,0.48,0.01,1.68,0.69,0.0,0.44,2.53,0.43
1549,368.3,0.153095,0.225302,-0.962186,-0.2224,0.313847,-0.923059,-0.037,0.279,0.25,0.0,0.21,0.0,0.04,0.32,0.0,0.21,0.44,0.46,0.0,1.92,0.74,0.0,0.19,2.39,0.79
1550,368.33,0.159871,0.226187,-0.960875,-0.209096,0.302435,-0.929953,-0.026,0.273,0.11,0.0,0.28,0.0,0.1,0.33,0.0,0.17,0.43,0.46,0.0,2.1,0.75,0.11,0.2,2.25,0.75
1551,368.37,0.084753,0.194878,-0.977159,-0.157516,0.259253,-0.952878,-0.038,0.231,0.0,0.0,0.35,0.0,0.14,0.4,0.0,0.18,0.42,0.35,0.0,2.22,0.73,0.21,0.18,2.18,0.65
1552,368.4,0.084475,0.190732,-0.978001,-0.156024,0.260329,-0.95283,-0.037,0.229,0.0,0.0,0.39,0.0,0.1,0.33,0.0,0.21,0.46,0.22,0.0,1.81,0.59,0.21,0.78,2.11,0.28
1553,368.43,0.037277,0.08408,-0.995762,-0.04334,0.159132,-0.986306,-0.003,0.122,0.0,0.0,0.32,0.0,0.04,0.15,0.0,0.27,0.52,0.08,0.0,1.45,0.42,0.1,1.11,2.14,0.12
1554,368.47,0.030337,0.07354,-0.996831,-0.040733,0.137836,-0.989617,-0.005,0.106,0.0,0.0,0.26,0.0,0.0,0.0,0.0,0.27,0.56,0.01,0.0,1.24,0.34,0.0,1.46,2.09,0.0
1555,368.5,0.034076,0.079187,-0.996277,-0.040369,0.145579,-0.988523,-0.003,0.113,0.0,0.0,0.23,0.0,0.0,0.0,0.0,0.18,0.48,0.22,0.11,1.61,0.43,0.0,1.06,2.11,0.0
1556,368.53,0.045602,0.069094,-0.996567,-0.041682,0.12952,-0.9907,0.002,0.1,0.02,0.0,0.31,0.0,0.0,0.0,0.0,0.13,0.37,0.42,0.15,1.73,0.47,0.0,0.75,2.03,0.0
1557,368.57,0.050606,0.092926,-0.994386,-0.046194,0.148558,-0.987824,0.002,0.121,0.02,0.0,0.35,0.0,0.0,0.0,0.0,0.08,0.24,0.63,0.15,1.64,0.44,0.0,0.52,1.92,0.0
1558,368.6,0.051425,0.087615,-0.994826,-0.051131,0.139825,-0.988855,0.0,0.114,0.02,0.0,0.46,0.03,0.0,0.0,0.0,0.02,0.17,0.6,0.06,1.42,0.46,0.01,0.32,1.79,0.0
1559,368.63,0.064992,0.094707,-0.993381,-0.0637,0.141233,-0.987925,0.001,0.119,0.0,0.0,0.45,0.09,0.0,0.0,0.0,0.01,0.18,0.6,0.05,1.39,0.57,0.04,0.2,1.7,0.0
1560,368.67,0.073153,0.090408,-0.993214,-0.051777,0.139604,-0.988853,0.011,0.116,0.0,0.0,0.49,0.23,0.0,0.0,0.0,0.0,0.2,0.58,0.08,1.45,0.74,0.06,0.0,1.63,0.0
1561,368.7,0.075247,0.091968,-0.992915,-0.052704,0.140376,-0.988695,0.011,0.117,0.0,0.0,0.47,0.3,0.0,0.0,0.0,0.01,0.21,0.67,0.07,1.55,0.83,0.1,0.0,1.71,0.0
1562,368.73,0.075449,0.088776,-0.99319,-0.052779,0.139902,-0.988758,0.011,0.115,0.0,0.0,0.52,0.27,0.0,0.13,0.0,0.11,0.25,0.6,0.03,1.55,0.82,0.09,0.04,1.74,0.0
1563,368.77,0.078751,0.089242,-0.992892,-0.042549,0.153754,-0.987193,0.018,0.122,0.0,0.0,0.56,0.2,0.0,0.32,0.0,0.21,0.32,0.46,0.0,1.5,0.66,0.06,0.07,1.74,0.0
1564,368.8,0.082174,0.093,-0.992269,-0.045977,0.156471,-0.986612,0.018,0.125,0.0,0.0,0.58,0.09,0.02,0.46,0.0,0.21,0.35,0.38,0.04,1.59,0.73,0.21,0.07,1.69,0.0
1565,368.83,0.080327,0.100316,-0.991708,-0.043332,0.157834,-0.986514,0.019,0.13,0.0,0.0,0.51,0.08,0.02,0.41,0.0,0.12,0.3,0.25,0.08,1.77,0.79,0.36,0.03,1.67,0.0
1566,368.87,0.072401,0.101582,-0.992189,-0.029717,0.156307,-0.987261,0.022,0.13,0.0,0.0,0.46,0.02,0.02,0.39,0.0,0.01,0.18,0.18,0.1,1.94,1.01,0.52,0.0,1.71,0.0
1567,368.9,0.072346,0.099118,-0.992442,-0.030462,0.155515,-0.987364,0.021,0.128,0.0,0.0,0.4,0.02,0.0,0.41,0.0,0.01,0.13,0.0,0.07,1.93,0.84,0.33,0.15,1.86,0.0
1568,368.93,0.061673,0.107941,-0.992242,-0.028403,0.164633,-0.985946,0.017,0.137,0.0,0.0,0.39,0.0,0.01,0.49,0.0,0.02,0.15,0.0,0.12,1.65,0.84,0.16,0.56,2.04,0.0
1569,368.97,0.050393,0.097494,-0.993959,-0.035571,0.156048,-0.987109,0.007,0.127,0.0,0.0,0.31,0.0,0.04,0.55,0.0,0.07,0.22,0.0,0.13,1.37,0.76,0.0,1.03,2.26,0.0
1570,369.0,0.053368,0.105598,-0.992976,-0.046242,0.167406,-0.984803,0.004,0.137,0.0,0.0,0.25,0.06,0.04,0.58,0.0,0.19,0.29,0.07,0.2,1.31,0.9,0.03,0.99,2.39,0.0
1571,369.03,0.039103,0.097072,-0.994509,-0.038858,0.15952,-0.98643,0.0,0.129,0.0,0.0,0.25,0.08,0.02,0.59,0.0,0.24,0.34,0.2,0.29,1.44,0.92,0.03,0.9,2.47,0.0
1572,369.07,0.023476,0.102724,-0.994433,-0.065049,0.164488,-0.984232,-0.021,0.134,0.0,0.0,0.25,0.08,0.0,0.53,0.0,0.29,0.38,0.29,0.41,1.58,1.01,0.05,0.71,2.49,0.0
1573,369.1,0.023476,0.10297,-0.994407,-0.067376,0.163939,-0.984167,-0.022,0.134,0.0,0.0,0.31,0.04,0.0,0.33,0.0,0.16,0.35,0.22,0.4,1.44,0.89,0.02,0.94,2.42,0.0
1574,369.13,0.024213,0.121614,-0.992282,-0.079828,0.186667,-0.979175,-0.028,0.155,0.0,0.0,0.37,0.02,0.0,0.17,0.0,0.12,0.34,0.12,0.21,1.29,0.72,0.02,0.95,2.33,0.0
1575,369.17,0.014669,0.117358,-0.992981,-0.100941,0.188495,-0.976873,-0.044,0.154,0.0,0.0,0.43,0.02,0.0,0.0,0.0,0.04,0.31,0.03,0.12,1.16,0.44,0.0,0.96,2.18,0.0
1576,369.2,0.023567,0.122326,-0.99221,-0.109584,0.179635,-0.977611,-0.044,0.152,0.0,0.0,0.4,0.02,0.0,0.0,0.0,0.04,0.29,0.08,0.06,1.06,0.35,0.0,0.89,2.16,0.0
1577,369.23,0.015656,0.120847,-0.992548,-0.119851,0.169333,-0.978244,-0.053,0.146,0.0,0.0,0.35,0.02,0.0,0.0,0.0,0.01,0.24,0.18,0.06,1.13,0.4,0.06,0.78,2.13,0.0
1578,369.27,0.016695,0.119387,-0.992707,-0.134192,0.169069,-0.976426,-0.06,0.145,0.0,0.0,0.27,0.02,0.0,0.0,0.0,0.0,0.21,0.29,0.0,1.23,0.49,0.16,0.7,2.25,0.0
1579,369.3,0.015386,0.121256,-0.992502,-0.133926,0.169689,-0.976355,-0.06,0.147,0.0,0.0,0.23,0.0,0.0,0.01,0.0,0.0,0.25,0.43,0.0,1.47,0.69,0.32,0.44,2.23,0.0
1580,369.33,0.002075,0.13161,-0.991299,-0.136881,0.159563,-0.977652,-0.068,0.147,0.0,0.0,0.18,0.0,0.0,0.01,0.0,0.0,0.33,0.66,0.0,1.69,0.78,0.4,0.22,2.19,0.0
1581,369.37,-0.005047,0.125043,-0.992138,-0.131516,0.153784,-0.979313,-0.069,0.141,0.0,0.0,0.18,0.0,0.0,0.01,0.0,0.0,0.38,0.85,0.01,1.83,0.81,0.46,0.01,2.11,0.0
1582,369.4,-0.010257,0.119422,-0.992791,-0.14318,0.143199,-0.979282,-0.078,0.132,0.0,0.0,0.17,0.04,0.0,0.0,0.0,0.0,0.39,0.87,0.01,1.8,0.74,0.37,0.0,2.0,0.0
1583,369.43,-0.008694,0.113952,-0.993448,-0.14382,0.137446,-0.980012,-0.077,0.127,0.0,0.0,0.23,0.17,0.0,0.0,0.0,0.0,0.39,0.72,0.01,1.57,0.67,0.23,0.28,1.93,0.0
1584,369.47,-0.009201,0.11191,-0.993676,-0.147781,0.146718,-0.978077,-0.079,0.13,0.0,0.0,0.28,0.17,0.0,0.0,0.0,0.0,0.42,0.6,0.0,1.42,0.57,0.08,0.55,1.84,0.0
1585,369.5,-0.008455,0.114467,-0.993391,-0.149114,0.148211,-0.97765,-0.08,0.132,0.0,0.0,0.34,0.13,0.01,0.0,0.0,0.0,0.43,0.56,0.0,1.2,0.53,0.0,0.89,1.78,0.0
1586,369.53,-0.013623,0.112998,-0.993502,-0.156929,0.154719,-0.975416,-0.086,0.135,0.0,0.0,0.26,0.0,0.01,0.0,0.0,0.06,0.54,0.56,0.0,1.19,0.41,0.07,0.74,1.69,0.0
1587,369.57,-0.002674,0.099114,-0.995072,-0.14524,0.150232,-0.977924,-0.075,0.126,0.0,0.0,0.23,0.02,0.01,0.0,0.0,0.08,0.61,0.55,0.0,1.17,0.46,0.14,0.61,1.65,0.0
1588,369.6,-0.001607,0.100541,-0.994932,-0.149908,0.153286,-0.976745,-0.077,0.128,0.0,0.0,0.14,0.02,0.03,0.0,0.0,0.15,0.72,0.53,0.12,1.37,0.54,0.33,0.27,1.38,0.0
1589,369.63,0.01323,0.104701,-0.994416,-0.127346,0.157345,-0.979298,-0.058,0.132,0.0,0.0,0.1,0.02,0.11,0.0,0.0,0.16,0.77,0.58,0.3,1.6,0.72,0.49,0.14,1.14,0.0
1590,369.67,0.018903,0.098571,-0.99495,-0.126389,0.160457,-0.978917,-0.054,0.13,0.0,0.0,0.02,0.0,0.17,0.0,0.0,0.25,0.82,0.67,0.43,1.76,0.85,0.65,0.0,0.85,0.0
1591,369.7,0.020908,0.098708,-0.994897,-0.126979,0.163107,-0.978403,-0.054,0.132,0.0,0.0,0.0,0.0,0.26,0.0,0.0,0.35,0.89,0.76,0.57,1.85,0.91,0.68,0.0,0.78,0.0
1592,369.73,0.027109,0.107286,-0.993859,-0.115172,0.169932,-0.978702,-0.045,0.14,0.0,0.0,0.0,0.0,0.33,0.0,0.0,0.44,0.99,0.78,0.77,1.81,0.95,0.63,0.0,0.79,0.0
1593,369.77,0.04254,0.106552,-0.993397,-0.109636,0.161948,-0.98069,-0.034,0.135,0.0,0.0,0.0,0.0,0.43,0.0,0.0,0.48,1.08,0.8,1.0,1.84,1.08,0.57,0.0,0.92,0.0
1594,369.8,0.03494,0.100234,-0.99435,-0.106788,0.165051,-0.980487,-0.036,0.134,0.0,0.0,0.03,0.0,0.45,0.0,0.0,0.58,1.18,0.87,1.09,1.91,1.07,0.52,0.0,0.98,0.0
1595,369.83,0.045557,0.085146,-0.995326,-0.088187,0.179008,-0.979887,-0.022,0.133,0.0,0.0,0.04,0.0,0.49,0.0,0.0,0.69,1.3,0.81,1.16,1.95,0.81,0.48,0.0,0.79,0.0
1596,369.87,0.064141,0.092331,-0.99366,-0.078038,0.189531,-0.978769,-0.007,0.142,0.0,0.0,0.11,0.0,0.54,0.0,0.0,0.82,1.44,0.7,1.2,1.96,0.57,0.43,0.0,0.43,0.0
1597,369.9,0.064183,0.093158,-0.99358,-0.076908,0.191303,-0.978513,-0.006,0.143,0.04,0.01,0.14,0.0,0.6,0.0,0.0,0.91,1.52,0.63,1.35,2.03,0.4,0.43,0.0,0.14,0.0
1598,369.93,0.1021,0.154936,-0.982634,-0.068582,0.216049,-0.973971,0.017,0.187,0.04,0.01,0.17,0.0,0.56,0.0,0.0,0.96,1.54,0.69,1.38,2.13,0.48,0.41,0.0,0.04,0.0
1599,369.97,0.123555,0.181957,-0.975513,-0.108179,0.247893,-0.962729,0.008,0.218,0.06,0.07,0.19,0.0,0.6,0.0,0.0,0.98,1.53,0.64,1.43,2.28,0.38,0.41,0.0,0.0,0.04
1600,370.0,0.182095,0.237874,-0.954074,-0.119965,0.344951,-0.930923,0.033,0.3,0.09,0.18,0.22,0.0,0.63,0.05,0.0,0.93,1.53,0.56,1.4,2.36,0.36,0.31,0.0,0.0,0.04
1601,370.03,0.180949,0.238269,-0.954194,-0.118341,0.34588,-0.930786,0.033,0.301,0.17,0.4,0.25,0.0,0.7,0.05,0.0,0.96,1.5,0.43,1.55,2.41,0.36,0.26,0.0,0.0,0.18
1602,370.07,0.19448,0.228074,-0.954023,-0.11529,0.338069,-0.934033,0.042,0.291,0.29,0.63,0.23,0.0,0.7,0.05,0.0,0.98,1.48,0.54,1.6,2.56,0.35,0.19,0.0,0.0,0.24
1603,370.1,0.190111,0.225224,-0.95558,-0.118248,0.337058,-0.934029,0.038,0.289,0.31,0.63,0.25,0.0,0.73,0.0,0.0,1.02,1.48,0.65,1.77,2.67,0.26,0.15,0.0,0.0,0.3
1604,370.13,0.183394,0.211374,-0.960046,-0.100644,0.328514,-0.939122,0.044,0.277,0.29,0.57,0.33,0.0,0.69,0.0,0.0,1.08,1.43,0.75,1.89,3.0,0.22,0.12,0.0,0.0,0.26
1605,370.17,0.130761,0.173207,-0.976166,-0.131365,0.320341,-0.93815,-0.0,0.252,0.22,0.4,0.34,0.0,0.63,0.0,0.0,1.16,1.35,0.73,2.11,3.19,0.28,0.18,0.0,0.0,0.24
1606,370.2,0.12367,0.172634,-0.977192,-0.133414,0.326892,-0.935597,-0.005,0.255,0.17,0.42,0.33,0.0,0.55,0.0,0.0,1.16,1.24,0.59,2.22,3.37,0.39,0.26,0.0,0.01,0.27
1607,370.23,0.129731,0.174075,-0.976149,-0.123421,0.334755,-0.934188,0.003,0.26,0.14,0.42,0.24,0.0,0.55,0.0,0.0,1.11,1.17,0.54,2.26,3.38,0.42,0.31,0.0,0.1,0.37
1608,370.27,0.131351,0.176381,-0.975519,-0.120849,0.335432,-0.934281,0.005,0.262,0.14,0.43,0.22,0.0,0.56,0.0,0.0,1.05,1.16,0.51,2.24,3.45,0.36,0.32,0.0,0.22,0.46
1609,370.3,0.1291,0.177688,-0.975582,-0.120293,0.335591,-0.934296,0.005,0.263,0.15,0.35,0.18,0.0,0.55,0.0,0.0,1.07,1.25,0.53,2.13,3.3,0.22,0.32,0.0,0.21,0.54
1610,370.33,0.138633,0.173163,-0.975087,-0.150419,0.350118,-0.924549,-0.006,0.269,0.2,0.28,0.13,0.0,0.54,0.0,0.0,1.1,1.33,0.56,2.04,3.21,0.17,0.29,0.0,0.12,0.58
1611,370.37,0.130405,0.175206,-0.975857,-0.144632,0.350148,-0.925461,-0.007,0.27,0.14,0.18,0.11,0.0,0.54,0.0,0.0,1.12,1.39,0.49,1.96,3.02,0.1,0.23,0.0,0.0,0.68
1612,370.4,0.141055,0.175939,-0.974243,-0.142392,0.353978,-0.924351,-0.001,0.272,0.09,0.15,0.06,0.0,0.58,0.0,0.0,1.05,1.37,0.45,2.07,3.06,0.1,0.18,0.0,0.02,0.69
1613,370.43,0.126858,0.176216,-0.976143,-0.157109,0.347562,-0.924401,-0.016,0.269,0.06,0.2,0.1,0.0,0.62,0.0,0.0,1.05,1.36,0.38,2.08,3.04,0.06,0.19,0.0,0.02,0.51
1614,370.47,0.11218,0.177061,-0.977786,-0.161338,0.352208,-0.921911,-0.026,0.272,0.12,0.33,0.07,0.0,0.65,0.0,0.0,1.11,1.35,0.41,2.15,3.07,0.05,0.24,0.0,0.02,0.37
1615,370.5,0.11367,0.174311,-0.978108,-0.163321,0.351608,-0.921791,-0.026,0.27,0.15,0.44,0.09,0.0,0.63,0.0,0.0,1.13,1.31,0.43,2.15,3.04,0.05,0.25,0.0,0.0,0.24
1616,370.53,0.112775,0.176805,-0.977764,-0.171737,0.354927,-0.918985,-0.031,0.273,0.13,0.45,0.05,0.0,0.63,0.0,0.0,1.12,1.29,0.42,2.23,3.02,0.0,0.24,0.0,0.05,0.25
1617,370.57,0.112901,0.177008,-0.977712,-0.168029,0.348573,-0.922097,-0.029,0.27,0.06,0.36,0.07,0.0,0.64,0.0,0.0,1.09,1.3,0.4,2.34,2.96,0.0,0.18,0.0,0.05,0.14
1618,370.6,0.125958,0.176867,-0.976142,-0.167733,0.354343,-0.919949,-0.022,0.273,0.03,0.35,0.04,0.0,0.66,0.0,0.0,1.12,1.31,0.42,2.41,2.9,0.01,0.2,0.0,0.05,0.18
1619,370.63,0.119856,0.174783,-0.977285,-0.169674,0.351994,-0.920495,-0.026,0.271,0.0,0.28,0.03,0.0,0.66,0.0,0.0,1.11,1.33,0.51,2.41,2.88,0.01,0.25,0.0,0.0,0.15
1620,370.67,0.110297,0.169424,-0.979352,-0.189981,0.355229,-0.91527,-0.042,0.27,0.0,0.23,0.0,0.0,0.67,0.0,0.0,1.06,1.33,0.53,2.37,2.82,0.01,0.28,0.0,0.0,0.24
1621,370.7,0.108188,0.171105,-0.979295,-0.18858,0.356733,-0.914975,-0.042,0.272,0.0,0.15,0.0,0.0,0.68,0.0,0.0,1.05,1.41,0.53,2.34,2.75,0.02,0.22,0.0,0.0,0.23
1622,370.73,0.097753,0.179369,-0.978913,-0.183086,0.357859,-0.915651,-0.045,0.276,0.0,0.1,0.0,0.0,0.64,0.0,0.02,1.04,1.46,0.54,2.33,2.55,0.02,0.22,0.0,0.0,0.22
1623,370.77,0.113475,0.190856,-0.975037,-0.216659,0.370199,-0.903334,-0.055,0.29,0.0,0.1,0.0,0.0,0.61,0.0,0.02,1.03,1.52,0.59,2.41,2.5,0.02,0.31,0.0,0.0,0.17
1624,370.8,0.10168,0.207991,-0.972831,-0.225563,0.372966,-0.90001,-0.066,0.301,0.0,0.07,0.0,0.0,0.61,0.0,0.02,0.98,1.5,0.65,2.26,2.34,0.08,0.35,0.0,0.0,0.18
1625,370.83,0.114558,0.208225,-0.971349,-0.222743,0.38364,-0.896218,-0.058,0.307,0.0,0.06,0.0,0.0,0.64,0.0,0.0,0.97,1.48,0.64,2.05,2.21,0.08,0.32,0.0,0.0,0.23
1626,370.87,0.102922,0.229471,-0.967859,-0.200464,0.391727,-0.897978,-0.052,0.321,0.0,0.06,0.0,0.0,0.69,0.0,0.0,0.95,1.46,0.62,1.82,2.06,0.08,0.23,0.0,0.0,0.29
1627,370.9,0.107326,0.237279,-0.965495,-0.20698,0.385871,-0.899035,-0.053,0.323,0.0,0.08,0.0,0.0,0.67,0.0,0.0,0.97,1.45,0.78,1.7,2.11,0.03,0.24,0.0,0.0,0.39
1628,370.93,0.108418,0.246807,-0.962981,-0.223988,0.405146,-0.886389,-0.062,0.339,0.0,0.09,0.0,0.0,0.69,0.0,0.0,0.89,1.45,0.84,1.64,2.13,0.03,0.25,0.0,0.0,0.47
1629,370.97,0.099325,0.249086,-0.963375,-0.240641,0.414194,-0.877801,-0.077,0.346,0.0,0.09,0.0,0.0,0.63,0.0,0.0,0.83,1.4,1.0,1.62,2.19,0.03,0.24,0.0,0.0,0.62
1630,371.0,0.07338,0.276366,-0.958247,-0.246745,0.403711,-0.880985,-0.094,0.354,0.0,0.04,0.0,0.0,0.66,0.0,0.0,0.85,1.35,0.91,1.66,2.25,0.0,0.19,0.0,0.0,0.43
1631,371.03,0.054581,0.258407,-0.964493,-0.259588,0.380158,-0.887747,-0.11,0.332,0.0,0.0,0.0,0.0,0.65,0.0,0.0,0.92,1.3,0.93,1.73,2.33,0.0,0.14,0.0,0.0,0.31
1632,371.07,0.037505,0.250152,-0.96748,-0.268272,0.376482,-0.886731,-0.124,0.326,0.0,0.0,0.0,0.0,0.68,0.0,0.0,0.95,1.29,0.89,1.71,2.27,0.0,0.18,0.0,0.0,0.12
1633,371.1,0.036778,0.248094,-0.968038,-0.269916,0.372834,-0.887772,-0.125,0.323,0.0,0.0,0.0,0.0,0.65,0.0,0.0,0.79,1.27,0.77,1.52,2.1,0.0,0.17,0.0,0.0,0.35
1634,371.13,0.037248,0.239537,-0.970173,-0.263857,0.345615,-0.900517,-0.121,0.303,0.0,0.0,0.0,0.0,0.62,0.0,0.0,0.69,1.3,0.6,1.31,2.0,0.01,0.18,0.0,0.0,0.44
1635,371.17,0.032265,0.241678,-0.96982,-0.261418,0.349601,-0.899689,-0.122,0.306,0.0,0.0,0.0,0.0,0.63,0.0,0.0,0.63,1.31,0.45,1.23,1.93,0.01,0.15,0.0,0.0,0.58
1636,371.2,0.04855,0.242806,-0.968859,-0.258705,0.345727,-0.901967,-0.112,0.305,0.0,0.0,0.0,0.0,0.64,0.0,0.0,0.7,1.34,0.51,1.21,1.97,0.01,0.18,0.0,0.0,0.45
1637,371.23,0.04375,0.24818,-0.967726,-0.257083,0.367423,-0.893817,-0.114,0.319,0.0,0.0,0.0,0.0,0.65,0.0,0.0,0.71,1.36,0.59,1.21,1.98,0.0,0.15,0.0,0.0,0.41
1638,371.27,0.041538,0.249102,-0.967586,-0.255006,0.366193,-0.894916,-0.114,0.319,0.0,0.0,0.0,0.0,0.64,0.0,0.0,0.72,1.38,0.61,1.07,1.98,0.0,0.1,0.0,0.0,0.32
1639,371.3,0.044497,0.248956,-0.967492,-0.2513,0.36716,-0.895568,-0.111,0.319,0.0,0.0,0.0,0.0,0.69,0.06,0.0,0.7,1.39,0.67,1.04,1.9,0.0,0.14,0.0,0.0,0.37
1640,371.33,0.059721,0.257715,-0.964373,-0.238473,0.378138,-0.894507,-0.096,0.33,0.0,0.0,0.0,0.0,0.74,0.13,0.0,0.68,1.44,0.67,0.84,1.72,0.0,0.24,0.0,0.0,0.4
1641,371.37,0.064378,0.257358,-0.964169,-0.235576,0.38173,-0.893748,-0.092,0.331,0.0,0.0,0.0,0.0,0.83,0.14,0.0,0.68,1.53,0.76,0.5,1.44,0.0,0.26,0.0,0.0,0.43
1642,371.4,0.083297,0.256151,-0.963041,-0.237936,0.388721,-0.890103,-0.083,0.335,0.0,0.0,0.0,0.0,0.98,0.08,0.0,0.79,1.81,0.56,0.25,1.13,0.0,0.24,0.0,0.0,0.41
1643,371.43,0.078308,0.259908,-0.962453,-0.244651,0.389583,-0.887903,-0.09,0.338,0.0,0.0,0.0,0.0,1.11,0.07,0.0,0.8,2.03,0.43,0.15,0.87,0.0,0.18,0.0,0.0,0.33
1644,371.47,0.08113,0.264626,-0.960932,-0.255503,0.397611,-0.881262,-0.094,0.345,0.0,0.0,0.0,0.0,1.22,0.11,0.0,0.81,2.23,0.24,0.23,0.74,0.0,0.22,0.0,0.0,0.35
1645,371.5,0.077445,0.266742,-0.960651,-0.24931,0.393422,-0.884909,-0.093,0.344,0.0,0.0,0.0,0.0,1.28,0.12,0.0,0.84,2.38,0.17,0.24,0.58,0.0,0.15,0.27,0.0,0.4
1646,371.53,0.082833,0.271348,-0.95891,-0.243582,0.394844,-0.88587,-0.087,0.347,0.0,0.0,0.0,0.0,1.43,0.34,0.0,1.1,2.54,0.14,0.22,0.36,0.0,0.09,0.82,0.0,0.47
1647,371.57,0.134835,0.277636,-0.951177,-0.245675,0.379971,-0.891777,-0.06,0.343,0.0,0.0,0.0,0.0,1.57,0.43,0.0,1.37,2.74,0.24,0.2,0.11,0.0,0.0,1.41,0.0,0.48
1648,371.6,0.154511,0.287998,-0.945084,-0.219409,0.392423,-0.893232,-0.035,0.354,0.0,0.0,0.0,0.0,1.67,0.6,0.0,1.53,2.74,0.34,0.13,0.01,0.0,0.0,1.76,0.0,0.39
1649,371.63,0.161004,0.28981,-0.943445,-0.215253,0.357759,-0.908666,-0.029,0.336,0.0,0.0,0.06,0.0,1.72,0.58,0.11,1.54,2.76,0.4,0.07,0.03,0.0,0.0,1.87,0.0,0.46
1650,371.67,0.174024,0.280502,-0.943946,-0.198224,0.350752,-0.915249,-0.013,0.327,0.0,0.0,0.14,0.0,1.75,0.73,0.15,1.55,2.75,0.38,0.0,0.05,0.0,0.0,1.98,0.0,0.5
1651,371.7,0.165214,0.274895,-0.947173,-0.19287,0.33948,-0.920627,-0.015,0.318,0.0,0.0,0.26,0.0,1.8,0.86,0.16,1.52,2.76,0.4,0.0,0.04,0.0,0.0,2.0,0.0,0.57
1652,371.73,0.183761,0.281713,-0.941737,-0.179081,0.340937,-0.922872,0.003,0.322,0.0,0.0,0.31,0.0,1.82,0.88,0.06,1.46,2.75,0.43,0.0,0.05,0.0,0.0,1.97,0.0,0.55
1653,371.77,0.170118,0.277344,-0.94559,-0.170693,0.334684,-0.926742,-0.0,0.316,0.0,0.0,0.33,0.0,1.83,0.84,0.06,1.35,2.71,0.31,0.0,0.03,0.0,0.0,1.99,0.0,0.44
1654,371.8,0.175834,0.274203,-0.94546,-0.162389,0.336728,-0.927493,0.007,0.315,0.0,0.0,0.3,0.0,1.82,0.8,0.09,1.29,2.7,0.28,0.0,0.04,0.0,0.0,2.09,0.0,0.46
1655,371.83,0.180287,0.27289,-0.945001,-0.161771,0.334414,-0.928438,0.01,0.313,0.0,0.0,0.22,0.0,1.82,0.81,0.13,1.29,2.69,0.17,0.0,0.0,0.0,0.0,2.14,0.0,0.41
1656,371.87,0.214782,0.279213,-0.9359,-0.161359,0.345029,-0.924618,0.029,0.324,0.0,0.0,0.13,0.0,1.84,0.85,0.15,1.3,2.7,0.19,0.0,0.0,0.0,0.0,2.12,0.0,0.47
1657,371.9,0.203258,0.270262,-0.941087,-0.153402,0.337526,-0.928732,0.027,0.314,0.0,0.0,0.06,0.0,1.86,0.83,0.19,1.29,2.67,0.16,0.0,0.0,0.0,0.0,2.1,0.0,0.48
1658,371.93,0.203518,0.27032,-0.941014,-0.15457,0.338253,-0.928274,0.026,0.315,0.0,0.0,0.14,0.0,1.87,0.75,0.23,1.29,2.7,0.17,0.0,0.0,0.0,0.0,2.15,0.0,0.46
1659,371.97,0.227919,0.280296,-0.932463,-0.136325,0.336988,-0.931587,0.049,0.32,0.0,0.0,0.14,0.0,1.87,0.79,0.16,1.28,2.75,0.25,0.0,0.01,0.0,0.0,2.14,0.0,0.34
1660,372.0,0.22722,0.270829,-0.935427,-0.13756,0.337832,-0.9311,0.048,0.315,0.0,0.0,0.12,0.0,1.86,0.87,0.11,1.23,2.81,0.38,0.0,0.03,0.0,0.0,2.1,0.0,0.18
1661,372.03,0.250747,0.272679,-0.928855,-0.124185,0.331529,-0.935236,0.068,0.313,0.0,0.0,0.0,0.0,1.83,0.91,0.03,1.16,2.84,0.46,0.0,0.06,0.0,0.0,2.03,0.0,0.1
1662,372.07,0.255302,0.274071,-0.927203,-0.127153,0.332501,-0.934492,0.069,0.315,0.0,0.0,0.0,0.0,1.81,0.9,0.05,1.13,2.87,0.48,0.0,0.06,0.0,0.0,2.05,0.0,0.05
1663,372.1,0.252317,0.274012,-0.928038,-0.125581,0.332253,-0.934793,0.068,0.315,0.0,0.0,0.0,0.0,1.82,0.85,0.03,1.14,2.88,0.48,0.0,0.03,0.0,0.0,2.11,0.0,0.03
1664,372.13,0.253109,0.271557,-0.928543,-0.130707,0.325838,-0.936347,0.066,0.31,0.0,0.0,0.04,0.0,1.83,0.86,0.02,1.18,2.91,0.56,0.0,0.0,0.0,0.0,2.14,0.0,0.07
1665,372.17,0.261936,0.280493,-0.923425,-0.137771,0.325341,-0.935506,0.067,0.315,0.0,0.0,0.04,0.0,1.85,0.94,0.0,1.23,2.92,0.51,0.0,0.02,0.0,0.0,2.16,0.0,0.07
1666,372.2,0.242306,0.265369,-0.933203,-0.137239,0.324534,-0.935865,0.056,0.306,0.0,0.0,0.04,0.0,1.85,0.91,0.02,1.29,2.95,0.38,0.01,0.05,0.0,0.0,2.12,0.0,0.06
1667,372.23,0.240633,0.264515,-0.933878,-0.136841,0.325264,-0.93567,0.055,0.306,0.0,0.0,0.0,0.0,1.84,0.97,0.06,1.34,2.89,0.28,0.01,0.09,0.0,0.0,2.14,0.0,0.0
1668,372.27,0.230717,0.257898,-0.938221,-0.150237,0.326382,-0.933222,0.043,0.303,0.0,0.0,0.0,0.0,1.8,0.94,0.1,1.36,2.85,0.34,0.01,0.1,0.0,0.0,2.15,0.0,0.0
1669,372.3,0.235146,0.261325,-0.936171,-0.147213,0.325478,-0.934019,0.047,0.304,0.0,0.0,0.0,0.0,1.74,1.05,0.12,1.36,2.82,0.43,0.01,0.1,0.0,0.0,2.13,0.0,0.0
1670,372.33,0.246154,0.2623,-0.933063,-0.160408,0.32112,-0.933355,0.046,0.303,0.25,0.02,0.0,0.0,1.5,0.72,0.07,1.35,2.85,0.42,0.2,0.09,0.0,0.0,2.22,0.0,0.61
1671,372.37,0.293085,0.322181,-0.900167,-0.30659,0.391179,-0.867745,-0.008,0.384,0.48,0.02,0.0,0.0,1.29,0.38,0.03,1.31,2.89,0.3,0.38,0.06,0.0,0.0,2.28,0.0,1.31
1672,372.4,0.294039,0.325656,-0.898604,-0.307256,0.383425,-0.870964,-0.007,0.381,0.57,0.02,0.0,0.0,1.15,0.06,0.0,1.27,2.83,0.29,0.55,0.05,0.0,0.0,2.21,0.0,1.99
1673,372.43,0.3464,0.305307,-0.887015,-0.32465,0.392844,-0.860393,0.012,0.38,0.38,0.0,0.0,0.0,1.21,0.09,0.0,1.28,2.73,0.32,0.42,0.05,0.0,0.0,1.96,0.0,2.03
1674,372.47,0.344523,0.342673,-0.874002,-0.316369,0.417038,-0.852051,0.016,0.415,0.23,0.0,0.0,0.0,1.27,0.2,0.0,1.28,2.64,0.4,0.28,0.11,0.0,0.0,1.72,0.0,1.97
1675,372.5,0.34155,0.339899,-0.876249,-0.314757,0.414207,-0.854026,0.015,0.411,0.13,0.0,0.0,0.0,1.32,0.42,0.0,1.27,2.61,0.28,0.23,0.09,0.0,0.0,1.65,0.0,1.77
1676,372.53,0.262389,0.277928,-0.924072,-0.278441,0.402208,-0.872181,-0.009,0.362,0.08,0.0,0.0,0.0,1.36,0.61,0.0,1.26,2.63,0.15,0.21,0.06,0.0,0.0,1.66,0.0,1.65
1677,372.57,0.260776,0.26887,-0.927203,-0.282509,0.402556,-0.870711,-0.012,0.357,0.0,0.0,0.0,0.0,1.29,0.54,0.0,1.39,2.46,0.17,0.37,0.1,0.0,0.0,1.59,0.0,1.01
1678,372.6,0.16046,0.264719,-0.950882,-0.153089,0.342389,-0.927002,0.004,0.313,0.0,0.0,0.0,0.0,1.19,0.4,0.0,1.49,2.27,0.32,0.38,0.18,0.0,0.0,1.53,0.0,0.53
1679,372.63,0.156339,0.262164,-0.952275,-0.150505,0.339445,-0.928507,0.003,0.31,0.0,0.0,0.0,0.0,1.06,0.39,0.0,1.54,2.02,0.43,0.58,0.3,0.0,0.0,1.55,0.0,0.04
1680,372.67,0.170009,0.256203,-0.951555,-0.131344,0.32324,-0.937158,0.02,0.298,0.0,0.0,0.02,0.0,1.04,0.53,0.0,1.52,1.98,0.43,0.62,0.32,0.0,0.0,1.66,0.0,0.1
1681,372.7,0.169059,0.253564,-0.952431,-0.127943,0.318771,-0.939157,0.022,0.294,0.0,0.0,0.07,0.0,0.94,0.67,0.0,1.49,1.84,0.49,0.67,0.49,0.0,0.0,1.8,0.0,0.17
1682,372.73,0.159824,0.252265,-0.954368,-0.13305,0.310795,-0.941119,0.014,0.289,0.06,0.0,0.16,0.0,0.85,0.73,0.0,1.52,1.75,0.64,0.63,0.65,0.03,0.0,1.82,0.0,0.3
1683,372.77,0.153261,0.246587,-0.956925,-0.114683,0.296418,-0.948148,0.02,0.278,0.13,0.0,0.26,0.0,0.74,0.75,0.0,1.43,1.63,0.83,0.52,0.85,0.17,0.0,1.8,0.02,0.62
1684,372.8,0.166567,0.248386,-0.954233,-0.127811,0.340733,-0.931432,0.021,0.303,0.42,0.04,0.21,0.0,0.64,0.92,0.0,1.35,1.58,0.85,0.52,1.04,0.3,0.0,1.62,0.08,1.24
1685,372.83,0.233858,0.268313,-0.934515,-0.204781,0.343271,-0.91664,0.016,0.319,0.81,0.13,0.15,0.0,0.46,0.79,0.0,1.17,1.52,0.83,0.43,1.3,0.3,0.0,1.2,0.23,2.16
1686,372.87,0.29715,0.33275,-0.894974,-0.232651,0.375793,-0.897025,0.036,0.377,1.1,0.17,0.1,0.0,0.32,0.7,0.0,1.12,1.5,0.78,0.41,1.56,0.16,0.0,0.87,0.37,2.89
1687,372.9,0.29912,0.333326,-0.894104,-0.235274,0.380534,-0.894338,0.036,0.38,1.14,0.22,0.14,0.0,0.23,0.27,0.0,1.06,1.48,0.8,0.32,1.78,0.03,0.0,0.43,0.55,3.16
1688,372.93,0.303075,0.335953,-0.891786,-0.242064,0.378599,-0.893347,0.034,0.381,1.04,0.22,0.17,0.0,0.26,0.14,0.0,1.07,1.47,0.77,0.31,1.84,0.0,0.0,0.25,0.64,3.0
1689,372.97,0.304362,0.334801,-0.89178,-0.244661,0.377389,-0.893151,0.033,0.38,0.71,0.23,0.15,0.0,0.35,0.0,0.0,1.17,1.41,0.93,0.52,2.07,0.02,0.08,0.02,0.73,2.15
1690,373.0,0.17032,0.241059,-0.955448,-0.089565,0.303596,-0.948582,0.042,0.279,0.44,0.22,0.16,0.0,0.43,0.0,0.0,1.34,1.36,1.07,0.7,2.18,0.08,0.17,0.02,0.75,1.37
1691,373.03,0.167138,0.240197,-0.956227,-0.089466,0.305703,-0.947914,0.041,0.279,0.12,0.18,0.14,0.0,0.53,0.0,0.0,1.46,1.32,1.3,0.85,2.35,0.08,0.26,0.0,0.87,0.57
1692,373.07,0.167492,0.232326,-0.958108,-0.096697,0.301441,-0.948569,0.037,0.273,0.1,0.13,0.15,0.0,0.55,0.0,0.0,1.44,1.3,1.29,0.84,2.36,0.07,0.26,0.0,0.99,0.46
1693,373.1,0.166102,0.231654,-0.958513,-0.096404,0.300725,-0.948826,0.037,0.272,0.05,0.05,0.14,0.0,0.58,0.07,0.0,1.46,1.32,1.32,0.86,2.42,0.05,0.27,0.0,1.07,0.46
1694,373.13,0.175549,0.23601,-0.955762,-0.107301,0.314382,-0.943213,0.036,0.282,0.07,0.0,0.13,0.0,0.62,0.13,0.0,1.42,1.32,1.33,0.94,2.48,0.07,0.29,0.0,1.0,0.5
1695,373.17,0.18614,0.23521,-0.953954,-0.101246,0.325403,-0.94014,0.045,0.288,0.09,0.0,0.2,0.0,0.67,0.33,0.0,1.36,1.29,1.29,0.94,2.47,0.09,0.31,0.0,0.97,0.52
1696,373.2,0.18653,0.234724,-0.953997,-0.099599,0.328151,-0.93936,0.046,0.289,0.1,0.0,0.22,0.0,0.67,0.28,0.0,1.21,1.27,1.25,0.89,2.42,0.07,0.35,0.0,0.93,0.49
1697,373.23,0.185074,0.234392,-0.954362,-0.103361,0.334394,-0.936748,0.043,0.292,0.05,0.0,0.2,0.0,0.63,0.22,0.0,1.19,1.24,1.21,0.8,2.33,0.04,0.34,0.0,0.79,0.49
1698,373.27,0.181801,0.237035,-0.954339,-0.092396,0.331934,-0.938767,0.047,0.292,0.01,0.0,0.15,0.0,0.59,0.02,0.0,1.23,1.25,1.25,0.75,2.25,0.02,0.3,0.0,0.66,0.48
1699,373.3,0.182603,0.235461,-0.954576,-0.094084,0.332194,-0.938507,0.047,0.291,0.01,0.0,0.14,0.0,0.57,0.0,0.0,1.31,1.26,1.36,0.75,2.21,0.0,0.24,0.0,0.61,0.41
1700,373.33,0.184216,0.236266,-0.954067,-0.092827,0.333365,-0.938217,0.048,0.292,0.02,0.0,0.15,0.0,0.57,0.0,0.0,1.32,1.29,1.41,0.72,2.17,0.0,0.2,0.0,0.69,0.35
1701,373.37,0.183378,0.236626,-0.954139,-0.092833,0.332669,-0.938463,0.048,0.292,0.02,0.04,0.09,0.0,0.59,0.1,0.0,1.3,1.33,1.31,0.6,2.13,0.0,0.2,0.0,0.66,0.35
1702,373.4,0.21358,0.228113,-0.94992,-0.112785,0.334601,-0.935586,0.053,0.29,0.01,0.09,0.06,0.0,0.61,0.24,0.0,1.27,1.38,1.21,0.47,1.99,0.0,0.2,0.0,0.53,0.41
1703,373.43,0.215482,0.228128,-0.949487,-0.114105,0.335548,-0.935087,0.054,0.291,0.05,0.09,0.13,0.0,0.66,0.39,0.0,1.25,1.39,1.1,0.35,1.86,0.0,0.26,0.0,0.4,0.49
1704,373.47,0.19634,0.220312,-0.955465,-0.117277,0.349599,-0.92953,0.042,0.294,0.12,0.05,0.24,0.0,0.67,0.48,0.0,1.17,1.39,1.14,0.31,1.76,0.0,0.3,0.0,0.29,0.52
1705,373.5,0.193171,0.221077,-0.955934,-0.116066,0.348832,-0.929971,0.041,0.293,0.16,0.0,0.31,0.0,0.71,0.5,0.0,1.08,1.38,1.18,0.39,1.71,0.0,0.34,0.0,0.25,0.56
1706,373.53,0.188471,0.217408,-0.957712,-0.111719,0.344201,-0.932226,0.041,0.289,0.11,0.0,0.29,0.0,0.71,0.46,0.0,1.03,1.37,1.21,0.39,1.64,0.0,0.32,0.0,0.18,0.55
1707,373.57,0.187576,0.216009,-0.958204,-0.113451,0.347237,-0.930889,0.039,0.29,0.08,0.0,0.34,0.0,0.72,0.32,0.0,1.04,1.38,1.16,0.4,1.59,0.0,0.27,0.0,0.11,0.57
1708,373.6,0.194477,0.218364,-0.956293,-0.111336,0.342499,-0.932898,0.044,0.289,0.11,0.0,0.4,0.0,0.68,0.26,0.0,1.1,1.39,1.14,0.23,1.46,0.0,0.24,0.0,0.04,0.58
1709,373.63,0.200736,0.228648,-0.952589,-0.110475,0.348896,-0.930627,0.048,0.298,0.16,0.0,0.42,0.0,0.64,0.14,0.0,1.11,1.43,1.18,0.12,1.3,0.0,0.2,0.0,0.0,0.65
1710,373.67,0.200556,0.220707,-0.954498,-0.103252,0.34077,-0.93446,0.051,0.289,0.16,0.0,0.4,0.0,0.64,0.2,0.0,1.12,1.46,1.32,0.02,1.18,0.0,0.23,0.0,0.0,0.8
1711,373.7,0.198118,0.220904,-0.954961,-0.102214,0.340138,-0.934804,0.051,0.289,0.11,0.0,0.45,0.0,0.68,0.2,0.0,1.11,1.46,1.27,0.04,1.18,0.0,0.19,0.0,0.0,0.87
1712,373.73,0.195284,0.220893,-0.955547,-0.098268,0.35071,-0.931314,0.051,0.294,0.08,0.0,0.44,0.0,0.66,0.31,0.0,1.1,1.45,1.18,0.07,1.16,0.0,0.17,0.0,0.0,0.87
1713,373.77,0.200864,0.236975,-0.950524,-0.117674,0.353283,-0.928086,0.044,0.304,0.04,0.0,0.42,0.0,0.65,0.48,0.0,1.05,1.45,1.1,0.08,1.24,0.0,0.15,0.0,0.0,0.75
1714,373.8,0.212922,0.23798,-0.947644,-0.119956,0.360336,-0.925078,0.05,0.309,0.22,0.06,0.25,0.0,0.56,0.63,0.0,0.88,1.48,1.04,0.05,1.19,0.0,0.1,0.0,0.0,1.11
1715,373.83,0.242658,0.258087,-0.935152,-0.199747,0.405961,-0.891794,0.023,0.349,0.44,0.06,0.15,0.0,0.53,0.68,0.0,0.72,1.54,0.91,0.01,1.21,0.0,0.05,0.0,0.0,1.8
1716,373.87,0.30168,0.304769,-0.903386,-0.237115,0.446273,-0.862912,0.037,0.402,0.65,0.06,0.04,0.0,0.47,0.56,0.0,0.61,1.58,0.73,0.02,1.17,0.0,0.0,0.0,0.0,2.59
1717,373.9,0.292421,0.310247,-0.904564,-0.238234,0.444522,-0.863507,0.031,0.403,0.7,0.0,0.0,0.0,0.45,0.42,0.0,0.68,1.58,0.63,0.06,1.2,0.0,0.0,0.0,0.0,2.93
1718,373.93,0.28338,0.311724,-0.906931,-0.245043,0.441621,-0.86309,0.022,0.402,0.46,0.0,0.01,0.0,0.39,0.26,0.0,0.79,1.5,0.82,0.06,1.21,0.0,0.1,0.0,0.0,1.97
1719,373.97,0.094168,0.170813,-0.980793,-0.116759,0.235418,-0.964855,-0.012,0.206,0.24,0.0,0.01,0.0,0.31,0.12,0.0,0.9,1.46,1.0,0.04,1.15,0.0,0.14,0.0,0.0,0.97
1720,374.0,0.049403,0.116977,-0.991905,-0.107288,0.204768,-0.972913,-0.029,0.162,0.0,0.0,0.01,0.0,0.26,0.0,0.0,0.95,1.4,1.22,0.0,1.2,0.0,0.19,0.0,0.0,0.0
1721,374.03,0.050296,0.12097,-0.991381,-0.106898,0.207121,-0.972457,-0.029,0.166,0.0,0.0,0.0,0.2,0.18,0.0,0.0,0.97,1.38,1.23,0.0,1.23,0.0,0.22,0.0,0.0,0.0
1722,374.07,0.049607,0.136878,-0.989345,-0.11021,0.201514,-0.973266,-0.031,0.171,0.0,0.0,0.0,0.37,0.13,0.0,0.0,0.99,1.35,1.36,0.0,1.36,0.0,0.32,0.0,0.0,0.0
1723,374.1,0.04832,0.133887,-0.989818,-0.110061,0.202604,-0.973056,-0.031,0.17,0.0,0.0,0.0,0.4,0.06,0.0,0.0,1.01,1.3,1.43,0.0,1.37,0.0,0.38,0.0,0.01,0.0
1724,374.13,0.040698,0.130421,-0.990623,-0.108057,0.200478,-0.973721,-0.034,0.167,0.0,0.0,0.0,0.25,0.07,0.0,0.0,1.0,1.27,1.44,0.0,1.43,0.0,0.36,0.0,0.1,0.0
1725,374.17,0.031838,0.134614,-0.990387,-0.117537,0.20786,-0.971071,-0.044,0.173,0.0,0.0,0.0,0.12,0.04,0.0,0.0,0.95,1.16,1.35,0.0,1.3,0.0,0.21,0.01,0.4,0.0
1726,374.2,-0.012563,0.170334,-0.985306,-0.183978,0.244293,-0.952089,-0.101,0.211,0.0,0.0,0.0,0.23,0.02,0.0,0.0,0.87,1.11,1.17,0.0,1.07,0.0,0.1,0.31,0.61,0.0
1727,374.23,-0.014383,0.171271,-0.985119,-0.182206,0.253402,-0.950046,-0.101,0.216,0.07,0.0,0.02,0.3,0.0,0.0,0.0,0.88,1.03,0.83,0.0,0.66,0.0,0.0,0.92,0.98,0.0
1728,374.27,-0.02454,0.17077,-0.985005,-0.194706,0.260121,-0.945741,-0.113,0.22,0.17,0.0,0.05,0.43,0.0,0.0,0.0,0.87,1.01,0.56,0.0,0.38,0.0,0.0,1.57,1.1,0.0
1729,374.3,-0.023881,0.170504,-0.985068,-0.190619,0.256114,-0.947666,-0.111,0.217,0.25,0.0,0.08,0.41,0.0,0.0,0.0,0.94,0.98,0.39,0.0,0.22,0.0,0.0,1.88,1.26,0.0
1730,374.33,-0.022232,0.173548,-0.984574,-0.194582,0.256967,-0.946629,-0.112,0.219,0.48,0.12,0.24,0.28,0.0,0.0,0.0,0.8,0.83,0.51,0.1,0.46,0.0,0.0,1.91,1.52,0.11
1731,374.37,0.043708,0.227888,-0.972706,-0.127331,0.266473,-0.955395,-0.043,0.251,0.67,0.31,0.33,0.11,0.0,0.0,0.0,0.6,0.74,0.38,0.21,0.86,0.0,0.0,1.73,1.95,0.66
1732,374.4,0.19538,0.274128,-0.941637,-0.246611,0.388874,-0.887671,-0.028,0.348,0.85,0.37,0.42,0.0,0.0,0.01,0.0,0.36,0.64,0.26,0.41,1.28,0.0,0.0,1.7,2.43,1.23
1733,374.43,0.189799,0.269635,-0.944073,-0.214679,0.376129,-0.901355,-0.013,0.337,1.05,0.4,0.48,0.0,0.0,0.02,0.0,0.42,0.64,0.03,0.48,1.46,0.0,0.0,1.54,2.51,1.19
1734,374.47,0.100568,0.189709,-0.976676,-0.10608,0.292643,-0.95032,-0.003,0.245,1.22,0.35,0.59,0.0,0.0,0.09,0.0,0.57,0.59,0.0,0.59,1.45,0.0,0.0,1.56,2.44,0.83
1735,374.5,0.102956,0.193694,-0.975645,-0.130652,0.29922,-0.945197,-0.014,0.251,1.39,0.4,0.64,0.0,0.0,0.11,0.0,0.67,0.55,0.0,0.6,1.42,0.0,0.0,1.48,2.29,0.36
1736,374.53,0.099224,0.194329,-0.975905,-0.14127,0.304348,-0.942027,-0.022,0.254,1.44,0.48,0.53,0.0,0.0,0.1,0.0,0.77,0.52,0.09,0.66,1.57,0.0,0.0,1.44,2.32,0.29
1737,374.57,0.114484,0.132616,-0.984533,-0.083233,0.225962,-0.970574,0.016,0.181,1.56,0.63,0.52,0.0,0.0,0.03,0.0,0.87,0.48,0.09,0.58,1.45,0.0,0.0,1.58,2.6,0.1
1738,374.6,0.100434,0.118823,-0.987823,-0.042291,0.19305,-0.980277,0.03,0.157,1.54,0.61,0.55,0.0,0.0,0.0,0.0,0.9,0.42,0.09,0.51,1.38,0.0,0.0,1.62,2.75,0.0
1739,374.63,0.047546,0.147339,-0.987943,-0.067802,0.201065,-0.977229,-0.01,0.175,1.33,0.39,0.52,0.0,0.0,0.0,0.0,0.65,0.41,0.25,0.38,1.32,0.14,0.0,1.26,2.83,0.0
1740,374.67,0.039187,0.137029,-0.989792,-0.067082,0.175567,-0.982179,-0.014,0.157,1.12,0.09,0.4,0.0,0.0,0.0,0.0,0.39,0.4,0.43,0.38,1.53,0.25,0.0,0.73,2.67,0.0
1741,374.7,0.039184,0.139004,-0.989516,-0.06485,0.177252,-0.982027,-0.013,0.159,1.03,0.02,0.3,0.0,0.0,0.09,0.0,0.26,0.43,0.57,0.3,1.85,0.41,0.0,0.25,2.79,0.0
1742,374.73,0.043361,0.134765,-0.989928,-0.06335,0.17885,-0.981835,-0.01,0.158,0.9,0.02,0.24,0.06,0.0,0.16,0.0,0.16,0.44,0.41,0.19,1.86,0.31,0.0,0.24,2.77,0.0
1743,374.77,0.05413,0.134703,-0.989406,-0.056528,0.192688,-0.979631,-0.001,0.165,0.75,0.02,0.33,0.13,0.0,0.17,0.0,0.07,0.44,0.26,0.05,1.77,0.21,0.0,0.46,2.68,0.0
1744,374.8,0.051039,0.133826,-0.98969,-0.066629,0.191903,-0.97915,-0.008,0.164,0.54,0.0,0.32,0.14,0.0,0.19,0.0,0.0,0.45,0.14,0.0,1.49,0.06,0.0,0.73,2.46,0.0
1745,374.83,0.054574,0.141304,-0.988461,-0.085508,0.195753,-0.976918,-0.016,0.17,0.46,0.0,0.35,0.13,0.0,0.21,0.0,0.0,0.44,0.09,0.0,1.36,0.04,0.0,1.01,2.27,0.0
1746,374.87,0.044723,0.135557,-0.98976,-0.087062,0.19106,-0.97771,-0.022,0.165,0.36,0.0,0.17,0.08,0.0,0.19,0.0,0.02,0.48,0.15,0.0,1.34,0.05,0.0,1.05,2.19,0.0
1747,374.9,0.040887,0.136515,-0.989794,-0.086303,0.193071,-0.977382,-0.023,0.166,0.35,0.0,0.13,0.07,0.0,0.08,0.0,0.02,0.49,0.22,0.0,1.34,0.11,0.0,0.9,2.09,0.0
1748,374.93,0.047845,0.12108,-0.991489,-0.096837,0.180861,-0.97873,-0.025,0.152,0.34,0.0,0.17,0.08,0.0,0.01,0.0,0.02,0.5,0.25,0.01,1.34,0.16,0.0,0.67,2.03,0.0
1749,374.97,0.049992,0.121958,-0.991275,-0.100192,0.184563,-0.9777,-0.025,0.154,0.27,0.0,0.28,0.13,0.0,0.01,0.0,0.0,0.45,0.3,0.01,1.39,0.22,0.04,0.3,1.86,0.0
1750,375.0,0.04297,0.122056,-0.991593,-0.105433,0.188797,-0.97634,-0.032,0.157,0.18,0.0,0.31,0.21,0.0,0.01,0.0,0.0,0.41,0.4,0.01,1.52,0.3,0.1,0.15,1.76,0.0
1751,375.03,0.043296,0.12209,-0.991574,-0.104725,0.187177,-0.976728,-0.031,0.156,0.09,0.0,0.27,0.16,0.03,0.02,0.0,0.0,0.41,0.33,0.05,1.31,0.39,0.1,0.57,1.52,0.0
1752,375.07,0.028405,0.135069,-0.990429,-0.110642,0.189253,-0.975675,-0.042,0.163,0.07,0.0,0.23,0.1,0.06,0.04,0.0,0.0,0.44,0.18,0.06,1.04,0.45,0.06,1.16,1.39,0.0
1753,375.1,0.027556,0.137684,-0.990093,-0.112932,0.190322,-0.975205,-0.043,0.165,0.08,0.0,0.27,0.03,0.08,0.04,0.0,0.0,0.52,0.0,0.14,0.81,0.35,0.0,1.68,1.28,0.0
1754,375.13,0.021637,0.135775,-0.990503,-0.11025,0.186541,-0.976241,-0.045,0.162,0.06,0.0,0.22,0.02,0.06,0.02,0.0,0.0,0.58,0.0,0.09,0.87,0.31,0.0,1.64,1.35,0.0
1755,375.17,0.02373,0.137944,-0.990156,-0.109169,0.183105,-0.977013,-0.043,0.162,0.02,0.0,0.15,0.11,0.02,0.0,0.0,0.0,0.63,0.05,0.08,1.08,0.42,0.05,1.09,1.34,0.0
1756,375.2,0.03492,0.130963,-0.990772,-0.097534,0.179273,-0.978953,-0.032,0.156,0.0,0.0,0.03,0.18,0.03,0.02,0.0,0.0,0.61,0.19,0.04,1.22,0.71,0.15,0.57,1.35,0.0
1757,375.23,0.034572,0.132716,-0.990551,-0.093295,0.182683,-0.978735,-0.03,0.159,0.0,0.0,0.0,0.36,0.03,0.1,0.0,0.0,0.57,0.26,0.09,1.48,0.98,0.29,0.04,1.38,0.0
1758,375.27,0.038871,0.126673,-0.991183,-0.106529,0.189953,-0.975997,-0.034,0.16,0.0,0.0,0.0,0.43,0.06,0.17,0.0,0.0,0.6,0.27,0.11,1.57,1.07,0.38,0.0,1.44,0.0
1759,375.3,0.040558,0.127438,-0.991017,-0.106355,0.188564,-0.976285,-0.033,0.159,0.0,0.0,0.0,0.43,0.07,0.19,0.0,0.02,0.6,0.3,0.17,1.72,1.17,0.37,0.0,1.53,0.0
1760,375.33,0.04349,0.11809,-0.99205,-0.108967,0.188441,-0.976021,-0.033,0.155,0.0,0.0,0.02,0.4,0.08,0.3,0.0,0.04,0.61,0.39,0.2,1.84,1.22,0.32,0.0,1.55,0.0
1761,375.37,0.046616,0.129317,-0.990507,-0.098802,0.173272,-0.979906,-0.026,0.152,0.0,0.0,0.12,0.26,0.12,0.4,0.0,0.05,0.6,0.35,0.17,1.76,1.21,0.19,0.33,1.71,0.0
1762,375.4,0.055976,0.142662,-0.988187,-0.104327,0.188887,-0.976441,-0.025,0.167,0.04,0.0,0.32,0.22,0.14,0.55,0.0,0.08,0.59,0.17,0.07,1.47,1.04,0.1,0.83,1.7,0.0
1763,375.43,0.058421,0.146014,-0.987556,-0.091113,0.187893,-0.977954,-0.017,0.168,0.12,0.0,0.5,0.08,0.19,0.54,0.0,0.2,0.59,0.05,0.0,1.17,0.78,0.0,1.33,1.76,0.0
1764,375.47,0.065189,0.148035,-0.986831,-0.087951,0.20139,-0.975555,-0.012,0.176,0.23,0.0,0.69,0.04,0.2,0.6,0.0,0.29,0.58,0.1,0.0,1.1,0.63,0.0,1.54,1.69,0.0
1765,375.5,0.067533,0.147259,-0.98679,-0.088663,0.199926,-0.975791,-0.011,0.175,0.2,0.0,0.73,0.04,0.18,0.41,0.0,0.42,0.57,0.12,0.0,1.15,0.52,0.0,1.59,1.83,0.0
1766,375.53,0.082899,0.136276,-0.987196,-0.066976,0.209167,-0.975584,0.008,0.174,0.12,0.0,0.79,0.04,0.2,0.23,0.0,0.48,0.56,0.14,0.0,1.16,0.47,0.0,1.61,1.86,0.0
1767,375.57,0.080766,0.141387,-0.986654,-0.068627,0.209088,-0.975486,0.006,0.177,0.0,0.0,0.73,0.14,0.24,0.01,0.0,0.57,0.55,0.09,0.0,1.2,0.36,0.0,1.55,1.95,0.0
1768,375.6,0.08739,0.133118,-0.98724,-0.064992,0.212273,-0.975047,0.011,0.174,0.06,0.0,0.78,0.24,0.25,0.01,0.03,0.64,0.57,0.08,0.0,1.22,0.21,0.0,1.55,2.03,0.0
1769,375.63,0.086881,0.126249,-0.988187,-0.061057,0.206478,-0.976544,0.013,0.168,0.06,0.0,0.69,0.37,0.2,0.0,0.03,0.68,0.55,0.01,0.0,1.23,0.14,0.0,1.54,2.04,0.0
1770,375.67,0.086347,0.124839,-0.988412,-0.057096,0.202983,-0.977516,0.015,0.165,0.06,0.0,0.65,0.37,0.14,0.0,0.03,0.73,0.54,0.01,0.0,1.17,0.12,0.0,1.6,2.01,0.0
1771,375.7,0.088025,0.128422,-0.987805,-0.056412,0.20262,-0.977631,0.016,0.167,0.03,0.0,0.54,0.3,0.1,0.0,0.0,0.73,0.53,0.02,0.0,1.2,0.25,0.0,1.57,1.93,0.0
1772,375.73,0.083216,0.12315,-0.988893,-0.051748,0.193962,-0.979643,0.016,0.16,0.04,0.0,0.52,0.24,0.06,0.0,0.0,0.75,0.57,0.03,0.0,1.33,0.31,0.0,1.6,1.95,0.0
1773,375.77,0.084342,0.121736,-0.988973,-0.038891,0.184748,-0.982016,0.023,0.154,0.11,0.0,0.53,0.17,0.02,0.0,0.0,0.79,0.56,0.07,0.0,1.43,0.37,0.0,1.59,1.98,0.0
1774,375.8,0.085894,0.124856,-0.98845,-0.039903,0.183417,-0.982225,0.023,0.155,0.14,0.0,0.52,0.12,0.01,0.0,0.0,0.76,0.56,0.04,0.0,1.52,0.26,0.0,1.64,2.04,0.0
1775,375.83,0.08632,0.123003,-0.988645,-0.03684,0.169529,-0.984836,0.025,0.147,0.13,0.0,0.47,0.13,0.0,0.0,0.0,0.71,0.59,0.04,0.0,1.5,0.2,0.0,1.56,1.99,0.0
1776,375.87,0.079484,0.117132,-0.98993,-0.022559,0.176273,-0.984083,0.029,0.148,0.06,0.0,0.38,0.14,0.0,0.0,0.0,0.65,0.64,0.0,0.0,1.53,0.16,0.0,1.49,1.93,0.0
1777,375.9,0.080713,0.116877,-0.989861,-0.024505,0.172413,-0.98472,0.028,0.145,0.0,0.0,0.33,0.26,0.0,0.0,0.0,0.71,0.71,0.0,0.0,1.54,0.18,0.0,1.38,1.81,0.0
1778,375.93,0.080755,0.11349,-0.990252,-0.02853,0.174129,-0.98431,0.026,0.145,0.02,0.0,0.34,0.18,0.01,0.0,0.0,0.74,0.72,0.06,0.0,1.53,0.15,0.0,1.45,1.83,0.0
1779,375.97,0.087667,0.103029,-0.990808,-0.039723,0.185516,-0.981838,0.024,0.145,0.02,0.0,0.38,0.14,0.03,0.0,0.0,0.77,0.74,0.07,0.0,1.48,0.15,0.0,1.51,1.81,0.0
1780,376.0,0.087456,0.106008,-0.990512,-0.040259,0.185249,-0.981867,0.024,0.147,0.27,0.03,0.31,0.01,0.05,0.14,0.0,0.7,0.81,0.07,0.04,1.45,0.16,0.0,1.62,1.87,0.5
1781,376.03,0.198658,0.241745,-0.949787,-0.200797,0.362454,-0.910114,-0.001,0.314,0.48,0.04,0.37,0.01,0.12,0.15,0.0,0.68,0.86,0.02,0.14,1.57,0.24,0.0,1.48,1.89,1.13
1782,376.07,0.197935,0.263922,-0.944017,-0.217292,0.381181,-0.898602,-0.011,0.337,0.72,0.07,0.39,0.0,0.2,0.17,0.0,0.67,0.91,0.0,0.2,1.68,0.27,0.0,1.38,1.99,1.82
1783,376.1,0.187219,0.269869,-0.944521,-0.222311,0.383706,-0.896296,-0.019,0.341,0.66,0.04,0.48,0.0,0.28,0.22,0.0,0.68,0.88,0.0,0.19,1.83,0.22,0.0,1.13,2.05,1.7
1784,376.13,0.180363,0.226094,-0.957262,-0.183984,0.300165,-0.935976,-0.002,0.271,0.52,0.03,0.41,0.11,0.26,0.2,0.0,0.71,0.89,0.09,0.11,1.84,0.1,0.0,0.97,2.02,1.07
1785,376.17,0.065371,0.161888,-0.984641,-0.146741,0.240765,-0.959427,-0.042,0.204,0.38,0.0,0.32,0.22,0.22,0.19,0.0,0.69,0.89,0.15,0.05,1.83,0.0,0.0,0.85,1.98,0.38
1786,376.2,0.061386,0.164515,-0.984463,-0.144957,0.25197,-0.956817,-0.043,0.211,0.3,0.0,0.34,0.4,0.11,0.0,0.0,0.66,0.84,0.15,0.01,1.71,0.0,0.0,0.97,1.77,0.0
1787,376.23,0.007255,0.143114,-0.98968,-0.170854,0.225084,-0.959243,-0.084,0.187,0.33,0.0,0.45,0.52,0.06,0.0,0.0,0.68,0.75,0.08,0.0,1.63,0.0,0.0,1.2,1.73,0.0
1788,376.27,0.00744,0.143349,-0.989644,-0.172784,0.225043,-0.958906,-0.085,0.187,0.34,0.0,0.59,0.49,0.0,0.0,0.0,0.73,0.66,0.04,0.0,1.57,0.0,0.0,1.4,1.65,0.0
1789,376.3,0.007629,0.144529,-0.989471,-0.172265,0.225271,-0.958946,-0.084,0.188,0.36,0.0,0.62,0.51,0.0,0.0,0.0,0.81,0.61,0.08,0.0,1.62,0.01,0.0,1.44,1.79,0.0
1790,376.33,0.013811,0.151554,-0.988352,-0.170941,0.221775,-0.959997,-0.08,0.189,0.35,0.0,0.62,0.42,0.0,0.0,0.0,0.75,0.53,0.14,0.0,1.69,0.06,0.0,1.39,1.95,0.0
1791,376.37,0.018417,0.152774,-0.98809,-0.16938,0.221832,-0.960261,-0.077,0.19,0.3,0.0,0.56,0.41,0.0,0.0,0.0,0.67,0.43,0.18,0.0,1.76,0.16,0.0,1.31,2.12,0.0
1792,376.4,0.014025,0.157133,-0.987478,-0.17224,0.23168,-0.957423,-0.081,0.197,0.35,0.02,0.55,0.3,0.0,0.0,0.0,0.45,0.31,0.3,0.0,1.71,0.23,0.0,1.15,2.33,0.0
1793,376.43,0.008774,0.16124,-0.986876,-0.186986,0.243593,-0.951682,-0.092,0.206,0.4,0.02,0.43,0.29,0.0,0.0,0.0,0.27,0.21,0.37,0.0,1.74,0.26,0.0,1.03,2.33,0.0
1794,376.47,0.02143,0.167185,-0.985693,-0.182842,0.239758,-0.953459,-0.083,0.207,0.49,0.02,0.4,0.33,0.0,0.0,0.0,0.15,0.14,0.48,0.0,1.82,0.24,0.0,0.89,2.32,0.0
1795,376.5,0.020083,0.167987,-0.985585,-0.182571,0.235974,-0.954455,-0.084,0.205,0.49,0.0,0.32,0.37,0.0,0.0,0.0,0.14,0.09,0.52,0.0,1.9,0.24,0.0,0.82,2.2,0.0
1796,376.53,0.026384,0.167639,-0.985495,-0.176589,0.246112,-0.953019,-0.077,0.21,0.44,0.0,0.27,0.35,0.0,0.0,0.0,0.18,0.09,0.48,0.0,1.79,0.21,0.0,0.79,2.08,0.0
1797,376.57,0.020093,0.15668,-0.987445,-0.184914,0.237836,-0.953541,-0.085,0.201,0.43,0.0,0.17,0.27,0.0,0.0,0.0,0.17,0.07,0.45,0.0,1.67,0.18,0.0,0.84,2.02,0.0
1798,376.6,0.021129,0.155739,-0.987572,-0.187662,0.238427,-0.952857,-0.086,0.2,0.33,0.0,0.13,0.25,0.0,0.0,0.0,0.21,0.14,0.42,0.0,1.63,0.11,0.0,0.81,1.93,0.0
1799,376.63,0.018602,0.157081,-0.987411,-0.175132,0.24449,-0.953705,-0.08,0.204,0.29,0.0,0.15,0.32,0.0,0.0,0.0,0.13,0.14,0.35,0.0,1.52,0.14,0.0,0.69,1.8,0.0
1800,376.67,0.013641,0.172227,-0.984963,-0.204738,0.274008,-0.939682,-0.099,0.228,0.21,0.0,0.18,0.48,0.0,0.0,0.0,0.08,0.16,0.26,0.0,1.4,0.16,0.0,0.54,1.54,0.0
1801,376.7,0.013473,0.172544,-0.98491,-0.204679,0.275624,-0.939222,-0.099,0.229,0.29,0.0,0.21,0.67,0.0,0.0,0.0,0.0,0.07,0.1,0.0,1.22,0.18,0.0,0.51,1.43,0.0
1802,376.73,0.004418,0.181354,-0.983408,-0.206173,0.277613,-0.938309,-0.105,0.234,0.34,0.0,0.25,0.67,0.0,0.0,0.0,0.0,0.09,0.11,0.0,1.1,0.18,0.0,0.63,1.51,0.0
1803,376.77,-0.001923,0.177037,-0.984202,-0.214034,0.273952,-0.937625,-0.112,0.23,0.39,0.0,0.31,0.77,0.0,0.0,0.0,0.0,0.07,0.1,0.0,0.92,0.17,0.0,0.7,1.6,0.0
1804,376.8,-0.003876,0.16854,-0.985687,-0.225969,0.278074,-0.933602,-0.119,0.229,0.29,0.0,0.36,0.54,0.0,0.0,0.0,0.0,0.08,0.1,0.0,0.7,0.21,0.0,0.98,1.53,0.0
1805,376.83,-0.019452,0.159463,-0.987012,-0.238551,0.272555,-0.932098,-0.134,0.221,0.18,0.0,0.28,0.39,0.0,0.0,0.0,0.0,0.11,0.08,0.0,0.7,0.19,0.0,1.23,1.48,0.0
1806,376.87,-0.026518,0.149782,-0.988363,-0.223494,0.243982,-0.943675,-0.129,0.201,0.11,0.0,0.21,0.1,0.0,0.0,0.0,0.07,0.18,0.14,0.0,0.76,0.16,0.0,1.44,1.47,0.0
1807,376.9,-0.023633,0.151921,-0.98811,-0.22484,0.240291,-0.944302,-0.128,0.2,0.06,0.0,0.11,0.05,0.0,0.0,0.0,0.19,0.27,0.25,0.07,1.04,0.14,0.0,1.34,1.4,0.0
1808,376.93,-0.028958,0.138967,-0.989874,-0.224954,0.233026,-0.946094,-0.13,0.19,0.09,0.0,0.08,0.06,0.0,0.0,0.0,0.31,0.33,0.38,0.16,1.09,0.16,0.0,1.2,1.34,0.0
1809,376.97,-0.027013,0.137569,-0.990124,-0.226835,0.218579,-0.949089,-0.13,0.182,0.15,0.0,0.05,0.06,0.0,0.0,0.0,0.43,0.37,0.47,0.33,1.13,0.23,0.0,1.05,1.29,0.0
1810,377.0,-0.028192,0.143056,-0.989313,-0.227705,0.219986,-0.948555,-0.131,0.185,0.21,0.0,0.04,0.06,0.0,0.0,0.0,0.52,0.4,0.5,0.36,0.96,0.2,0.0,1.15,1.42,0.0
1811,377.03,-0.037742,0.143357,-0.988951,-0.234373,0.2196,-0.947019,-0.14,0.185,0.2,0.0,0.12,0.2,0.0,0.0,0.0,0.69,0.44,0.34,0.35,0.81,0.12,0.0,1.51,1.41,0.0
1812,377.07,-0.041316,0.154542,-0.987122,-0.237323,0.23137,-0.943475,-0.143,0.197,0.12,0.0,0.16,0.37,0.0,0.0,0.0,0.76,0.47,0.15,0.29,0.68,0.02,0.0,1.94,1.42,0.0
1813,377.1,-0.039358,0.155998,-0.986973,-0.236614,0.236014,-0.942502,-0.142,0.2,0.12,0.0,0.21,0.47,0.0,0.0,0.0,0.78,0.48,0.0,0.19,0.53,0.0,0.0,2.28,1.38,0.0
1814,377.13,-0.042421,0.153366,-0.987258,-0.24214,0.221879,-0.94453,-0.146,0.192,0.16,0.0,0.24,0.46,0.0,0.0,0.0,0.69,0.44,0.0,0.15,0.47,0.0,0.0,2.47,1.5,0.0
1815,377.17,-0.042478,0.14251,-0.988881,-0.234431,0.21697,-0.947611,-0.142,0.184,0.19,0.0,0.23,0.48,0.0,0.0,0.0,0.67,0.41,0.03,0.03,0.51,0.0,0.0,2.61,1.63,0.0
1816,377.2,-0.05021,0.140968,-0.98874,-0.230173,0.21773,-0.94848,-0.144,0.183,0.25,0.0,0.24,0.54,0.0,0.0,0.0,0.68,0.39,0.03,0.03,0.59,0.0,0.0,2.65,1.69,0.0
1817,377.23,-0.050572,0.142493,-0.988503,-0.239496,0.224237,-0.944648,-0.149,0.187,0.22,0.0,0.13,0.53,0.0,0.0,0.0,0.63,0.36,0.14,0.0,0.64,0.0,0.0,2.56,1.73,0.0
1818,377.27,-0.052289,0.137625,-0.989103,-0.248456,0.218902,-0.943584,-0.154,0.182,0.19,0.0,0.11,0.48,0.0,0.0,0.0,0.52,0.34,0.24,0.0,0.63,0.0,0.0,2.43,1.68,0.0
1819,377.3,-0.050757,0.140988,-0.988709,-0.24943,0.21947,-0.943195,-0.154,0.184,0.13,0.0,0.05,0.53,0.0,0.0,0.0,0.41,0.33,0.29,0.0,0.65,0.0,0.0,2.34,1.74,0.0
1820,377.33,-0.059127,0.149045,-0.987061,-0.256447,0.223901,-0.940268,-0.162,0.191,0.11,0.0,0.06,0.56,0.0,0.0,0.0,0.44,0.33,0.21,0.0,0.65,0.0,0.0,2.33,1.75,0.0
1821,377.37,-0.048811,0.143501,-0.988446,-0.244157,0.224775,-0.943326,-0.151,0.188,0.11,0.0,0.09,0.62,0.0,0.0,0.02,0.47,0.33,0.11,0.0,0.6,0.0,0.0,2.43,1.81,0.0
1822,377.4,-0.049357,0.144199,-0.988317,-0.249651,0.227309,-0.941278,-0.154,0.19,0.07,0.0,0.07,0.58,0.0,0.0,0.02,0.51,0.36,0.08,0.0,0.55,0.0,0.0,2.4,1.69,0.0
1823,377.43,-0.055624,0.144884,-0.987884,-0.245145,0.223932,-0.94327,-0.155,0.189,0.04,0.0,0.05,0.56,0.0,0.0,0.01,0.36,0.43,0.24,0.0,0.54,0.05,0.0,2.15,1.58,0.0
1824,377.47,-0.046474,0.140009,-0.989059,-0.238563,0.222685,-0.945251,-0.146,0.185,0.0,0.0,0.01,0.5,0.0,0.0,0.0,0.26,0.46,0.43,0.0,0.52,0.13,0.0,1.79,1.45,0.0
1825,377.5,-0.044419,0.141392,-0.988957,-0.240703,0.222804,-0.94468,-0.146,0.186,0.0,0.0,0.0,0.43,0.0,0.0,0.0,0.09,0.43,0.5,0.0,0.63,0.25,0.0,1.49,1.48,0.0
1826,377.53,-0.06177,0.135866,-0.9888,-0.290998,0.239114,-0.926361,-0.182,0.193,0.0,0.0,0.01,0.39,0.0,0.0,0.0,0.06,0.37,0.45,0.0,0.62,0.27,0.0,1.45,1.5,0.0
1827,377.57,-0.066861,0.140898,-0.987764,-0.283733,0.232643,-0.930254,-0.181,0.192,0.0,0.0,0.04,0.49,0.0,0.0,0.0,0.0,0.36,0.23,0.0,0.55,0.22,0.0,1.62,1.51,0.0
1828,377.6,-0.069105,0.152429,-0.985896,-0.277248,0.236518,-0.931232,-0.179,0.2,0.0,0.0,0.06,0.6,0.0,0.0,0.0,0.01,0.37,0.31,0.0,0.56,0.2,0.0,1.61,1.52,0.0
1829,377.63,-0.068296,0.148229,-0.986592,-0.278359,0.240256,-0.929943,-0.179,0.2,0.07,0.0,0.1,0.75,0.0,0.0,0.0,0.01,0.32,0.3,0.0,0.82,0.22,0.0,1.51,1.75,0.0
1830,377.67,-0.067484,0.146261,-0.986942,-0.262609,0.222351,-0.938934,-0.17,0.189,0.08,0.0,0.09,0.8,0.0,0.0,0.0,0.03,0.28,0.5,0.0,1.14,0.32,0.0,1.26,1.98,0.0
1831,377.7,-0.066311,0.145658,-0.98711,-0.25976,0.223642,-0.939419,-0.168,0.189,0.16,0.0,0.17,0.75,0.0,0.0,0.0,0.02,0.16,0.4,0.0,1.24,0.22,0.0,1.26,2.21,0.0
1832,377.73,-0.057902,0.151347,-0.986783,-0.2746,0.233578,-0.932757,-0.172,0.198,0.31,0.0,0.25,0.67,0.0,0.0,0.0,0.07,0.09,0.36,0.0,1.25,0.14,0.0,1.32,2.26,0.0
1833,377.77,-0.044148,0.170262,-0.984409,-0.269457,0.264219,-0.926057,-0.163,0.224,0.49,0.0,0.3,0.37,0.0,0.0,0.07,0.05,0.02,0.17,0.0,1.33,0.07,0.0,1.45,2.57,0.3
1834,377.8,0.075606,0.226001,-0.971189,-0.254093,0.330555,-0.908939,-0.095,0.288,0.62,0.0,0.36,0.21,0.0,0.0,0.15,0.06,0.07,0.1,0.0,1.46,0.14,0.0,1.52,2.68,0.65
1835,377.83,0.048352,0.231688,-0.971588,-0.273615,0.337154,-0.900812,-0.12,0.295,0.59,0.0,0.42,0.0,0.0,0.0,0.19,0.01,0.07,0.01,0.0,1.5,0.14,0.0,1.61,2.64,0.65
1836,377.87,0.036703,0.200807,-0.978943,-0.273817,0.273774,-0.921994,-0.124,0.245,0.58,0.0,0.57,0.0,0.0,0.0,0.15,0.01,0.05,0.02,0.0,1.44,0.08,0.0,1.71,2.37,0.35
1837,377.9,0.034614,0.199168,-0.979354,-0.266449,0.277571,-0.923016,-0.121,0.246,0.4,0.0,0.53,0.0,0.0,0.0,0.09,0.02,0.02,0.07,0.0,1.24,0.01,0.0,1.82,2.16,0.0
1838,377.93,0.01313,0.152318,-0.988244,-0.207952,0.217111,-0.953739,-0.1,0.188,0.22,0.0,0.4,0.0,0.0,0.0,0.06,0.02,0.05,0.2,0.0,0.91,0.01,0.0,1.97,2.02,0.0
1839,377.97,-0.005987,0.171796,-0.985114,-0.219921,0.224229,-0.949398,-0.116,0.202,0.04,0.0,0.17,0.0,0.0,0.0,0.02,0.1,0.19,0.28,0.0,0.46,0.0,0.0,1.88,1.85,0.0
1840,378.0,0.013982,0.169421,-0.985445,-0.17491,0.194843,-0.965113,-0.082,0.185,0.0,0.0,0.15,0.0,0.0,0.0,0.0,0.17,0.28,0.27,0.0,0.17,0.0,0.0,1.85,1.72,0.0
1841,378.03,0.019617,0.168375,-0.985528,-0.165984,0.191243,-0.967406,-0.075,0.182,0.0,0.0,0.13,0.05,0.0,0.0,0.0,0.33,0.46,0.22,0.0,0.07,0.0,0.0,1.68,1.59,0.0
1842,378.07,0.009401,0.164158,-0.986389,-0.168416,0.187657,-0.967688,-0.081,0.178,0.0,0.0,0.19,0.14,0.0,0.0,0.0,0.34,0.51,0.28,0.0,0.1,0.0,0.0,1.63,1.53,0.0
1843,378.1,0.01122,0.165031,-0.986225,-0.171195,0.184743,-0.967762,-0.082,0.177,0.0,0.0,0.13,0.17,0.0,0.0,0.0,0.37,0.56,0.37,0.0,0.16,0.0,0.0,1.59,1.53,0.0
1844,378.13,0.006766,0.13925,-0.990234,-0.168461,0.180316,-0.969075,-0.082,0.162,0.0,0.0,0.08,0.25,0.0,0.0,0.0,0.29,0.49,0.47,0.0,0.23,0.0,0.0,1.39,1.58,0.0
1845,378.17,0.014782,0.138617,-0.990236,-0.166969,0.178362,-0.969695,-0.077,0.16,0.0,0.0,0.07,0.23,0.0,0.0,0.0,0.24,0.43,0.51,0.0,0.29,0.0,0.0,1.29,1.58,0.0
1846,378.2,0.019082,0.144985,-0.98925,-0.163732,0.180947,-0.969768,-0.074,0.165,0.0,0.0,0.16,0.31,0.0,0.0,0.0,0.14,0.36,0.46,0.0,0.25,0.0,0.0,1.1,1.61,0.0
1847,378.23,0.013747,0.141155,-0.989892,-0.164474,0.179807,-0.969855,-0.077,0.162,0.0,0.0,0.28,0.29,0.0,0.0,0.0,0.06,0.31,0.3,0.0,0.3,0.0,0.0,0.98,1.64,0.0
1848,378.27,0.022125,0.167721,-0.985586,-0.147004,0.213343,-0.965854,-0.064,0.193,0.0,0.0,0.32,0.3,0.0,0.0,0.0,0.02,0.27,0.2,0.0,0.36,0.0,0.0,0.81,1.68,0.0
1849,378.3,0.023973,0.169259,-0.98528,-0.147825,0.215049,-0.965351,-0.063,0.195,0.0,0.0,0.25,0.23,0.0,0.0,0.0,0.0,0.27,0.24,0.0,0.59,0.0,0.0,0.65,1.63,0.0
1850,378.33,0.020565,0.16769,-0.985625,-0.133118,0.201107,-0.970482,-0.057,0.186,0.0,0.0,0.23,0.12,0.0,0.0,0.0,0.0,0.3,0.28,0.0,0.78,0.0,0.0,0.57,1.7,0.0
1851,378.37,0.039523,0.17908,-0.98304,-0.1245,0.216496,-0.968313,-0.044,0.2,0.0,0.0,0.23,0.08,0.0,0.0,0.0,0.0,0.36,0.33,0.0,1.05,0.0,0.25,0.34,1.48,0.0
1852,378.4,0.037235,0.155126,-0.987193,-0.103442,0.201791,-0.973951,-0.034,0.18,0.0,0.0,0.34,0.04,0.0,0.0,0.0,0.0,0.36,0.27,0.0,1.03,0.0,0.31,0.14,1.41,0.0
1853,378.43,0.049609,0.168992,-0.984368,-0.094185,0.218841,-0.971204,-0.023,0.196,0.0,0.0,0.42,0.1,0.0,0.0,0.0,0.0,0.34,0.22,0.0,0.92,0.0,0.34,0.04,1.31,0.0
1854,378.47,0.043502,0.164096,-0.985485,-0.097362,0.215161,-0.971713,-0.028,0.191,0.0,0.0,0.54,0.15,0.0,0.0,0.0,0.0,0.28,0.14,0.0,0.72,0.0,0.12,0.08,1.45,0.0
1855,378.5,0.044976,0.163326,-0.985546,-0.095898,0.214693,-0.971962,-0.026,0.191,0.0,0.0,0.49,0.25,0.0,0.0,0.0,0.0,0.3,0.09,0.0,0.61,0.0,0.06,0.24,1.43,0.0
1856,378.53,0.047085,0.156748,-0.986516,-0.095928,0.200393,-0.975008,-0.025,0.18,0.0,0.0,0.51,0.21,0.0,0.0,0.0,0.0,0.33,0.1,0.0,0.58,0.0,0.04,0.36,1.33,0.0
1857,378.57,0.041796,0.145309,-0.988503,-0.095119,0.197095,-0.975759,-0.027,0.173,0.0,0.0,0.5,0.15,0.0,0.0,0.0,0.0,0.33,0.07,0.0,0.5,0.0,0.0,0.59,1.34,0.0
1858,378.6,0.047136,0.136167,-0.989564,-0.097222,0.197876,-0.975394,-0.025,0.168,0.0,0.0,0.54,0.06,0.0,0.0,0.0,0.0,0.36,0.12,0.0,0.5,0.0,0.0,0.83,1.29,0.0
1859,378.63,0.051988,0.129512,-0.990214,-0.086621,0.183329,-0.979228,-0.018,0.158,0.0,0.0,0.5,0.1,0.0,0.0,0.0,0.0,0.4,0.13,0.0,0.46,0.0,0.0,1.03,1.28,0.0
1860,378.67,0.052211,0.128243,-0.990367,-0.086706,0.182282,-0.979416,-0.018,0.156,0.0,0.0,0.42,0.06,0.0,0.0,0.0,0.0,0.44,0.16,0.0,0.48,0.0,0.0,1.11,1.22,0.0
1861,378.7,0.053254,0.127394,-0.990422,-0.086245,0.184814,-0.978982,-0.017,0.157,0.0,0.0,0.45,0.09,0.0,0.03,0.0,0.02,0.42,0.17,0.04,0.54,0.0,0.0,1.2,1.29,0.0
1862,378.73,0.052794,0.124397,-0.990827,-0.087574,0.178817,-0.979977,-0.018,0.153,0.0,0.0,0.45,0.03,0.04,0.04,0.0,0.09,0.43,0.19,0.04,0.6,0.0,0.0,1.27,1.3,0.0
1863,378.77,0.049498,0.128134,-0.990521,-0.087978,0.180928,-0.979553,-0.02,0.156,0.09,0.0,0.36,0.04,0.06,0.19,0.0,0.17,0.54,0.15,0.06,0.64,0.0,0.0,1.38,1.44,0.68
1864,378.8,0.234904,0.302306,-0.923813,-0.292643,0.339027,-0.894104,-0.032,0.339,0.21,0.0,0.21,0.01,0.06,0.21,0.0,0.21,0.64,0.06,0.02,0.67,0.0,0.0,1.42,1.6,1.31
1865,378.83,0.236237,0.299161,-0.924497,-0.297467,0.334887,-0.894072,-0.034,0.335,0.28,0.0,0.14,0.01,0.02,0.22,0.0,0.24,0.75,0.0,0.02,0.82,0.0,0.0,1.41,1.73,2.11
1866,378.87,0.220101,0.28789,-0.932027,-0.270453,0.33899,-0.901078,-0.027,0.33,0.28,0.0,0.17,0.0,0.0,0.12,0.0,0.2,0.75,0.0,0.0,0.96,0.0,0.0,1.35,1.71,2.22
1867,378.9,0.226397,0.288226,-0.930414,-0.267116,0.336041,-0.903175,-0.022,0.328,0.23,0.0,0.17,0.02,0.0,0.12,0.0,0.21,0.77,0.0,0.0,1.07,0.0,0.0,1.25,1.62,2.38
1868,378.93,0.22696,0.277752,-0.933458,-0.267285,0.336894,-0.902808,-0.022,0.323,0.18,0.0,0.24,0.02,0.08,0.3,0.0,0.25,0.73,0.0,0.0,1.13,0.0,0.0,1.26,1.56,2.25
1869,378.97,0.193463,0.261117,-0.945722,-0.317526,0.303867,-0.898244,-0.067,0.297,0.09,0.0,0.35,0.02,0.16,0.41,0.0,0.38,0.72,0.0,0.05,1.19,0.0,0.0,1.3,1.5,2.07
1870,379.0,0.191114,0.258717,-0.946859,-0.314521,0.302465,-0.899773,-0.067,0.295,0.02,0.0,0.41,0.0,0.23,0.43,0.01,0.47,0.62,0.05,0.05,1.16,0.0,0.0,1.27,1.42,1.39
1871,379.03,0.04569,0.153455,-0.987099,-0.182408,0.223815,-0.95741,-0.07,0.192,0.01,0.0,0.35,0.0,0.16,0.23,0.03,0.5,0.61,0.13,0.05,1.11,0.0,0.0,1.26,1.34,0.72
1872,379.07,0.077566,0.115846,-0.990234,-0.126722,0.138137,-0.982273,-0.025,0.128,0.0,0.0,0.3,0.0,0.09,0.07,0.06,0.51,0.59,0.23,0.0,1.04,0.0,0.0,1.2,1.3,0.11
1873,379.1,0.077703,0.110792,-0.990801,-0.127869,0.138555,-0.982065,-0.025,0.126,0.0,0.0,0.27,0.0,0.02,0.0,0.05,0.48,0.6,0.23,0.03,1.1,0.01,0.0,1.17,1.29,0.0
1874,379.13,0.017235,0.092879,-0.995528,-0.118096,0.137827,-0.983391,-0.051,0.116,0.0,0.0,0.27,0.02,0.01,0.0,0.04,0.42,0.55,0.15,0.05,1.12,0.01,0.0,1.16,1.27,0.0
1875,379.17,0.016766,0.093763,-0.995453,-0.121946,0.141998,-0.982327,-0.053,0.119,0.0,0.0,0.26,0.14,0.0,0.0,0.01,0.33,0.48,0.05,0.06,1.26,0.01,0.0,1.19,1.29,0.0
1876,379.2,0.016376,0.085068,-0.996241,-0.125005,0.118623,-0.985039,-0.055,0.102,0.0,0.0,0.27,0.25,0.0,0.0,0.0,0.29,0.47,0.01,0.06,1.33,0.0,0.0,1.23,1.27,0.0
1877,379.23,0.018434,0.092344,-0.995556,-0.123988,0.121435,-0.984825,-0.053,0.108,0.0,0.0,0.27,0.25,0.0,0.0,0.0,0.25,0.45,0.0,0.08,1.34,0.0,0.0,1.16,1.32,0.0
1878,379.27,0.023397,0.103747,-0.994328,-0.123134,0.12227,-0.984829,-0.05,0.114,0.0,0.0,0.24,0.13,0.0,0.0,0.0,0.25,0.42,0.0,0.26,1.33,0.0,0.0,1.1,1.33,0.0
1879,379.3,0.0248,0.103475,-0.994323,-0.123034,0.12529,-0.984462,-0.05,0.115,0.0,0.0,0.24,0.11,0.0,0.0,0.0,0.22,0.42,0.0,0.34,1.18,0.0,0.0,1.06,1.27,0.0
1880,379.33,0.022474,0.111242,-0.993539,-0.140271,0.128328,-0.981762,-0.06,0.121,0.0,0.0,0.19,0.17,0.0,0.0,0.0,0.27,0.47,0.0,0.29,0.98,0.0,0.0,1.16,1.17,0.0
1881,379.37,0.01514,0.118185,-0.992876,-0.131411,0.135566,-0.982015,-0.059,0.128,0.0,0.0,0.16,0.28,0.0,0.0,0.0,0.28,0.55,0.0,0.1,0.67,0.0,0.0,1.25,1.01,0.0
1882,379.4,0.012325,0.114114,-0.993391,-0.134489,0.135707,-0.981578,-0.062,0.126,0.0,0.0,0.18,0.2,0.02,0.0,0.0,0.31,0.62,0.0,0.0,0.49,0.0,0.0,1.47,1.04,0.0
1883,379.43,0.021501,0.120481,-0.992483,-0.131657,0.141672,-0.98112,-0.056,0.132,0.0,0.0,0.24,0.18,0.12,0.0,0.0,0.33,0.7,0.0,0.0,0.33,0.0,0.0,1.6,1.09,0.0
1884,379.47,0.021952,0.126237,-0.991757,-0.128843,0.147649,-0.980612,-0.054,0.138,0.0,0.0,0.26,0.1,0.19,0.0,0.0,0.37,0.8,0.0,0.0,0.22,0.0,0.0,1.73,1.17,0.0
1885,379.5,0.020083,0.128675,-0.991484,-0.129328,0.149289,-0.980299,-0.055,0.14,0.0,0.0,0.3,0.1,0.26,0.0,0.0,0.45,0.86,0.0,0.0,0.08,0.0,0.0,1.78,1.25,0.0
1886,379.53,0.014446,0.113881,-0.993389,-0.143834,0.148179,-0.978445,-0.066,0.132,0.0,0.0,0.33,0.11,0.29,0.02,0.0,0.51,0.86,0.0,0.0,0.12,0.0,0.0,1.85,1.36,0.0
1887,379.57,0.015304,0.108904,-0.993934,-0.142614,0.152687,-0.97793,-0.064,0.132,0.0,0.0,0.33,0.11,0.3,0.02,0.0,0.55,0.88,0.0,0.0,0.14,0.0,0.0,1.86,1.44,0.0
1888,379.6,0.008602,0.109209,-0.993982,-0.138334,0.149619,-0.979019,-0.066,0.13,0.0,0.0,0.27,0.17,0.29,0.03,0.0,0.56,0.92,0.09,0.0,0.34,0.0,0.0,1.81,1.45,0.0
1889,379.63,0.007892,0.113963,-0.993454,-0.125732,0.139976,-0.98214,-0.06,0.128,0.0,0.0,0.23,0.19,0.25,0.02,0.0,0.57,0.98,0.14,0.0,0.48,0.0,0.0,1.72,1.37,0.0
1890,379.67,0.00541,0.110716,-0.993837,-0.1324,0.145197,-0.980504,-0.064,0.129,0.0,0.0,0.22,0.17,0.25,0.02,0.0,0.56,1.03,0.19,0.0,0.6,0.0,0.0,1.71,1.35,0.0
1891,379.7,0.005997,0.111716,-0.993722,-0.130952,0.146247,-0.980542,-0.063,0.13,0.0,0.0,0.21,0.11,0.25,0.0,0.0,0.48,1.03,0.13,0.0,0.7,0.0,0.0,1.72,1.39,0.0
1892,379.73,0.002196,0.106154,-0.994347,-0.135795,0.141157,-0.98063,-0.068,0.125,0.0,0.0,0.19,0.01,0.27,0.0,0.0,0.49,1.11,0.17,0.0,0.67,0.0,0.0,1.76,1.44,0.0
1893,379.77,-0.010411,0.108163,-0.994079,-0.146425,0.152007,-0.977473,-0.079,0.131,0.0,0.0,0.16,0.08,0.3,0.0,0.0,0.58,1.2,0.16,0.0,0.71,0.0,0.0,1.79,1.5,0.0
1894,379.8,-0.007754,0.098678,-0.995089,-0.154156,0.135172,-0.978757,-0.082,0.118,0.0,0.0,0.12,0.08,0.38,0.0,0.0,0.73,1.29,0.18,0.0,0.71,0.0,0.0,1.76,1.46,0.0
1895,379.83,-0.023539,0.100227,-0.994686,-0.153307,0.142979,-0.97778,-0.089,0.123,0.0,0.0,0.11,0.08,0.4,0.0,0.0,0.76,1.28,0.12,0.0,0.82,0.0,0.0,1.79,1.5,0.0
1896,379.87,-0.026215,0.098224,-0.994819,-0.152321,0.139778,-0.978397,-0.09,0.12,0.0,0.0,0.13,0.0,0.39,0.0,0.0,0.78,1.24,0.13,0.0,0.9,0.0,0.0,1.8,1.49,0.0
1897,379.9,-0.023793,0.098937,-0.994809,-0.153407,0.138516,-0.978407,-0.09,0.12,0.0,0.0,0.14,0.0,0.4,0.03,0.0,0.8,1.25,0.27,0.0,0.83,0.09,0.0,1.81,1.46,0.0
1898,379.93,-0.040185,0.101983,-0.993974,-0.160668,0.14819,-0.97582,-0.102,0.126,0.0,0.0,0.13,0.0,0.43,0.03,0.0,0.82,1.24,0.33,0.0,0.77,0.09,0.0,1.75,1.47,0.0
1899,379.97,-0.040687,0.106498,-0.99348,-0.160221,0.146989,-0.976076,-0.102,0.128,0.0,0.0,0.12,0.0,0.45,0.03,0.0,0.81,1.21,0.45,0.0,0.67,0.09,0.0,1.58,1.48,0.0
1900,380.0,-0.033078,0.119164,-0.992323,-0.146391,0.156647,-0.976745,-0.091,0.139,0.0,0.0,0.14,0.0,0.42,0.0,0.0,0.77,1.14,0.47,0.0,0.67,0.03,0.0,1.45,1.6,0.0
1901,380.03,-0.031717,0.131276,-0.990838,-0.145566,0.166463,-0.975244,-0.09,0.15,0.0,0.0,0.09,0.0,0.37,0.0,0.0,0.77,1.09,0.69,0.0,0.7,0.05,0.0,1.39,1.72,0.0
1902,380.07,-0.029418,0.135374,-0.990358,-0.127642,0.176293,-0.976027,-0.08,0.157,0.0,0.0,0.11,0.0,0.36,0.0,0.0,0.74,1.07,0.83,0.0,0.8,0.12,0.0,1.4,1.84,0.0
1903,380.1,-0.029721,0.13772,-0.990025,-0.128705,0.178381,-0.975508,-0.08,0.159,0.0,0.0,0.04,0.0,0.32,0.0,0.0,0.73,1.11,0.86,0.0,0.74,0.13,0.0,1.43,1.82,0.0
1904,380.13,-0.021413,0.135924,-0.990488,-0.127379,0.183216,-0.974785,-0.076,0.161,0.0,0.0,0.17,0.0,0.33,0.0,0.0,0.66,1.12,0.78,0.0,0.56,0.19,0.0,1.23,1.65,0.0
1905,380.17,3.2e-05,0.157306,-0.98755,-0.119328,0.200146,-0.972472,-0.061,0.18,0.0,0.0,0.25,0.0,0.32,0.02,0.0,0.61,1.14,0.61,0.0,0.5,0.29,0.0,0.88,1.4,0.0
1906,380.2,0.013544,0.164029,-0.986363,-0.115036,0.207348,-0.97148,-0.052,0.187,0.0,0.0,0.37,0.0,0.34,0.13,0.0,0.49,1.04,0.66,0.0,0.69,0.46,0.0,0.51,1.2,0.0
1907,380.23,0.029908,0.185781,-0.982136,-0.102967,0.209086,-0.972461,-0.037,0.199,0.0,0.0,0.36,0.0,0.35,0.28,0.0,0.42,1.01,0.74,0.0,0.92,0.56,0.0,0.34,1.13,0.0
1908,380.27,0.032661,0.20105,-0.979036,-0.116971,0.208217,-0.971063,-0.043,0.207,0.0,0.0,0.36,0.0,0.34,0.37,0.0,0.38,0.96,0.91,0.0,0.98,0.66,0.0,0.37,1.12,0.0
1909,380.3,0.030349,0.202894,-0.97873,-0.117216,0.208092,-0.97106,-0.045,0.208,0.0,0.0,0.43,0.0,0.41,0.39,0.0,0.44,1.01,0.79,0.01,0.89,0.6,0.0,0.46,1.04,0.0
1910,380.33,0.068904,0.203835,-0.976577,-0.095156,0.219765,-0.970901,-0.013,0.214,0.0,0.0,0.4,0.0,0.49,0.34,0.03,0.49,1.07,0.65,0.01,0.88,0.6,0.0,0.62,0.99,0.0
1911,380.37,0.099295,0.208174,-0.973039,-0.093646,0.245448,-0.964876,0.003,0.23,0.0,0.0,0.43,0.0,0.64,0.3,0.03,0.55,1.22,0.47,0.01,0.91,0.41,0.0,0.88,0.81,0.0
1912,380.4,0.113849,0.205562,-0.971999,-0.07832,0.239345,-0.967771,0.018,0.225,0.0,0.0,0.38,0.0,0.78,0.35,0.08,0.64,1.51,0.4,0.05,0.9,0.26,0.0,1.24,0.74,0.0
1913,380.43,0.110547,0.204124,-0.972683,-0.057818,0.243173,-0.968258,0.027,0.226,0.0,0.0,0.48,0.0,0.9,0.35,0.12,0.77,1.74,0.23,0.06,0.79,0.08,0.0,1.49,0.6,0.0
1914,380.47,0.111626,0.204446,-0.972493,-0.056619,0.231636,-0.971153,0.028,0.221,0.0,0.0,0.55,0.0,0.97,0.4,0.18,0.86,1.91,0.11,0.07,0.64,0.01,0.0,1.64,0.56,0.0
1915,380.5,0.111854,0.203527,-0.972659,-0.057905,0.228418,-0.97184,0.028,0.219,0.0,0.0,0.58,0.0,1.05,0.39,0.21,0.92,2.01,0.13,0.02,0.62,0.05,0.0,1.69,0.39,0.0
1916,380.53,0.12335,0.2079,-0.970341,-0.04972,0.227669,-0.972468,0.038,0.221,0.0,0.0,0.54,0.0,1.21,0.5,0.22,0.93,2.15,0.13,0.01,0.61,0.05,0.0,1.89,0.37,0.0
1917,380.57,0.150765,0.19878,-0.968378,-0.037849,0.225963,-0.9734,0.058,0.215,0.0,0.0,0.46,0.0,1.41,0.67,0.24,1.1,2.29,0.2,0.0,0.7,0.05,0.0,2.05,0.5,0.0
1918,380.6,0.146815,0.191073,-0.970534,-0.013884,0.217307,-0.976005,0.068,0.207,0.0,0.0,0.43,0.0,1.52,0.64,0.24,1.19,2.3,0.23,0.0,0.76,0.0,0.0,2.24,0.85,0.0
1919,380.63,0.149811,0.185333,-0.971189,0.006237,0.215051,-0.976583,0.08,0.203,0.0,0.0,0.49,0.0,1.62,0.7,0.2,1.34,2.3,0.38,0.0,0.91,0.0,0.0,2.3,1.04,0.0
1920,380.67,0.165086,0.190753,-0.967657,-0.011271,0.223505,-0.974638,0.079,0.21,0.0,0.0,0.56,0.0,1.66,0.74,0.2,1.35,2.31,0.43,0.0,0.92,0.0,0.0,2.42,1.05,0.0
1921,380.7,0.166741,0.189643,-0.967591,-0.010591,0.223476,-0.974652,0.08,0.21,0.0,0.0,0.63,0.0,1.73,1.02,0.12,1.43,2.32,0.37,0.08,1.0,0.0,0.0,2.48,1.11,0.41
1922,380.73,0.329023,0.234015,-0.914867,-0.166932,0.334521,-0.927485,0.088,0.299,0.0,0.0,0.55,0.0,1.76,1.09,0.08,1.52,2.35,0.38,0.18,1.06,0.0,0.0,2.45,1.31,1.04
1923,380.77,0.368302,0.226943,-0.901582,-0.169911,0.348828,-0.921656,0.108,0.306,0.0,0.0,0.52,0.0,1.79,1.08,0.0,1.62,2.41,0.47,0.18,1.28,0.0,0.0,2.41,1.59,1.83
1924,380.8,0.403002,0.22648,-0.886734,-0.172697,0.391358,-0.903889,0.128,0.332,0.0,0.0,0.47,0.0,1.82,0.98,0.0,1.68,2.49,0.59,0.23,1.41,0.0,0.0,2.39,1.67,2.12
1925,380.83,0.403641,0.237134,-0.883652,-0.174543,0.395241,-0.901842,0.128,0.34,0.02,0.0,0.51,0.0,1.81,0.94,0.0,1.69,2.58,0.58,0.27,1.46,0.02,0.0,2.44,1.59,2.23
1926,380.87,0.384921,0.240944,-0.890944,-0.15523,0.366506,-0.917375,0.126,0.324,0.04,0.0,0.5,0.0,1.8,0.91,0.0,1.69,2.6,0.48,0.44,1.41,0.02,0.0,2.48,1.5,2.21
1927,380.9,0.390739,0.239106,-0.888905,-0.161738,0.375924,-0.912426,0.126,0.329,0.04,0.0,0.51,0.0,1.78,0.97,0.0,1.69,2.59,0.56,0.47,1.43,0.04,0.0,2.54,1.49,2.23
1928,380.93,0.367718,0.208285,-0.906312,-0.104356,0.348195,-0.931596,0.142,0.294,0.02,0.0,0.43,0.0,1.84,1.03,0.0,1.74,2.56,0.64,0.57,1.54,0.05,0.0,2.54,1.44,1.83
1929,380.97,0.327193,0.198365,-0.923903,0.006422,0.317634,-0.948192,0.176,0.269,0.0,0.0,0.34,0.0,1.87,1.23,0.0,1.85,2.57,0.7,0.54,1.57,0.05,0.0,2.56,1.27,1.33
1930,381.0,0.307276,0.190734,-0.93231,-0.012754,0.312264,-0.94991,0.155,0.261,0.0,0.0,0.29,0.0,1.87,1.32,0.0,1.91,2.59,0.67,0.51,1.68,0.02,0.0,2.55,1.11,0.96
1931,381.03,0.29856,0.201962,-0.932777,0.004777,0.356394,-0.934323,0.161,0.291,0.0,0.0,0.3,0.0,1.82,1.41,0.0,1.86,2.61,0.64,0.48,1.67,0.05,0.0,2.66,0.99,0.96
1932,381.07,0.286221,0.198877,-0.937297,-0.000519,0.323769,-0.946136,0.151,0.271,0.0,0.0,0.3,0.0,1.83,1.36,0.0,1.76,2.6,0.69,0.56,1.72,0.05,0.0,2.78,1.03,1.02
1933,381.1,0.29139,0.195994,-0.936311,-0.001619,0.324716,-0.94581,0.153,0.27,0.07,0.0,0.27,0.0,1.68,1.19,0.0,1.74,2.48,0.74,0.51,1.66,0.16,0.0,2.55,1.27,1.35
1934,381.13,0.41963,0.20383,-0.884514,-0.119847,0.382795,-0.916027,0.165,0.315,0.22,0.0,0.25,0.0,1.43,1.06,0.03,1.65,2.11,0.78,0.45,1.71,0.24,0.0,2.1,1.72,1.91
1935,381.17,0.379469,0.259587,-0.888042,-0.106244,0.354889,-0.928852,0.149,0.326,0.42,0.0,0.24,0.0,1.1,1.02,0.03,1.44,1.6,0.75,0.6,1.87,0.61,0.0,1.49,2.23,2.3
1936,381.2,0.39121,0.200532,-0.898188,-0.149866,0.349457,-0.924889,0.132,0.293,0.45,0.0,0.25,0.0,0.9,1.2,0.03,1.14,1.07,0.51,0.74,1.88,0.87,0.13,0.93,2.29,1.64
1937,381.23,0.24072,0.174585,-0.954764,-0.083394,0.312353,-0.946299,0.083,0.251,0.39,0.0,0.28,0.0,0.78,1.3,0.0,0.97,0.8,0.32,0.81,1.78,1.11,0.29,0.47,2.25,0.72
1938,381.27,0.237925,0.170963,-0.956119,-0.083174,0.30253,-0.949504,0.081,0.244,0.29,0.0,0.32,0.0,0.73,1.37,0.0,0.92,0.65,0.14,0.62,1.6,1.1,0.47,0.18,2.04,0.0
1939,381.3,0.235311,0.17087,-0.956782,-0.08488,0.297169,-0.951045,0.079,0.241,0.19,0.0,0.27,0.0,0.63,1.19,0.0,0.93,0.6,0.08,0.54,1.53,0.95,0.42,0.37,1.99,0.0
1940,381.33,0.313464,0.104401,-0.943844,0.060496,0.167476,-0.984018,0.192,0.14,0.1,0.0,0.24,0.0,0.54,0.88,0.0,0.88,0.53,0.03,0.51,1.39,0.92,0.31,0.73,1.88,0.0
1941,381.37,0.312756,0.094835,-0.945087,0.082668,0.155795,-0.984324,0.202,0.129,0.0,0.0,0.13,0.03,0.45,0.65,0.0,0.9,0.52,0.07,0.5,1.43,0.77,0.23,0.91,1.77,0.0
1942,381.4,0.301932,0.073794,-0.950469,0.082828,0.146374,-0.985756,0.196,0.113,0.0,0.0,0.08,0.1,0.42,0.41,0.0,0.93,0.56,0.04,0.53,1.45,0.74,0.21,0.93,1.79,0.0
1943,381.43,0.315606,0.077269,-0.945739,0.076665,0.136766,-0.987632,0.2,0.11,0.0,0.0,0.04,0.16,0.42,0.35,0.0,1.02,0.62,0.04,0.48,1.67,0.57,0.26,0.75,1.76,0.0
1944,381.47,0.312113,0.086565,-0.946093,0.080554,0.149235,-0.985515,0.201,0.121,0.0,0.0,0.04,0.16,0.4,0.15,0.0,1.02,0.63,0.0,0.46,1.66,0.61,0.26,0.72,1.71,0.0
1945,381.5,0.309189,0.088008,-0.94692,0.079761,0.146695,-0.985961,0.199,0.121,0.0,0.0,0.04,0.1,0.47,0.21,0.0,1.07,0.73,0.07,0.3,1.5,0.51,0.2,0.83,1.55,0.0
1946,381.53,0.358538,0.122349,-0.925463,0.034671,0.195987,-0.979993,0.204,0.166,0.0,0.0,0.02,0.07,0.58,0.29,0.0,1.09,0.86,0.17,0.16,1.37,0.5,0.1,1.18,1.45,0.0
1947,381.57,0.347496,0.137228,-0.927585,-0.019885,0.227,-0.973692,0.171,0.189,0.0,0.0,0.06,0.03,0.68,0.25,0.0,1.18,1.0,0.22,0.04,1.22,0.42,0.0,1.57,1.44,0.0
1948,381.6,0.349897,0.140689,-0.926163,-0.040314,0.252586,-0.966734,0.162,0.205,0.0,0.0,0.12,0.02,0.79,0.2,0.0,1.29,1.02,0.33,0.03,1.28,0.54,0.0,1.84,1.54,0.0
1949,381.63,0.331245,0.156815,-0.930422,-0.030887,0.25275,-0.967038,0.157,0.213,0.0,0.0,0.17,0.0,0.85,0.21,0.0,1.44,1.03,0.32,0.03,1.27,0.52,0.0,1.94,1.58,0.0
1950,381.67,0.330566,0.159613,-0.930188,-0.039198,0.274289,-0.960848,0.153,0.226,0.0,0.0,0.18,0.0,0.93,0.34,0.0,1.56,1.01,0.36,0.0,1.3,0.56,0.0,1.98,1.54,0.0
1951,381.7,0.331513,0.158531,-0.930036,-0.044188,0.275352,-0.960327,0.151,0.226,0.0,0.0,0.17,0.02,0.95,0.35,0.0,1.58,1.03,0.34,0.0,1.34,0.57,0.0,1.95,1.5,0.0
1952,381.73,0.326951,0.154811,-0.932275,-0.047134,0.292129,-0.955217,0.147,0.233,0.0,0.0,0.21,0.02,0.93,0.43,0.0,1.53,1.01,0.28,0.04,1.27,0.55,0.0,1.93,1.48,0.0
1953,381.77,0.331284,0.154245,-0.930838,-0.019545,0.266558,-0.963621,0.163,0.219,0.0,0.0,0.3,0.04,0.83,0.46,0.0,1.38,0.91,0.42,0.04,1.41,0.51,0.01,1.78,1.72,0.0
1954,381.8,0.341131,0.154195,-0.927283,-0.001083,0.233341,-0.972394,0.177,0.201,0.0,0.0,0.32,0.04,0.66,0.52,0.0,1.19,0.75,0.5,0.12,1.78,0.59,0.19,1.19,1.82,0.0
1955,381.83,0.338439,0.146898,-0.929452,0.050183,0.175072,-0.983276,0.2,0.167,0.01,0.0,0.38,0.12,0.47,0.55,0.0,0.84,0.46,0.63,0.09,2.24,0.67,0.48,0.64,1.84,0.0
1956,381.87,0.293091,0.197141,-0.935539,0.020292,0.225591,-0.974011,0.163,0.218,0.04,0.0,0.43,0.15,0.35,0.71,0.0,0.55,0.27,0.56,0.13,2.51,0.69,0.73,0.21,1.69,0.0
1957,381.9,0.294305,0.197274,-0.93513,0.017592,0.224605,-0.974291,0.162,0.217,0.06,0.0,0.52,0.16,0.3,0.93,0.0,0.34,0.12,0.49,0.08,2.48,0.6,0.81,0.2,1.6,0.0
1958,381.93,0.29556,0.197573,-0.934671,0.021241,0.225694,-0.973967,0.164,0.218,0.05,0.0,0.57,0.08,0.33,0.86,0.0,0.38,0.16,0.47,0.07,2.23,0.63,0.59,0.23,1.48,0.0
1959,381.97,0.256879,0.190886,-0.947405,0.011465,0.239486,-0.970832,0.139,0.221,0.02,0.0,0.61,0.04,0.36,0.73,0.0,0.41,0.2,0.52,0.03,2.02,0.61,0.39,0.32,1.33,0.0
1960,382.0,0.258717,0.194258,-0.946218,0.018126,0.232757,-0.972366,0.143,0.219,0.01,0.0,0.61,0.0,0.39,0.62,0.0,0.42,0.29,0.5,0.0,1.87,0.6,0.23,0.41,1.26,0.0
1961,382.03,0.260851,0.185966,-0.947298,0.01435,0.228423,-0.973456,0.142,0.212,0.01,0.0,0.5,0.0,0.43,0.74,0.0,0.34,0.36,0.54,0.0,1.97,0.58,0.25,0.46,1.32,0.0
1962,382.07,0.260365,0.184613,-0.947696,0.014978,0.222994,-0.974705,0.142,0.209,0.0,0.0,0.4,0.0,0.44,0.81,0.0,0.3,0.42,0.45,0.0,2.04,0.62,0.27,0.44,1.35,0.0
1963,382.1,0.259594,0.183805,-0.948065,0.018853,0.219398,-0.975453,0.144,0.207,0.0,0.0,0.41,0.0,0.45,0.77,0.0,0.28,0.41,0.48,0.0,2.11,0.61,0.21,0.4,1.37,0.0
1964,382.13,0.256731,0.186361,-0.948345,0.007812,0.247149,-0.968946,0.137,0.222,0.0,0.0,0.39,0.0,0.46,0.8,0.0,0.29,0.38,0.52,0.0,2.1,0.6,0.16,0.45,1.32,0.0
1965,382.17,0.255804,0.184591,-0.948942,0.002002,0.243448,-0.969912,0.134,0.219,0.0,0.0,0.31,0.0,0.48,0.91,0.0,0.32,0.36,0.53,0.0,2.05,0.57,0.13,0.67,1.29,0.0
1966,382.2,0.255401,0.174101,-0.951031,-0.036836,0.288903,-0.95665,0.114,0.238,0.0,0.0,0.18,0.0,0.45,1.07,0.0,0.34,0.35,0.57,0.0,2.05,0.49,0.1,0.92,1.29,0.0
1967,382.23,0.252234,0.170591,-0.952511,-0.029529,0.278568,-0.959962,0.116,0.231,0.0,0.0,0.16,0.0,0.41,1.07,0.0,0.4,0.37,0.57,0.0,2.03,0.45,0.11,1.0,1.38,0.0
1968,382.27,0.259724,0.18172,-0.948431,-0.055544,0.282239,-0.957735,0.107,0.239,0.0,0.0,0.18,0.0,0.37,1.02,0.0,0.41,0.38,0.61,0.0,1.99,0.44,0.09,0.95,1.36,0.0
1969,382.3,0.259458,0.179691,-0.94889,-0.053772,0.277932,-0.959095,0.107,0.235,0.0,0.0,0.23,0.0,0.37,0.9,0.0,0.44,0.4,0.66,0.0,1.9,0.44,0.07,0.97,1.38,0.0
1970,382.33,0.258307,0.180469,-0.949057,-0.051678,0.283121,-0.957691,0.108,0.239,0.0,0.0,0.23,0.0,0.37,0.75,0.0,0.44,0.42,0.7,0.0,1.89,0.34,0.04,0.96,1.36,0.0
1971,382.37,0.24469,0.188126,-0.951176,-0.05714,0.294236,-0.954023,0.098,0.248,0.0,0.0,0.21,0.0,0.4,0.94,0.0,0.46,0.48,0.77,0.0,1.79,0.24,0.03,0.96,1.42,0.0
1972,382.4,0.24818,0.188058,-0.950285,-0.013885,0.219273,-0.975565,0.121,0.208,0.0,0.0,0.18,0.0,0.42,0.99,0.0,0.41,0.56,0.82,0.0,1.67,0.19,0.03,0.8,1.35,0.0
1973,382.43,0.238701,0.194737,-0.951367,-0.014096,0.207349,-0.978166,0.116,0.205,0.0,0.0,0.13,0.01,0.43,1.05,0.0,0.34,0.58,0.79,0.0,1.52,0.17,0.03,0.75,1.35,0.0
1974,382.47,0.239832,0.178769,-0.954213,0.009074,0.198241,-0.980111,0.128,0.192,0.0,0.0,0.09,0.05,0.4,0.8,0.0,0.28,0.6,0.84,0.0,1.51,0.18,0.02,0.72,1.37,0.0
1975,382.5,0.241542,0.169234,-0.955519,0.031005,0.199746,-0.979357,0.14,0.188,0.0,0.0,0.06,0.05,0.39,0.8,0.0,0.27,0.6,0.78,0.0,1.46,0.21,0.0,0.82,1.46,0.0
1976,382.53,0.235524,0.16663,-0.957477,0.032742,0.197143,-0.979828,0.138,0.186,0.0,0.0,0.09,0.03,0.39,0.86,0.0,0.24,0.65,0.75,0.0,1.44,0.27,0.0,0.86,1.49,0.0
1977,382.57,0.234313,0.169449,-0.95728,0.025883,0.197032,-0.980055,0.134,0.187,0.0,0.0,0.13,0.0,0.38,1.07,0.0,0.19,0.65,0.65,0.0,1.49,0.26,0.0,0.82,1.46,0.0
1978,382.6,0.235302,0.167092,-0.957451,0.018224,0.19906,-0.979818,0.13,0.187,0.0,0.0,0.15,0.0,0.36,1.02,0.0,0.22,0.69,0.58,0.0,1.48,0.25,0.0,0.72,1.43,0.0
1979,382.63,0.234336,0.173801,-0.956494,0.01543,0.21162,-0.97723,0.128,0.197,0.0,0.0,0.17,0.02,0.36,1.07,0.0,0.28,0.68,0.58,0.0,1.52,0.19,0.0,0.69,1.36,0.0
1980,382.67,0.226577,0.166522,-0.959653,0.02147,0.206223,-0.978269,0.127,0.19,0.0,0.0,0.18,0.06,0.38,1.01,0.0,0.34,0.71,0.59,0.0,1.48,0.23,0.0,0.77,1.35,0.0
1981,382.7,0.226745,0.163878,-0.960068,0.022982,0.202162,-0.979082,0.128,0.187,0.0,0.0,0.24,0.06,0.45,1.1,0.0,0.38,0.7,0.64,0.0,1.45,0.21,0.0,0.91,1.23,0.0
1982,382.73,0.225133,0.163873,-0.960448,0.023553,0.198983,-0.97972,0.127,0.185,0.0,0.0,0.25,0.04,0.47,1.08,0.0,0.43,0.71,0.64,0.0,1.36,0.19,0.0,0.99,1.14,0.0
1983,382.77,0.230829,0.164966,-0.958908,0.019983,0.202779,-0.979021,0.129,0.188,0.0,0.0,0.23,0.0,0.48,1.06,0.0,0.49,0.71,0.64,0.0,1.31,0.12,0.0,1.09,1.06,0.0
1984,382.8,0.235331,0.155443,-0.959404,0.017658,0.203043,-0.979011,0.13,0.183,0.0,0.0,0.16,0.11,0.46,0.98,0.0,0.56,0.75,0.6,0.0,1.32,0.09,0.0,1.09,1.09,0.0
1985,382.83,0.221291,0.148575,-0.963824,0.020288,0.186502,-0.982245,0.124,0.171,0.0,0.0,0.15,0.18,0.49,0.92,0.0,0.58,0.79,0.44,0.0,1.31,0.05,0.0,1.21,1.12,0.0
1986,382.87,0.226865,0.144412,-0.96316,0.015771,0.18337,-0.982918,0.124,0.167,0.0,0.0,0.14,0.2,0.51,0.82,0.0,0.65,0.83,0.29,0.0,1.28,0.03,0.0,1.31,1.12,0.0
1987,382.9,0.22838,0.144137,-0.962843,0.014251,0.184091,-0.982806,0.124,0.167,0.0,0.0,0.18,0.15,0.52,0.83,0.0,0.66,0.81,0.24,0.0,1.38,0.06,0.0,1.39,1.19,0.0
1988,382.93,0.222107,0.145015,-0.964178,0.013384,0.177913,-0.983955,0.12,0.164,0.0,0.0,0.19,0.16,0.48,0.78,0.0,0.75,0.83,0.27,0.0,1.43,0.07,0.0,1.42,1.28,0.0
1989,382.97,0.218632,0.143817,-0.965151,0.01756,0.182926,-0.98297,0.121,0.166,0.0,0.0,0.21,0.14,0.45,0.74,0.0,0.79,0.85,0.2,0.0,1.56,0.06,0.0,1.41,1.34,0.0
1990,383.0,0.215537,0.146145,-0.965497,0.021466,0.16645,-0.985816,0.121,0.159,0.0,0.0,0.22,0.09,0.43,0.77,0.0,0.88,0.9,0.08,0.0,1.51,0.04,0.0,1.47,1.36,0.0
1991,383.03,0.209559,0.141577,-0.967492,0.024314,0.167442,-0.985582,0.119,0.157,0.0,0.0,0.25,0.0,0.44,0.95,0.0,0.93,0.91,0.05,0.0,1.56,0.16,0.0,1.46,1.31,0.0
1992,383.07,0.214492,0.143234,-0.966166,0.021579,0.16379,-0.986259,0.12,0.156,0.0,0.0,0.23,0.0,0.45,1.02,0.0,0.99,0.92,0.12,0.0,1.55,0.23,0.0,1.49,1.3,0.0
1993,383.1,0.214516,0.14366,-0.966098,0.021956,0.165034,-0.986043,0.121,0.157,0.0,0.0,0.29,0.0,0.5,1.07,0.0,0.94,0.92,0.14,0.0,1.47,0.32,0.0,1.52,1.2,0.0
1994,383.13,0.210896,0.144377,-0.966788,0.025411,0.16188,-0.986483,0.12,0.156,0.0,0.0,0.29,0.0,0.51,1.02,0.0,0.93,0.92,0.15,0.0,1.44,0.27,0.0,1.53,1.22,0.0
1995,383.17,0.220712,0.14311,-0.964783,0.024063,0.171396,-0.984908,0.125,0.16,0.0,0.0,0.33,0.0,0.48,0.92,0.0,0.84,0.89,0.19,0.04,1.37,0.31,0.0,1.56,1.17,0.0
1996,383.2,0.219709,0.138871,-0.965631,0.029377,0.173051,-0.984475,0.127,0.159,0.0,0.0,0.29,0.0,0.47,0.8,0.0,0.84,0.9,0.29,0.04,1.41,0.26,0.0,1.5,1.2,0.0
1997,383.23,0.226468,0.139615,-0.963961,0.022282,0.174055,-0.984484,0.127,0.16,0.0,0.0,0.3,0.0,0.41,0.57,0.0,0.78,0.9,0.37,0.04,1.43,0.22,0.0,1.51,1.22,0.0
1998,383.27,0.23134,0.143323,-0.962258,0.027413,0.17497,-0.984192,0.132,0.162,0.0,0.0,0.28,0.0,0.4,0.53,0.0,0.77,0.94,0.3,0.0,1.46,0.17,0.0,1.49,1.28,0.0
1999,383.3,0.231526,0.145024,-0.961958,0.029816,0.174531,-0.9842,0.133,0.163,0.0,0.0,0.27,0.0,0.37,0.48,0.0,0.75,0.91,0.21,0.0,1.4,0.18,0.0,1.6,1.3,0.0
2000,383.33,0.217226,0.149377,-0.964624,0.043846,0.172853,-0.983971,0.133,0.164,0.0,0.0,0.28,0.03,0.4,0.58,0.0,0.73,0.88,0.11,0.0,1.36,0.23,0.0,1.65,1.28,0.0
2001,383.37,0.219756,0.15064,-0.963854,0.043519,0.176492,-0.98334,0.134,0.166,0.0,0.0,0.29,0.03,0.45,0.62,0.0,0.75,0.87,0.1,0.0,1.36,0.23,0.0,1.62,1.24,0.0
2002,383.4,0.260273,0.142718,-0.954929,0.048234,0.179718,-0.982535,0.158,0.165,0.0,0.0,0.4,0.03,0.5,0.76,0.0,0.83,0.89,0.08,0.0,1.48,0.23,0.0,1.5,1.22,0.0
2003,383.43,0.256519,0.146297,-0.955403,-0.007216,0.240331,-0.970664,0.129,0.198,0.0,0.0,0.42,0.03,0.53,0.78,0.0,0.82,0.93,0.09,0.0,1.52,0.27,0.0,1.42,1.14,0.0
2004,383.47,0.268118,0.153772,-0.951035,-0.002718,0.190449,-0.981693,0.136,0.176,0.0,0.0,0.46,0.04,0.53,0.92,0.0,0.86,0.91,0.11,0.0,1.51,0.32,0.0,1.46,1.07,0.0
2005,383.5,0.268952,0.154314,-0.950711,-0.010523,0.208133,-0.978044,0.133,0.186,0.0,0.0,0.4,0.04,0.52,0.98,0.0,0.8,0.91,0.14,0.0,1.46,0.29,0.0,1.55,1.05,0.0
2006,383.53,0.272243,0.15055,-0.950378,-0.0038,0.188845,-0.982,0.138,0.174,0.0,0.0,0.37,0.01,0.51,0.98,0.0,0.8,0.89,0.21,0.0,1.35,0.27,0.03,1.49,1.06,0.0
2007,383.57,0.265561,0.160342,-0.950667,0.021832,0.148219,-0.988714,0.147,0.158,0.0,0.0,0.29,0.0,0.5,0.89,0.0,0.76,0.9,0.23,0.0,1.31,0.27,0.05,1.43,1.07,0.0
2008,383.6,0.266957,0.162358,-0.949934,0.020932,0.15231,-0.988111,0.147,0.161,0.0,0.0,0.31,0.0,0.48,0.79,0.0,0.69,0.9,0.44,0.0,1.32,0.21,0.05,0.95,1.01,0.0
2009,383.63,0.196142,0.172314,-0.965317,0.018775,0.200728,-0.979467,0.11,0.19,0.0,0.0,0.34,0.0,0.52,0.89,0.0,0.61,0.97,0.64,0.0,1.46,0.19,0.13,0.52,0.84,0.0
2010,383.67,0.171361,0.189513,-0.966809,-0.002514,0.224605,-0.974447,0.087,0.21,0.0,0.0,0.43,0.0,0.54,0.97,0.0,0.49,1.03,0.83,0.09,1.59,0.18,0.22,0.07,0.69,0.0
2011,383.7,0.173675,0.190782,-0.966147,-0.003122,0.226132,-0.974092,0.088,0.212,0.0,0.0,0.4,0.0,0.55,1.0,0.0,0.38,1.02,0.89,0.09,1.56,0.33,0.36,0.0,0.65,0.0
2012,383.73,0.17063,0.200712,-0.964676,0.004938,0.228248,-0.973591,0.09,0.218,0.0,0.0,0.39,0.0,0.53,1.03,0.0,0.3,0.94,0.93,0.09,1.43,0.41,0.31,0.0,0.76,0.0
2013,383.77,0.165529,0.19679,-0.966371,0.009066,0.226986,-0.973856,0.09,0.215,0.0,0.0,0.36,0.0,0.49,1.08,0.0,0.27,0.86,0.99,0.0,1.33,0.48,0.3,0.0,0.84,0.0
2014,383.8,0.165511,0.19421,-0.966896,0.005214,0.227341,-0.973801,0.088,0.214,0.0,0.0,0.26,0.0,0.46,1.18,0.0,0.28,0.83,1.04,0.0,1.25,0.41,0.18,0.15,1.08,0.0
2015,383.83,0.136234,0.177181,-0.974704,-0.001681,0.205586,-0.978638,0.069,0.194,0.0,0.0,0.16,0.0,0.44,0.97,0.0,0.25,0.8,1.04,0.0,1.21,0.4,0.15,0.35,1.3,0.0
2016,383.87,0.108246,0.153724,-0.982167,-0.018389,0.200779,-0.979464,0.046,0.179,0.0,0.0,0.05,0.0,0.44,0.84,0.0,0.21,0.78,1.06,0.0,1.18,0.38,0.08,0.56,1.49,0.0
2017,383.9,0.108164,0.152443,-0.982376,-0.021751,0.198812,-0.979796,0.044,0.177,0.0,0.0,0.03,0.0,0.43,0.67,0.0,0.2,0.76,0.97,0.0,1.32,0.46,0.14,0.7,1.46,0.0
2018,383.93,0.099736,0.153217,-0.983147,-0.024209,0.185249,-0.982393,0.038,0.171,0.0,0.0,0.01,0.0,0.38,0.59,0.0,0.22,0.73,0.95,0.0,1.45,0.47,0.2,0.7,1.52,0.0
2019,383.97,0.090499,0.142781,-0.985608,-0.044106,0.190504,-0.980695,0.024,0.168,0.0,0.0,0.0,0.0,0.32,0.45,0.0,0.28,0.73,0.9,0.0,1.5,0.48,0.26,0.65,1.61,0.0
2020,384.0,0.089191,0.146475,-0.985185,-0.042833,0.190588,-0.980735,0.024,0.17,0.0,0.0,0.04,0.0,0.27,0.34,0.0,0.18,0.69,0.88,0.0,1.45,0.73,0.38,0.4,1.61,0.0
2021,384.03,0.078746,0.16408,-0.983299,-0.048464,0.205429,-0.977471,0.015,0.186,0.0,0.0,0.12,0.0,0.21,0.32,0.0,0.14,0.69,0.8,0.0,1.36,0.85,0.5,0.32,1.43,0.0
2022,384.07,0.076979,0.176856,-0.981222,-0.047293,0.198685,-0.978922,0.015,0.189,0.0,0.0,0.16,0.0,0.17,0.34,0.0,0.03,0.67,0.78,0.0,1.37,1.02,0.61,0.25,1.32,0.0
2023,384.1,0.078479,0.178637,-0.98078,-0.046232,0.201198,-0.978459,0.016,0.191,0.0,0.0,0.17,0.0,0.13,0.27,0.0,0.03,0.68,0.77,0.0,1.32,0.82,0.54,0.32,1.37,0.0
2024,384.13,0.079387,0.170695,-0.982121,-0.048193,0.197387,-0.97914,0.016,0.186,0.0,0.0,0.14,0.0,0.19,0.31,0.0,0.05,0.74,0.61,0.0,1.12,0.69,0.43,0.59,1.32,0.0
2025,384.17,0.076683,0.170892,-0.982301,-0.050592,0.200553,-0.978376,0.013,0.187,0.0,0.0,0.11,0.0,0.28,0.32,0.0,0.08,0.8,0.5,0.0,0.92,0.52,0.24,0.92,1.31,0.0
2026,384.2,0.080725,0.166177,-0.982786,-0.060573,0.204233,-0.977046,0.01,0.187,0.0,0.0,0.17,0.0,0.36,0.38,0.0,0.12,0.87,0.42,0.0,0.69,0.43,0.12,1.28,1.28,0.0
2027,384.23,0.096026,0.164386,-0.981711,-0.066451,0.2091,-0.975634,0.015,0.189,0.0,0.0,0.15,0.0,0.37,0.31,0.0,0.17,0.86,0.55,0.01,0.95,0.35,0.09,1.06,1.54,0.0
2028,384.27,0.091182,0.157308,-0.983331,-0.060753,0.199217,-0.97807,0.016,0.18,0.0,0.0,0.21,0.0,0.36,0.17,0.0,0.2,0.85,0.63,0.01,1.09,0.35,0.1,0.79,1.74,0.0
2029,384.3,0.088878,0.157184,-0.983562,-0.060791,0.198677,-0.978178,0.014,0.179,0.0,0.0,0.13,0.0,0.33,0.11,0.0,0.25,0.83,0.72,0.01,1.33,0.34,0.16,0.36,1.82,0.0
2030,384.33,0.084269,0.158229,-0.9838,-0.060953,0.191691,-0.979561,0.012,0.176,0.0,0.0,0.11,0.0,0.31,0.06,0.0,0.23,0.77,0.74,0.0,1.44,0.38,0.19,0.21,1.82,0.0
2031,384.37,0.087803,0.149137,-0.98491,-0.059834,0.192189,-0.979532,0.014,0.172,0.0,0.0,0.05,0.0,0.32,0.08,0.0,0.25,0.71,0.73,0.0,1.55,0.38,0.22,0.07,1.77,0.0
2032,384.4,0.085519,0.146586,-0.985494,-0.061875,0.191739,-0.979494,0.012,0.171,0.0,0.0,0.11,0.0,0.32,0.17,0.0,0.25,0.65,0.74,0.16,1.67,0.47,0.37,0.0,1.67,0.0
2033,384.43,0.089118,0.140914,-0.986003,-0.05123,0.179199,-0.982478,0.019,0.161,0.0,0.0,0.19,0.0,0.34,0.39,0.0,0.28,0.62,0.69,0.3,1.62,0.46,0.49,0.0,1.52,0.0
2034,384.47,0.084143,0.13896,-0.986717,-0.050609,0.180166,-0.982333,0.017,0.161,0.0,0.0,0.28,0.0,0.3,0.58,0.0,0.27,0.59,0.77,0.35,1.77,0.51,0.6,0.0,1.39,0.0
2035,384.5,0.083648,0.13758,-0.986952,-0.049082,0.179104,-0.982605,0.018,0.159,0.0,0.0,0.25,0.0,0.3,0.67,0.0,0.28,0.55,0.82,0.18,1.89,0.46,0.47,0.1,1.39,0.0
2036,384.53,0.097356,0.154462,-0.98319,-0.053498,0.188399,-0.980634,0.022,0.173,0.0,0.0,0.18,0.0,0.3,0.6,0.0,0.32,0.58,0.86,0.05,1.91,0.47,0.35,0.22,1.4,0.0
2037,384.57,0.0959,0.149258,-0.984137,-0.052328,0.192367,-0.979927,0.022,0.172,0.0,0.0,0.08,0.0,0.32,0.68,0.0,0.39,0.64,0.78,0.0,1.78,0.46,0.26,0.35,1.45,0.0
2038,384.6,0.091594,0.14559,-0.985096,-0.056171,0.190838,-0.980013,0.018,0.17,0.0,0.0,0.11,0.0,0.3,0.62,0.0,0.35,0.7,0.8,0.0,1.62,0.51,0.23,0.41,1.52,0.0
2039,384.63,0.092175,0.147018,-0.98483,-0.059374,0.199755,-0.978045,0.017,0.175,0.0,0.0,0.12,0.0,0.34,0.7,0.0,0.26,0.72,0.87,0.0,1.61,0.49,0.19,0.56,1.46,0.0
2040,384.67,0.099366,0.149874,-0.983699,-0.056186,0.193247,-0.97954,0.022,0.173,0.0,0.0,0.19,0.0,0.35,0.62,0.0,0.18,0.74,0.89,0.0,1.55,0.43,0.14,0.71,1.4,0.0
2041,384.7,0.096938,0.149186,-0.984046,-0.055653,0.195863,-0.979051,0.021,0.174,0.0,0.0,0.1,0.0,0.47,0.74,0.0,0.21,0.84,0.76,0.0,1.49,0.28,0.12,0.91,1.3,0.0
2042,384.73,0.0948,0.151523,-0.983897,-0.066315,0.201421,-0.977257,0.015,0.178,0.0,0.0,0.07,0.0,0.53,0.83,0.0,0.2,0.9,0.54,0.0,1.31,0.22,0.08,0.97,1.3,0.0
2043,384.77,0.091764,0.15575,-0.983525,-0.072864,0.213598,-0.974201,0.01,0.186,0.0,0.0,0.0,0.0,0.57,0.9,0.0,0.26,0.94,0.45,0.0,1.16,0.16,0.03,1.01,1.26,0.0
2044,384.8,0.093871,0.149554,-0.984287,-0.073452,0.209338,-0.975081,0.01,0.181,0.0,0.0,0.0,0.0,0.55,0.86,0.0,0.27,0.94,0.41,0.0,1.05,0.13,0.02,0.97,1.25,0.0
2045,384.83,0.091174,0.161406,-0.982667,-0.06561,0.218089,-0.973721,0.013,0.192,0.0,0.0,0.0,0.0,0.52,0.67,0.0,0.3,1.0,0.55,0.0,1.07,0.15,0.05,0.95,1.32,0.0
2046,384.87,0.098552,0.156445,-0.982758,-0.070064,0.216255,-0.97382,0.015,0.188,0.0,0.0,0.0,0.0,0.55,0.53,0.0,0.25,1.07,0.62,0.0,1.13,0.16,0.09,0.93,1.37,0.0
2047,384.9,0.097456,0.15837,-0.982558,-0.069277,0.217691,-0.973556,0.014,0.19,0.0,0.0,0.0,0.0,0.56,0.38,0.0,0.22,1.13,0.69,0.0,1.17,0.23,0.07,0.93,1.45,0.0
2048,384.93,0.095387,0.158933,-0.982671,-0.066183,0.216448,-0.974048,0.015,0.19,0.0,0.0,0.01,0.0,0.58,0.3,0.0,0.21,1.18,0.73,0.0,1.05,0.25,0.04,1.01,1.35,0.0
2049,384.97,0.098676,0.151479,-0.983523,-0.069782,0.199378,-0.977435,0.015,0.177,0.0,0.0,0.01,0.0,0.6,0.24,0.0,0.19,1.21,0.75,0.0,0.95,0.23,0.0,1.12,1.32,0.0
2050,385.0,0.098728,0.147799,-0.984077,-0.069384,0.199108,-0.977518,0.015,0.175,0.0,0.0,0.02,0.0,0.64,0.31,0.0,0.29,1.24,0.7,0.0,0.74,0.25,0.0,1.24,1.18,0.0
2051,385.03,0.10154,0.157266,-0.982322,-0.07477,0.20067,-0.976801,0.014,0.181,0.0,0.0,0.02,0.0,0.67,0.44,0.0,0.38,1.26,0.64,0.0,0.68,0.22,0.0,1.3,1.2,0.0
2052,385.07,0.100993,0.158049,-0.982253,-0.069515,0.197748,-0.977785,0.016,0.18,0.0,0.0,0.02,0.0,0.69,0.54,0.0,0.48,1.3,0.59,0.0,0.59,0.24,0.0,1.35,1.15,0.0
2053,385.1,0.101071,0.157182,-0.982384,-0.069896,0.197895,-0.977728,0.016,0.179,0.0,0.0,0.0,0.0,0.69,0.5,0.0,0.43,1.26,0.67,0.0,0.77,0.23,0.03,1.17,1.18,0.0
2054,385.13,0.095786,0.141857,-0.985242,-0.064818,0.191546,-0.979341,0.016,0.168,0.0,0.0,0.0,0.0,0.65,0.49,0.0,0.37,1.19,0.62,0.0,0.99,0.24,0.11,0.79,1.25,0.0
2055,385.17,0.090003,0.142969,-0.985626,-0.057686,0.182897,-0.981438,0.016,0.164,0.0,0.0,0.0,0.0,0.62,0.47,0.0,0.32,1.1,0.65,0.0,1.25,0.31,0.14,0.41,1.37,0.0
2056,385.2,0.088867,0.143458,-0.985658,-0.057658,0.185938,-0.980868,0.016,0.166,0.0,0.0,0.04,0.0,0.54,0.51,0.0,0.29,0.99,0.58,0.0,1.43,0.43,0.25,0.17,1.51,0.0
2057,385.23,0.081838,0.148241,-0.985559,-0.068402,0.196117,-0.978192,0.007,0.174,0.0,0.0,0.12,0.0,0.49,0.75,0.0,0.3,0.89,0.78,0.0,1.69,0.55,0.29,0.09,1.56,0.0
2058,385.27,0.082152,0.153109,-0.984789,-0.063089,0.191314,-0.979499,0.01,0.174,0.0,0.0,0.2,0.0,0.42,1.02,0.0,0.34,0.8,0.89,0.0,1.88,0.59,0.36,0.0,1.53,0.0
2059,385.3,0.080644,0.149593,-0.985453,-0.06201,0.189885,-0.979846,0.009,0.171,0.06,0.0,0.29,0.0,0.39,1.17,0.0,0.43,0.82,1.02,0.04,1.89,0.52,0.37,0.0,1.47,0.02
2060,385.33,0.074439,0.201346,-0.976687,-0.168796,0.292133,-0.941364,-0.049,0.252,0.09,0.0,0.27,0.0,0.42,1.16,0.0,0.5,0.89,0.97,0.04,1.66,0.6,0.3,0.15,1.49,0.42
2061,385.37,0.210902,0.249074,-0.945242,-0.206685,0.332259,-0.920264,0.002,0.302,0.23,0.0,0.33,0.0,0.44,1.26,0.0,0.58,0.95,0.93,0.04,1.46,0.58,0.19,0.29,1.51,0.93
2062,385.4,0.238717,0.269623,-0.932908,-0.227014,0.350248,-0.908731,0.006,0.325,0.27,0.0,0.32,0.0,0.49,1.42,0.0,0.61,1.0,0.9,0.0,1.39,0.61,0.04,0.4,1.57,1.44
2063,385.43,0.235141,0.26943,-0.933872,-0.220134,0.348085,-0.911251,0.008,0.323,0.41,0.0,0.42,0.0,0.56,1.55,0.0,0.64,0.97,0.93,0.0,1.3,0.4,0.06,0.44,1.44,1.27
2064,385.47,0.206484,0.242473,-0.94793,-0.186282,0.283433,-0.940726,0.011,0.272,0.43,0.0,0.41,0.0,0.64,1.55,0.0,0.64,0.96,0.98,0.0,1.23,0.33,0.13,0.47,1.35,1.01
2065,385.5,0.204249,0.244015,-0.948018,-0.183603,0.283222,-0.941316,0.011,0.272,0.33,0.0,0.36,0.0,0.65,1.23,0.0,0.59,1.0,0.94,0.0,1.13,0.17,0.14,0.67,1.17,0.48
2066,385.53,0.097314,0.177011,-0.979386,-0.060351,0.189663,-0.979993,0.019,0.185,0.16,0.0,0.2,0.0,0.64,0.81,0.0,0.58,1.08,0.95,0.0,1.1,0.14,0.08,0.87,1.14,0.25
2067,385.57,0.080311,0.181017,-0.980195,-0.056779,0.217781,-0.974345,0.012,0.201,0.0,0.0,0.06,0.0,0.62,0.38,0.0,0.49,1.17,0.75,0.0,0.99,0.06,0.01,1.18,1.16,0.0
2068,385.6,0.074529,0.171193,-0.982415,-0.050254,0.207795,-0.976881,0.012,0.191,0.0,0.0,0.01,0.0,0.68,0.34,0.0,0.48,1.23,0.81,0.0,0.93,0.08,0.0,1.31,1.34,0.0
2069,385.63,0.067906,0.160162,-0.984752,-0.043762,0.20221,-0.978364,0.012,0.183,0.0,0.0,0.0,0.0,0.68,0.35,0.0,0.56,1.25,0.77,0.0,0.97,0.16,0.0,1.26,1.47,0.0
2070,385.67,0.062422,0.164816,-0.984347,-0.037021,0.200653,-0.978963,0.013,0.184,0.0,0.0,0.0,0.0,0.69,0.37,0.0,0.71,1.26,0.92,0.0,1.12,0.32,0.0,1.11,1.58,0.0
2071,385.7,0.061697,0.170026,-0.983506,-0.040015,0.204518,-0.978045,0.011,0.189,0.0,0.0,0.0,0.0,0.65,0.48,0.0,0.78,1.18,0.87,0.0,1.26,0.5,0.0,1.06,1.69,0.0
2072,385.73,0.057701,0.151332,-0.986798,-0.033684,0.170975,-0.984699,0.012,0.162,0.0,0.0,0.0,0.0,0.62,0.54,0.0,0.82,1.13,0.88,0.0,1.46,0.57,0.18,0.84,1.87,0.0
2073,385.77,0.048369,0.147077,-0.987942,-0.042535,0.181925,-0.982392,0.003,0.165,0.0,0.0,0.0,0.0,0.57,0.63,0.0,0.76,0.99,0.95,0.0,1.65,0.61,0.39,0.54,1.99,0.0
2074,385.8,0.043816,0.156803,-0.986658,-0.039346,0.187887,-0.981402,0.002,0.173,0.0,0.0,0.0,0.0,0.57,0.72,0.0,0.71,0.91,1.02,0.0,1.81,0.58,0.58,0.19,2.06,0.0
2075,385.83,0.034397,0.153851,-0.987495,-0.048457,0.195702,-0.979465,-0.007,0.176,0.0,0.0,0.0,0.0,0.57,0.59,0.0,0.6,0.82,1.04,0.0,1.91,0.65,0.63,0.08,2.14,0.0
2076,385.87,0.035653,0.173417,-0.984203,-0.058538,0.19102,-0.979839,-0.012,0.183,0.0,0.0,0.0,0.0,0.59,0.47,0.0,0.59,0.85,0.97,0.03,1.95,0.68,0.66,0.05,2.24,0.0
2077,385.9,0.033714,0.174107,-0.984149,-0.058169,0.192715,-0.979529,-0.012,0.185,0.0,0.0,0.03,0.0,0.58,0.44,0.0,0.63,0.86,0.91,0.03,1.83,0.57,0.49,0.31,2.15,0.0
2078,385.93,0.031847,0.169061,-0.985091,-0.067121,0.206608,-0.976119,-0.018,0.189,0.02,0.0,0.25,0.0,0.61,0.68,0.0,0.7,0.88,0.76,0.03,1.5,0.48,0.26,0.67,1.87,0.0
2079,385.97,0.023035,0.165646,-0.985916,-0.070353,0.206078,-0.976003,-0.024,0.187,0.09,0.0,0.49,0.0,0.58,0.69,0.0,0.69,0.91,0.54,0.08,1.25,0.33,0.01,0.88,1.31,0.0
2080,386.0,0.027662,0.1956,-0.980294,-0.097604,0.221263,-0.970318,-0.036,0.211,0.17,0.0,0.64,0.06,0.48,0.42,0.0,0.6,1.01,0.3,0.21,1.09,0.24,0.02,0.72,0.74,0.0
2081,386.03,0.018274,0.1769,-0.984059,-0.114945,0.225257,-0.967495,-0.049,0.203,0.27,0.0,0.57,0.15,0.31,0.1,0.0,0.58,1.11,0.23,0.29,1.0,0.09,0.06,0.53,0.4,0.0
2082,386.07,0.014775,0.168542,-0.985584,-0.11436,0.215505,-0.969783,-0.051,0.194,0.36,0.0,0.46,0.22,0.21,0.0,0.0,0.59,1.16,0.27,0.25,0.86,0.0,0.08,0.5,0.23,0.0
2083,386.1,0.012666,0.168438,-0.985631,-0.110859,0.21387,-0.970551,-0.05,0.193,0.27,0.0,0.28,0.35,0.2,0.0,0.0,0.59,1.15,0.29,0.23,0.73,0.0,0.06,0.36,0.21,0.0
2084,386.13,0.027646,0.176361,-0.983937,-0.129071,0.238237,-0.962592,-0.052,0.21,0.16,0.0,0.22,0.29,0.32,0.0,0.0,0.5,1.21,0.24,0.15,0.57,0.0,0.13,0.29,0.05,0.0
2085,386.17,0.070503,0.172847,-0.982422,-0.126606,0.193425,-0.972912,-0.029,0.185,0.0,0.0,0.16,0.42,0.38,0.0,0.0,0.38,1.25,0.21,0.11,0.48,0.0,0.23,0.27,0.08,0.0
2086,386.2,0.067675,0.158362,-0.985059,-0.128513,0.180737,-0.975099,-0.031,0.171,0.0,0.0,0.2,0.38,0.41,0.0,0.0,0.34,1.28,0.21,0.0,0.42,0.0,0.39,0.36,0.2,0.0
2087,386.23,0.079705,0.153934,-0.984861,-0.126488,0.202887,-0.970998,-0.024,0.18,0.0,0.0,0.12,0.56,0.28,0.0,0.0,0.29,1.21,0.26,0.0,0.38,0.0,0.44,0.45,0.4,0.0
2088,386.27,0.055989,0.130055,-0.989925,-0.105372,0.184619,-0.977145,-0.025,0.159,0.0,0.0,0.04,0.54,0.19,0.0,0.0,0.26,1.17,0.3,0.0,0.38,0.0,0.47,0.41,0.48,0.0
2089,386.3,0.062394,0.132053,-0.989277,-0.105112,0.187743,-0.976578,-0.022,0.161,0.0,0.0,0.01,0.6,0.12,0.0,0.0,0.26,1.15,0.34,0.01,0.36,0.0,0.43,0.45,0.56,0.0
2090,386.33,0.057931,0.132533,-0.989484,-0.103385,0.186662,-0.976969,-0.023,0.161,0.0,0.0,0.05,0.61,0.15,0.0,0.0,0.18,1.13,0.45,0.01,0.44,0.0,0.42,0.44,0.66,0.0
2091,386.37,0.059907,0.116496,-0.991383,-0.08457,0.155936,-0.98414,-0.012,0.137,0.01,0.0,0.09,0.62,0.14,0.0,0.0,0.11,1.07,0.54,0.01,0.55,0.07,0.42,0.44,0.75,0.0
2092,386.4,0.045874,0.112483,-0.992594,-0.106765,0.168639,-0.979879,-0.031,0.142,0.03,0.0,0.21,0.41,0.14,0.01,0.0,0.06,0.99,0.64,0.0,0.69,0.21,0.46,0.52,0.97,0.0
2093,386.43,0.040537,0.118868,-0.992082,-0.099234,0.166018,-0.981117,-0.03,0.143,0.05,0.0,0.24,0.2,0.17,0.12,0.0,0.07,0.96,0.62,0.02,0.91,0.43,0.49,0.36,1.11,0.0
2094,386.47,0.032092,0.13174,-0.990765,-0.075199,0.173501,-0.981958,-0.022,0.154,0.04,0.0,0.27,0.04,0.24,0.15,0.0,0.08,0.97,0.57,0.04,1.05,0.58,0.52,0.34,1.33,0.0
2095,386.5,0.031583,0.136551,-0.990129,-0.077378,0.177272,-0.981115,-0.023,0.158,0.03,0.0,0.19,0.04,0.27,0.22,0.0,0.04,0.96,0.59,0.07,1.24,0.68,0.56,0.15,1.41,0.0
2096,386.53,0.032202,0.134082,-0.990447,-0.081386,0.181589,-0.980001,-0.025,0.159,0.0,0.0,0.22,0.04,0.33,0.27,0.0,0.04,0.91,0.52,0.13,1.3,0.67,0.52,0.28,1.54,0.0
2097,386.57,0.029439,0.149452,-0.988331,-0.056082,0.188943,-0.980385,-0.014,0.17,0.0,0.0,0.27,0.0,0.33,0.42,0.0,0.03,0.81,0.51,0.14,1.36,0.72,0.48,0.36,1.73,0.0
2098,386.6,0.027656,0.161276,-0.986522,-0.061198,0.189364,-0.979998,-0.017,0.176,0.0,0.0,0.45,0.0,0.33,0.46,0.0,0.1,0.69,0.42,0.1,1.29,0.76,0.38,0.59,2.08,0.0
2099,386.63,0.039929,0.167264,-0.985103,-0.05421,0.192702,-0.979759,-0.007,0.181,0.03,0.0,0.61,0.0,0.31,0.57,0.0,0.11,0.64,0.5,0.02,1.38,0.89,0.4,0.48,2.25,0.0
2100,386.67,0.049254,0.184263,-0.981642,-0.056653,0.190452,-0.980061,-0.004,0.189,0.08,0.0,0.74,0.0,0.34,0.6,0.0,0.19,0.66,0.56,0.0,1.5,0.93,0.42,0.32,2.34,0.0
2101,386.7,0.053875,0.180686,-0.982064,-0.058867,0.187176,-0.980561,-0.003,0.185,0.08,0.0,0.78,0.0,0.35,0.77,0.0,0.19,0.7,0.76,0.0,1.76,0.94,0.52,0.05,2.2,0.0
2102,386.73,0.052452,0.178523,-0.982537,-0.068704,0.186678,-0.980016,-0.008,0.184,0.05,0.0,0.71,0.0,0.36,0.52,0.0,0.17,0.66,0.74,0.0,1.72,0.88,0.54,0.11,2.24,0.0
2103,386.77,0.04283,0.174085,-0.983799,-0.058466,0.188178,-0.980393,-0.008,0.182,0.03,0.0,0.58,0.0,0.32,0.41,0.0,0.16,0.57,0.64,0.0,1.55,0.84,0.45,0.33,2.28,0.0
2104,386.8,0.051226,0.162931,-0.985307,-0.050775,0.192903,-0.979903,0.0,0.179,0.03,0.0,0.42,0.0,0.34,0.12,0.0,0.17,0.53,0.46,0.0,1.17,0.75,0.25,0.63,2.33,0.0
2105,386.83,0.059513,0.164444,-0.984589,-0.04943,0.188522,-0.980824,0.005,0.178,0.03,0.0,0.35,0.0,0.4,0.18,0.0,0.28,0.58,0.33,0.0,0.98,0.61,0.07,1.07,2.21,0.0
2106,386.87,0.054783,0.154311,-0.986502,-0.044584,0.173325,-0.983855,0.005,0.165,0.0,0.0,0.38,0.0,0.48,0.08,0.0,0.33,0.64,0.21,0.0,0.91,0.47,0.0,1.38,2.09,0.0
2107,386.9,0.055509,0.157494,-0.985959,-0.04606,0.172408,-0.983948,0.005,0.166,0.0,0.0,0.43,0.0,0.58,0.08,0.0,0.48,0.7,0.13,0.0,0.89,0.42,0.0,1.55,1.93,0.0
2108,386.93,0.061919,0.146293,-0.987302,-0.045819,0.176832,-0.983174,0.008,0.163,0.0,0.0,0.47,0.0,0.63,0.0,0.0,0.47,0.77,0.08,0.0,0.8,0.48,0.0,1.55,1.84,0.0
2109,386.97,0.059195,0.148234,-0.987179,-0.045319,0.166671,-0.98497,0.007,0.158,0.0,0.0,0.47,0.0,0.68,0.04,0.0,0.57,0.87,0.14,0.0,0.74,0.57,0.0,1.59,1.7,0.0
2110,387.0,0.070256,0.149943,-0.986195,-0.042039,0.162295,-0.985846,0.014,0.157,0.0,0.0,0.55,0.0,0.7,0.14,0.0,0.54,0.92,0.17,0.0,0.74,0.62,0.0,1.75,1.71,0.0
2111,387.03,0.084715,0.160247,-0.983435,-0.057809,0.164733,-0.984643,0.014,0.164,0.14,0.04,0.61,0.0,0.64,0.37,0.1,0.49,0.88,0.39,0.0,0.97,0.78,0.0,1.42,2.08,0.39
2112,387.07,0.126346,0.20733,-0.970078,-0.203137,0.27587,-0.939484,-0.04,0.248,0.25,0.04,0.63,0.0,0.62,0.47,0.11,0.39,0.88,0.46,0.0,1.05,0.9,0.0,0.98,2.45,0.8
2113,387.1,0.127628,0.202758,-0.970876,-0.198635,0.273436,-0.941157,-0.037,0.244,0.34,0.04,0.58,0.0,0.57,0.56,0.12,0.35,0.9,0.55,0.0,1.2,1.0,0.0,0.49,2.79,1.28
2114,387.13,0.125155,0.204589,-0.970814,-0.19441,0.272215,-0.942393,-0.036,0.244,0.38,0.0,0.57,0.0,0.51,0.59,0.03,0.31,0.82,0.38,0.0,1.3,0.97,0.0,0.38,2.87,1.4
2115,387.17,0.203385,0.247114,-0.947401,-0.254356,0.292475,-0.921825,-0.027,0.281,0.42,0.0,0.63,0.0,0.42,0.56,0.01,0.25,0.7,0.36,0.0,1.49,0.94,0.01,0.29,2.91,1.5
2116,387.2,0.193958,0.246453,-0.949548,-0.245722,0.291561,-0.924453,-0.028,0.28,0.39,0.0,0.85,0.0,0.37,0.6,0.0,0.25,0.54,0.27,0.0,1.56,0.87,0.01,0.23,2.85,1.37
2117,387.23,0.131071,0.224447,-0.965631,-0.157016,0.258243,-0.953235,-0.014,0.246,0.27,0.0,1.04,0.0,0.31,0.48,0.0,0.29,0.49,0.29,0.0,1.42,0.68,0.02,0.36,2.73,0.93
2118,387.27,0.112538,0.189056,-0.975496,-0.089723,0.227174,-0.969712,0.012,0.211,0.19,0.0,1.21,0.0,0.28,0.61,0.0,0.27,0.46,0.26,0.0,1.29,0.48,0.01,0.49,2.62,0.42
2119,387.3,0.111807,0.188247,-0.975737,-0.092893,0.224527,-0.97003,0.01,0.209,0.2,0.0,1.09,0.0,0.19,0.51,0.0,0.24,0.45,0.23,0.0,1.2,0.38,0.05,0.54,2.53,0.07
2120,387.33,0.098052,0.185601,-0.977721,-0.053106,0.187453,-0.980837,0.023,0.188,0.21,0.0,0.91,0.0,0.11,0.52,0.0,0.34,0.46,0.15,0.0,1.12,0.24,0.04,0.54,2.32,0.0
2121,387.37,0.117747,0.179971,-0.976599,-0.054513,0.180585,-0.982048,0.032,0.182,0.18,0.0,0.78,0.0,0.03,0.39,0.0,0.4,0.48,0.06,0.0,1.04,0.14,0.04,0.66,2.18,0.0
2122,387.4,0.121762,0.172359,-0.97748,-0.05743,0.169865,-0.983792,0.033,0.173,0.11,0.0,0.75,0.0,0.06,0.37,0.0,0.43,0.55,0.01,0.0,1.05,0.01,0.0,0.82,2.06,0.0
2123,387.43,0.113327,0.177115,-0.977644,-0.066541,0.179869,-0.981437,0.024,0.18,0.04,0.0,0.72,0.0,0.12,0.38,0.0,0.41,0.59,0.05,0.0,1.03,0.03,0.0,0.91,2.08,0.0
2124,387.47,0.108162,0.174953,-0.978618,-0.067124,0.174608,-0.982347,0.021,0.176,0.01,0.0,0.65,0.0,0.18,0.45,0.0,0.45,0.58,0.08,0.0,0.93,0.06,0.0,0.84,2.05,0.0
2125,387.5,0.107763,0.173629,-0.978897,-0.069202,0.172475,-0.98258,0.02,0.175,0.01,0.0,0.49,0.0,0.16,0.41,0.0,0.49,0.55,0.1,0.0,0.84,0.17,0.0,0.75,1.92,0.0
2126,387.53,0.101636,0.159603,-0.981935,-0.061064,0.161724,-0.984945,0.021,0.162,0.01,0.0,0.39,0.0,0.17,0.36,0.0,0.56,0.59,0.26,0.0,0.81,0.24,0.04,0.68,1.72,0.0
2127,387.57,0.09076,0.160769,-0.98281,-0.067946,0.166178,-0.983752,0.012,0.165,0.0,0.0,0.27,0.0,0.21,0.32,0.0,0.66,0.66,0.36,0.02,0.82,0.36,0.04,0.7,1.51,0.0
2128,387.6,0.089064,0.151334,-0.984462,-0.075629,0.15675,-0.984738,0.007,0.155,0.06,0.0,0.26,0.0,0.38,0.64,0.0,0.58,0.73,0.4,0.03,0.96,0.3,0.04,0.7,1.48,0.58
2129,387.63,0.227503,0.266349,-0.936643,-0.200283,0.26622,-0.942875,0.014,0.276,0.09,0.0,0.19,0.0,0.52,0.97,0.0,0.47,0.77,0.24,0.03,1.05,0.23,0.0,0.72,1.58,1.19
2130,387.67,0.232083,0.266045,-0.935606,-0.210908,0.269652,-0.939577,0.011,0.278,0.16,0.0,0.1,0.0,0.6,1.33,0.0,0.37,0.81,0.16,0.05,1.09,0.11,0.0,0.69,1.66,1.77
2131,387.7,0.231866,0.263185,-0.936468,-0.216463,0.265769,-0.93942,0.008,0.275,0.12,0.0,0.08,0.0,0.59,1.29,0.0,0.33,0.86,0.09,0.03,0.93,0.11,0.0,0.73,1.61,1.73
2132,387.73,0.222926,0.249354,-0.942405,-0.230214,0.255712,-0.938943,-0.004,0.262,0.09,0.0,0.2,0.0,0.64,1.18,0.0,0.42,0.89,0.25,0.03,0.99,0.13,0.0,0.79,1.47,1.5
2133,387.77,0.114157,0.245291,-0.962705,-0.18263,0.248118,-0.951359,-0.036,0.252,0.02,0.0,0.27,0.0,0.63,1.03,0.0,0.41,0.9,0.33,0.0,1.14,0.16,0.0,0.87,1.45,0.92
2134,387.8,0.064284,0.187513,-0.980156,-0.120433,0.203865,-0.971563,-0.029,0.198,0.0,0.0,0.38,0.0,0.56,0.92,0.0,0.46,0.88,0.36,0.0,1.28,0.22,0.0,0.93,1.53,0.39
2135,387.83,0.051113,0.156999,-0.986275,-0.130733,0.190459,-0.972951,-0.041,0.176,0.0,0.0,0.43,0.0,0.44,0.67,0.0,0.37,0.9,0.3,0.0,1.21,0.23,0.0,0.95,1.53,0.0
2136,387.87,0.038842,0.14157,-0.989166,-0.131548,0.198605,-0.971211,-0.047,0.172,0.0,0.0,0.53,0.0,0.42,0.52,0.0,0.3,0.92,0.28,0.0,1.08,0.29,0.0,1.02,1.43,0.0
2137,387.9,0.03933,0.137626,-0.989703,-0.132761,0.194365,-0.971904,-0.048,0.168,0.0,0.0,0.54,0.0,0.48,0.43,0.0,0.28,0.93,0.36,0.0,0.96,0.29,0.0,1.08,1.37,0.0
2138,387.93,0.040155,0.137621,-0.989671,-0.129544,0.197621,-0.971681,-0.046,0.169,0.0,0.0,0.45,0.0,0.49,0.62,0.0,0.3,0.91,0.35,0.0,0.95,0.32,0.01,0.94,1.31,0.0
2139,387.97,0.033662,0.158655,-0.98676,-0.124294,0.185395,-0.974772,-0.046,0.174,0.0,0.0,0.43,0.0,0.46,0.62,0.0,0.3,0.94,0.44,0.0,1.04,0.33,0.03,0.78,1.42,0.0
2140,388.0,0.023822,0.156668,-0.987364,-0.146124,0.192151,-0.970425,-0.062,0.176,0.0,0.0,0.51,0.0,0.38,0.7,0.0,0.36,0.95,0.5,0.0,1.09,0.27,0.09,0.54,1.46,0.0
2141,388.03,0.017028,0.160797,-0.986841,-0.159306,0.188698,-0.969028,-0.073,0.177,0.0,0.0,0.62,0.0,0.3,0.45,0.0,0.34,0.92,0.58,0.0,1.0,0.25,0.09,0.62,1.7,0.0
2142,388.07,0.00324,0.158277,-0.987389,-0.140661,0.193032,-0.971058,-0.07,0.177,0.0,0.0,0.7,0.0,0.22,0.26,0.0,0.36,0.88,0.54,0.0,0.85,0.14,0.07,0.73,1.72,0.0
2143,388.1,0.002479,0.156504,-0.987674,-0.141835,0.191507,-0.971189,-0.071,0.176,0.0,0.0,0.68,0.0,0.16,0.11,0.0,0.3,0.83,0.5,0.0,0.85,0.19,0.01,0.89,1.87,0.0
2144,388.13,0.006691,0.146558,-0.989179,-0.146636,0.1847,-0.971794,-0.071,0.167,0.0,0.0,0.66,0.0,0.18,0.16,0.0,0.29,0.8,0.5,0.0,0.92,0.21,0.0,0.91,1.89,0.0
2145,388.17,0.008474,0.144283,-0.9895,-0.146097,0.181871,-0.972409,-0.07,0.165,0.0,0.0,0.59,0.0,0.18,0.16,0.0,0.28,0.77,0.54,0.0,0.93,0.2,0.0,1.12,1.91,0.0
2146,388.2,-0.017553,0.130249,-0.991326,-0.141467,0.175282,-0.974301,-0.081,0.154,0.0,0.0,0.56,0.0,0.18,0.1,0.0,0.33,0.79,0.48,0.0,0.82,0.1,0.0,1.38,1.87,0.0
2147,388.23,-0.017502,0.134916,-0.990702,-0.145756,0.178728,-0.973042,-0.083,0.158,0.0,0.0,0.55,0.0,0.18,0.0,0.0,0.42,0.81,0.47,0.0,0.75,0.0,0.0,1.71,1.82,0.0
2148,388.27,-0.010076,0.130264,-0.991428,-0.145446,0.173178,-0.974092,-0.079,0.153,0.0,0.0,0.58,0.0,0.21,0.0,0.0,0.55,0.83,0.47,0.0,0.74,0.03,0.0,1.8,1.84,0.0
2149,388.3,-0.009599,0.131171,-0.991313,-0.148778,0.175639,-0.973147,-0.08,0.155,0.0,0.0,0.51,0.02,0.27,0.0,0.0,0.6,0.89,0.56,0.01,0.85,0.04,0.0,1.82,1.74,0.0
2150,388.33,-0.00271,0.126909,-0.991911,-0.139957,0.173586,-0.974823,-0.072,0.152,0.0,0.0,0.43,0.02,0.22,0.0,0.0,0.5,0.95,0.58,0.09,0.99,0.04,0.0,1.56,1.63,0.0
2151,388.37,0.009404,0.109647,-0.993926,-0.132543,0.161618,-0.977912,-0.062,0.137,0.0,0.0,0.33,0.04,0.19,0.0,0.0,0.38,0.96,0.57,0.1,1.12,0.05,0.0,1.3,1.63,0.0
2152,388.4,0.008988,0.113135,-0.993539,-0.133745,0.162838,-0.977546,-0.063,0.139,0.0,0.0,0.3,0.02,0.14,0.0,0.0,0.3,0.88,0.61,0.09,1.03,0.06,0.01,1.05,1.59,0.0
2153,388.43,0.031433,0.129054,-0.991139,-0.129859,0.185857,-0.973958,-0.05,0.159,0.0,0.0,0.32,0.02,0.17,0.0,0.0,0.36,0.85,0.69,0.01,0.88,0.06,0.01,0.95,1.64,0.0
2154,388.47,0.031245,0.127398,-0.991359,-0.128995,0.182443,-0.974718,-0.05,0.156,0.0,0.0,0.36,0.0,0.18,0.0,0.0,0.42,0.87,0.72,0.0,0.74,0.01,0.02,0.85,1.56,0.0
2155,388.5,0.032059,0.128021,-0.991253,-0.13032,0.182729,-0.974488,-0.05,0.157,0.0,0.0,0.44,0.0,0.19,0.0,0.0,0.42,0.87,0.78,0.0,0.68,0.05,0.02,0.83,1.48,0.0
2156,388.53,0.028288,0.130453,-0.991051,-0.128972,0.186566,-0.97394,-0.051,0.16,0.0,0.0,0.5,0.0,0.18,0.0,0.0,0.38,0.84,0.8,0.0,0.62,0.07,0.01,0.83,1.33,0.0
2157,388.57,0.030201,0.12709,-0.991431,-0.126088,0.18242,-0.975102,-0.049,0.156,0.06,0.0,0.53,0.0,0.12,0.18,0.0,0.36,0.82,0.69,0.0,0.54,0.07,0.0,0.81,1.18,0.07
2158,388.6,0.126184,0.25216,-0.959423,-0.157633,0.309476,-0.937751,-0.017,0.288,0.15,0.0,0.49,0.0,0.11,0.44,0.0,0.3,0.8,0.59,0.0,0.57,0.2,0.07,0.53,1.11,0.07
2159,388.63,0.114002,0.267732,-0.956725,-0.128631,0.313386,-0.940874,-0.008,0.297,0.3,0.0,0.52,0.0,0.09,0.68,0.0,0.28,0.77,0.57,0.0,0.65,0.2,0.22,0.27,1.0,0.2
2160,388.67,0.113659,0.27801,-0.95383,-0.128203,0.316398,-0.939924,-0.008,0.304,0.38,0.0,0.62,0.0,0.13,0.6,0.0,0.29,0.76,0.75,0.0,0.72,0.2,0.35,0.02,0.95,0.27
2161,388.7,0.115798,0.270622,-0.955696,-0.125358,0.31419,-0.941047,-0.005,0.299,0.43,0.0,0.72,0.0,0.09,0.5,0.0,0.3,0.75,0.88,0.0,0.75,0.02,0.39,0.0,0.94,0.31
2162,388.73,0.114098,0.24346,-0.963176,-0.122871,0.320402,-0.939279,-0.005,0.288,0.37,0.0,0.8,0.0,0.09,0.47,0.0,0.31,0.79,0.89,0.0,0.69,0.04,0.34,0.02,0.96,0.29
2163,388.77,0.114935,0.251263,-0.961071,-0.12696,0.329892,-0.935442,-0.006,0.297,0.34,0.0,0.81,0.0,0.06,0.47,0.0,0.32,0.81,0.81,0.0,0.58,0.04,0.21,0.26,0.91,0.2
2164,388.8,0.103993,0.244788,-0.963983,-0.130006,0.328237,-0.935606,-0.014,0.293,0.25,0.0,0.69,0.0,0.09,0.42,0.0,0.4,0.98,0.73,0.0,0.34,0.04,0.1,0.65,0.79,0.2
2165,388.83,0.099761,0.233914,-0.967126,-0.143672,0.305415,-0.941318,-0.023,0.275,0.26,0.0,0.53,0.0,0.11,0.22,0.0,0.46,1.14,0.64,0.0,0.15,0.0,0.0,1.06,0.74,0.13
2166,388.87,0.098748,0.222121,-0.970006,-0.145876,0.30606,-0.94077,-0.025,0.27,0.22,0.0,0.41,0.0,0.14,0.14,0.0,0.44,1.28,0.59,0.0,0.12,0.0,0.0,1.2,0.78,0.11
2167,388.9,0.099117,0.22048,-0.970342,-0.145938,0.306382,-0.940655,-0.024,0.269,0.22,0.0,0.42,0.0,0.16,0.04,0.0,0.48,1.32,0.59,0.0,0.2,0.0,0.0,1.28,0.73,0.07
2168,388.93,0.100206,0.222793,-0.969702,-0.160836,0.28967,-0.943516,-0.032,0.262,0.14,0.0,0.44,0.0,0.16,0.03,0.0,0.45,1.3,0.68,0.0,0.27,0.0,0.0,1.32,0.66,0.03
2169,388.97,0.105442,0.222995,-0.9691,-0.161743,0.292403,-0.942518,-0.029,0.263,0.07,0.0,0.39,0.16,0.23,0.01,0.0,0.51,1.44,0.73,0.0,0.28,0.0,0.0,1.37,0.34,0.0
2170,389.0,0.043541,0.127632,-0.990865,-0.112501,0.14402,-0.983159,-0.035,0.137,0.03,0.0,0.37,0.32,0.39,0.05,0.0,0.47,1.66,0.83,0.0,0.21,0.0,0.0,1.25,0.17,0.0
2171,389.03,0.045598,0.155157,-0.986837,-0.10107,0.147509,-0.983883,-0.028,0.152,0.0,0.0,0.33,0.36,0.54,0.06,0.0,0.49,1.89,0.9,0.0,0.14,0.0,0.0,1.17,0.0,0.0
2172,389.07,0.048172,0.146008,-0.98811,-0.11218,0.161509,-0.980475,-0.033,0.155,0.0,0.0,0.3,0.2,0.66,0.06,0.0,0.54,1.96,1.01,0.0,0.02,0.0,0.0,1.05,0.0,0.0
2173,389.1,0.050818,0.148071,-0.98767,-0.113738,0.162517,-0.980128,-0.032,0.157,0.0,0.0,0.22,0.05,0.72,0.07,0.0,0.5,1.99,0.98,0.0,0.02,0.0,0.0,1.06,0.0,0.0
2174,389.13,0.042194,0.144555,-0.988597,-0.107788,0.173278,-0.978957,-0.033,0.16,0.0,0.0,0.1,0.02,0.9,0.38,0.0,0.66,2.13,0.89,0.0,0.0,0.0,0.0,1.18,0.0,0.0
2175,389.17,0.059883,0.169738,-0.983668,-0.105757,0.176476,-0.978607,-0.023,0.175,0.0,0.0,0.04,0.02,1.11,0.52,0.0,0.74,2.35,0.73,0.0,0.0,0.0,0.0,1.49,0.0,0.0
2176,389.2,0.072591,0.165307,-0.983567,-0.090903,0.186644,-0.978213,-0.009,0.178,0.0,0.0,0.02,0.0,1.32,0.64,0.0,0.98,2.56,0.68,0.07,0.0,0.0,0.0,1.73,0.0,0.0
2177,389.23,0.072066,0.167187,-0.983288,-0.092366,0.188367,-0.977746,-0.01,0.179,0.0,0.0,0.02,0.0,1.41,0.41,0.0,1.05,2.68,0.61,0.18,0.04,0.0,0.0,1.96,0.0,0.0
2178,389.27,0.07755,0.148226,-0.985908,-0.095558,0.183289,-0.978404,-0.009,0.167,0.0,0.0,0.02,0.0,1.47,0.37,0.0,1.16,2.71,0.59,0.27,0.04,0.0,0.0,2.03,0.0,0.0
2179,389.3,0.076832,0.15004,-0.98569,-0.093368,0.185798,-0.978142,-0.008,0.169,0.0,0.0,0.01,0.0,1.52,0.38,0.0,1.18,2.7,0.52,0.24,0.04,0.0,0.0,2.1,0.0,0.0
2180,389.33,0.076511,0.170826,-0.982326,-0.097604,0.185919,-0.977705,-0.011,0.18,0.0,0.0,0.09,0.0,1.6,0.61,0.07,1.23,2.69,0.45,0.13,0.01,0.0,0.0,2.16,0.0,0.0
2181,389.37,0.085605,0.156362,-0.983983,-0.093584,0.184955,-0.978281,-0.004,0.172,0.0,0.0,0.1,0.0,1.65,0.92,0.1,1.26,2.69,0.43,0.04,0.01,0.0,0.0,2.33,0.0,0.0
2182,389.4,0.09133,0.161897,-0.982572,-0.099052,0.174298,-0.979698,-0.004,0.17,0.0,0.0,0.15,0.0,1.69,1.17,0.22,1.3,2.66,0.38,0.0,0.0,0.0,0.0,2.43,0.0,0.0
2183,389.43,0.0952,0.158511,-0.982757,-0.090245,0.182755,-0.979008,0.003,0.172,0.0,0.0,0.1,0.0,1.71,1.25,0.26,1.28,2.67,0.31,0.0,0.0,0.0,0.0,2.38,0.0,0.0
2184,389.47,0.089192,0.160713,-0.982963,-0.084333,0.176629,-0.980658,0.002,0.17,0.0,0.0,0.13,0.0,1.78,1.27,0.34,1.28,2.67,0.21,0.0,0.0,0.0,0.0,2.28,0.0,0.0
2185,389.5,0.09148,0.163568,-0.982281,-0.087831,0.17911,-0.979901,0.002,0.173,0.0,0.0,0.16,0.0,1.85,1.26,0.33,1.33,2.67,0.2,0.0,0.01,0.0,0.0,2.26,0.0,0.0
2186,389.53,0.096284,0.161212,-0.982212,-0.088768,0.176616,-0.980269,0.004,0.17,0.0,0.0,0.21,0.0,1.86,1.35,0.34,1.4,2.67,0.33,0.0,0.03,0.0,0.0,2.29,0.0,0.0
2187,389.57,0.092962,0.15754,-0.983127,-0.080968,0.173604,-0.981481,0.006,0.167,0.0,0.0,0.18,0.0,1.87,1.41,0.44,1.43,2.6,0.42,0.0,0.09,0.0,0.0,2.3,0.0,0.0
2188,389.6,0.088986,0.144244,-0.985533,-0.077156,0.180447,-0.980554,0.006,0.164,0.0,0.0,0.09,0.0,1.86,1.48,0.52,1.42,2.54,0.39,0.0,0.08,0.0,0.0,2.39,0.0,0.0
2189,389.63,0.093984,0.148316,-0.984464,-0.073693,0.181402,-0.980644,0.01,0.166,0.0,0.0,0.0,0.0,1.88,1.51,0.57,1.37,2.5,0.28,0.0,0.07,0.0,0.0,2.44,0.0,0.0
2190,389.67,0.09495,0.146988,-0.984571,-0.071203,0.186842,-0.979806,0.012,0.168,0.0,0.0,0.03,0.0,1.89,1.58,0.55,1.32,2.52,0.21,0.03,0.01,0.0,0.0,2.51,0.0,0.0
2191,389.7,0.092155,0.150004,-0.984381,-0.069536,0.186373,-0.980015,0.012,0.17,0.0,0.0,0.13,0.0,1.94,1.63,0.54,1.33,2.53,0.27,0.03,0.13,0.0,0.0,2.43,0.0,0.0
2192,389.73,0.101432,0.161823,-0.981593,-0.083167,0.182564,-0.97967,0.009,0.174,0.0,0.0,0.27,0.0,1.99,1.67,0.51,1.35,2.55,0.29,0.03,0.13,0.0,0.0,2.47,0.0,0.0
2193,389.77,0.105406,0.155752,-0.982156,-0.070417,0.181453,-0.980875,0.018,0.17,0.0,0.0,0.33,0.0,2.06,1.67,0.51,1.45,2.63,0.43,0.0,0.22,0.0,0.0,2.43,0.0,0.0
2194,389.8,0.103838,0.152387,-0.982851,-0.063819,0.181607,-0.981298,0.02,0.168,0.0,0.0,0.27,0.0,2.09,1.63,0.47,1.49,2.77,0.41,0.0,0.17,0.0,0.0,2.48,0.0,0.0
2195,389.83,0.104348,0.154616,-0.982449,-0.05781,0.189041,-0.980266,0.024,0.173,0.0,0.0,0.28,0.0,2.11,1.56,0.46,1.53,2.84,0.49,0.0,0.29,0.0,0.0,2.47,0.0,0.0
2196,389.87,0.107796,0.152194,-0.982455,-0.0638,0.182757,-0.981086,0.022,0.169,0.0,0.0,0.3,0.0,2.1,1.47,0.43,1.54,2.86,0.46,0.0,0.34,0.0,0.0,2.44,0.0,0.0
2197,389.9,0.110822,0.158129,-0.98118,-0.061928,0.189656,-0.979896,0.025,0.176,0.0,0.0,0.34,0.0,2.09,1.43,0.43,1.56,2.83,0.47,0.0,0.38,0.0,0.0,2.38,0.0,0.0
2198,389.93,0.112513,0.16019,-0.980653,-0.058547,0.191528,-0.979739,0.028,0.178,0.0,0.0,0.29,0.0,2.1,1.27,0.43,1.61,2.83,0.42,0.0,0.25,0.0,0.0,2.31,0.0,0.0
2199,389.97,0.121834,0.152989,-0.980689,-0.053347,0.191141,-0.980112,0.035,0.174,0.0,0.0,0.2,0.0,2.09,1.28,0.44,1.62,2.86,0.31,0.0,0.16,0.0,0.0,2.38,0.0,0.0
2200,390.0,0.121358,0.151977,-0.980905,-0.049292,0.19008,-0.980531,0.037,0.173,0.0,0.0,0.13,0.0,2.12,1.15,0.44,1.68,2.87,0.33,0.0,0.11,0.0,0.0,2.57,0.0,0.0
2201,390.03,0.127494,0.153392,-0.979906,-0.040335,0.190901,-0.98078,0.044,0.174,0.0,0.0,0.03,0.0,2.16,1.21,0.45,1.69,2.87,0.38,0.0,0.21,0.0,0.0,2.76,0.0,0.0
2202,390.07,0.125924,0.157514,-0.979455,-0.039972,0.192435,-0.980495,0.044,0.177,0.0,0.0,0.07,0.0,2.22,1.13,0.47,1.73,2.83,0.53,0.0,0.21,0.0,0.0,2.83,0.0,0.0
2203,390.1,0.129382,0.158545,-0.978838,-0.040535,0.194142,-0.980136,0.045,0.178,0.0,0.0,0.04,0.0,2.23,1.21,0.48,1.7,2.83,0.52,0.0,0.27,0.0,0.0,2.81,0.0,0.0
2204,390.13,0.142417,0.157373,-0.977216,-0.036092,0.201832,-0.978755,0.054,0.182,0.0,0.0,0.08,0.0,2.22,1.19,0.43,1.7,2.84,0.51,0.07,0.35,0.0,0.0,2.71,0.0,0.0
2205,390.17,0.133009,0.157185,-0.978571,-0.025227,0.199817,-0.979508,0.055,0.18,0.0,0.0,0.11,0.0,2.23,1.26,0.37,1.66,2.86,0.52,0.09,0.43,0.04,0.0,2.62,0.0,0.0
2206,390.2,0.139139,0.159622,-0.977323,-0.011458,0.207187,-0.978234,0.065,0.185,0.0,0.0,0.16,0.0,2.26,1.39,0.38,1.61,2.86,0.68,0.1,0.53,0.04,0.0,2.56,0.0,0.0
2207,390.23,0.138068,0.164776,-0.97662,-0.005179,0.209628,-0.977767,0.068,0.189,0.0,0.0,0.17,0.0,2.35,1.64,0.42,1.53,2.85,0.83,0.05,0.57,0.04,0.0,2.49,0.0,0.0
2208,390.27,0.149257,0.166303,-0.974713,-0.009232,0.20185,-0.979373,0.072,0.186,0.0,0.0,0.16,0.0,2.43,1.74,0.46,1.49,2.87,0.93,0.07,0.63,0.0,0.0,2.46,0.0,0.0
2209,390.3,0.148793,0.166477,-0.974755,-0.010632,0.201911,-0.979346,0.071,0.186,0.0,0.0,0.15,0.0,2.47,1.77,0.41,1.51,2.87,0.81,0.14,0.49,0.0,0.0,2.46,0.0,0.0
2210,390.33,0.149787,0.16575,-0.974726,-0.01061,0.199786,-0.979782,0.071,0.185,0.0,0.0,0.17,0.0,2.49,1.71,0.4,1.6,2.87,0.67,0.16,0.41,0.0,0.0,2.57,0.0,0.0
2211,390.37,0.151108,0.161444,-0.975245,-0.012142,0.202913,-0.979121,0.071,0.184,0.0,0.0,0.17,0.0,2.48,1.66,0.4,1.59,2.87,0.56,0.16,0.38,0.0,0.0,2.69,0.0,0.0
2212,390.4,0.146351,0.159947,-0.976216,-0.01137,0.203851,-0.978936,0.069,0.184,0.0,0.0,0.22,0.0,2.46,1.53,0.42,1.58,2.89,0.6,0.09,0.53,0.0,0.0,2.7,0.0,0.0
2213,390.43,0.147353,0.162405,-0.97566,-0.008049,0.203741,-0.978992,0.071,0.185,0.0,0.0,0.18,0.0,2.44,1.49,0.44,1.5,2.85,0.79,0.04,0.55,0.0,0.0,2.67,0.0,0.0
2214,390.47,0.133717,0.163529,-0.977434,0.003345,0.208926,-0.977926,0.07,0.188,0.0,0.0,0.13,0.0,2.4,1.5,0.47,1.53,2.8,0.88,0.03,0.47,0.0,0.0,2.62,0.0,0.0
2215,390.5,0.134568,0.162384,-0.977509,-0.000223,0.206978,-0.978346,0.069,0.187,0.0,0.0,0.11,0.0,2.42,1.48,0.48,1.6,2.81,0.84,0.05,0.34,0.03,0.0,2.67,0.0,0.0
2216,390.53,0.128759,0.159819,-0.978713,0.013755,0.199069,-0.979889,0.073,0.181,0.0,0.0,0.18,0.0,2.42,1.36,0.43,1.76,2.88,0.73,0.07,0.3,0.03,0.0,2.74,0.0,0.0
2217,390.57,0.126377,0.156218,-0.979604,0.008326,0.202044,-0.979341,0.069,0.181,0.0,0.0,0.18,0.0,2.4,1.16,0.36,1.9,2.92,0.62,0.16,0.35,0.03,0.0,2.75,0.0,0.0
2218,390.6,0.12571,0.151229,-0.980473,-0.00679,0.201112,-0.979545,0.061,0.178,0.0,0.0,0.1,0.0,2.36,1.1,0.36,1.92,2.9,0.72,0.2,0.49,0.0,0.0,2.78,0.0,0.0
2219,390.63,0.123218,0.150568,-0.980891,-0.000911,0.198705,-0.980059,0.062,0.176,0.0,0.0,0.01,0.0,2.33,1.1,0.41,1.9,2.83,0.62,0.33,0.52,0.0,0.0,2.78,0.0,0.0
2220,390.67,0.105867,0.155029,-0.982221,-0.001994,0.196264,-0.980549,0.053,0.177,0.0,0.0,0.01,0.0,2.34,1.14,0.43,1.86,2.79,0.62,0.35,0.58,0.0,0.0,2.81,0.0,0.0
2221,390.7,0.107919,0.156172,-0.981817,-0.001026,0.196589,-0.980485,0.054,0.178,0.0,0.0,0.0,0.0,2.33,1.18,0.4,1.93,2.83,0.47,0.42,0.51,0.0,0.0,2.73,0.0,0.0
2222,390.73,0.100121,0.157647,-0.982407,-0.0167,0.209524,-0.977661,0.043,0.185,0.0,0.0,0.0,0.0,2.32,1.16,0.36,1.96,2.87,0.45,0.44,0.48,0.0,0.0,2.67,0.0,0.0
2223,390.77,0.097564,0.154507,-0.983163,-0.029578,0.201237,-0.979096,0.035,0.179,0.0,0.0,0.0,0.0,2.29,1.23,0.31,1.89,2.84,0.31,0.35,0.29,0.0,0.0,2.52,0.0,0.0
2224,390.8,0.096545,0.181182,-0.978699,-0.061788,0.225346,-0.972318,0.018,0.205,0.0,0.0,0.0,0.0,2.27,1.23,0.32,1.83,2.76,0.19,0.29,0.12,0.0,0.0,2.39,0.0,0.0
2225,390.83,0.089236,0.191175,-0.977491,-0.063616,0.232233,-0.970578,0.013,0.214,0.0,0.0,0.0,0.0,2.27,1.13,0.29,1.71,2.68,0.1,0.15,0.0,0.0,0.0,2.32,0.0,0.0
2226,390.87,0.084956,0.18525,-0.979012,-0.095605,0.216841,-0.971514,-0.005,0.203,0.0,0.0,0.0,0.0,2.27,1.01,0.33,1.69,2.68,0.16,0.12,0.0,0.0,0.0,2.33,0.0,0.0
2227,390.9,0.082451,0.185629,-0.979155,-0.091114,0.217396,-0.971822,-0.004,0.204,0.0,0.0,0.0,0.0,2.27,1.01,0.35,1.62,2.7,0.16,0.07,0.0,0.0,0.0,2.4,0.0,0.0
2228,390.93,0.081377,0.192051,-0.978005,-0.079444,0.214208,-0.973552,0.001,0.205,0.0,0.0,0.0,0.0,2.27,1.14,0.42,1.63,2.73,0.18,0.06,0.0,0.0,0.0,2.39,0.0,0.0
2229,390.97,0.081273,0.190346,-0.978347,-0.078955,0.215964,-0.973204,0.001,0.205,0.0,0.0,0.0,0.0,2.28,1.43,0.46,1.68,2.78,0.12,0.05,0.0,0.0,0.0,2.4,0.0,0.0
2230,391.0,0.101594,0.195831,-0.975361,-0.085269,0.216248,-0.972608,0.008,0.208,0.0,0.0,0.0,0.0,2.28,1.56,0.48,1.75,2.82,0.14,0.07,0.0,0.0,0.0,2.4,0.0,0.0
2231,391.03,0.092706,0.189642,-0.977467,-0.08414,0.211125,-0.973831,0.004,0.203,0.0,0.0,0.0,0.0,2.25,1.77,0.45,1.79,2.87,0.14,0.09,0.06,0.0,0.0,2.4,0.0,0.0
2232,391.07,0.095339,0.185396,-0.978028,-0.082789,0.202432,-0.975791,0.006,0.196,0.0,0.0,0.0,0.0,2.22,1.74,0.41,1.83,2.9,0.2,0.22,0.14,0.0,0.0,2.39,0.0,0.0
2233,391.1,0.097071,0.184422,-0.978042,-0.080842,0.203961,-0.975635,0.008,0.196,0.0,0.0,0.0,0.0,2.19,1.71,0.41,1.79,2.92,0.23,0.28,0.21,0.0,0.0,2.38,0.0,0.0
2234,391.13,0.089388,0.183499,-0.978947,-0.095655,0.202658,-0.974566,-0.003,0.195,0.0,0.0,0.0,0.0,2.2,1.6,0.49,1.75,2.89,0.22,0.23,0.22,0.0,0.0,2.25,0.0,0.0
2235,391.17,0.09566,0.177552,-0.979451,-0.09266,0.208997,-0.973516,0.002,0.195,0.0,0.0,0.02,0.0,2.29,1.52,0.55,1.74,2.87,0.21,0.1,0.22,0.0,0.0,2.25,0.0,0.15
2236,391.2,0.247285,0.250159,-0.936093,-0.253096,0.284892,-0.924543,-0.003,0.28,0.0,0.0,0.02,0.0,2.31,1.37,0.52,1.81,2.89,0.22,0.01,0.27,0.0,0.0,2.26,0.0,0.57
2237,391.23,0.283649,0.271263,-0.91976,-0.285659,0.311274,-0.906371,-0.001,0.309,0.0,0.0,0.02,0.0,2.29,1.17,0.51,1.92,2.95,0.26,0.04,0.32,0.0,0.0,2.42,0.0,0.97
2238,391.27,0.28755,0.274853,-0.91748,-0.283851,0.305284,-0.908972,0.002,0.308,0.0,0.0,0.0,0.0,2.2,1.02,0.49,1.94,2.98,0.34,0.06,0.35,0.0,0.0,2.47,0.0,1.21
2239,391.3,0.296751,0.272873,-0.915139,-0.287609,0.305682,-0.907656,0.005,0.307,0.0,0.0,0.0,0.0,2.18,1.02,0.54,1.91,2.97,0.4,0.06,0.36,0.0,0.0,2.53,0.0,1.13
2240,391.33,0.296982,0.274128,-0.914689,-0.287721,0.304414,-0.908047,0.005,0.307,0.0,0.0,0.0,0.0,2.16,1.11,0.54,1.86,2.96,0.42,0.03,0.37,0.0,0.0,2.53,0.0,1.12
2241,391.37,0.297157,0.274334,-0.91457,-0.287675,0.305693,-0.907631,0.005,0.308,0.0,0.0,0.0,0.0,2.16,1.12,0.54,1.86,2.95,0.41,0.03,0.37,0.0,0.0,2.54,0.0,1.12
2242,391.4,0.297354,0.273463,-0.914767,-0.286131,0.306727,-0.907771,0.006,0.308,0.0,0.0,0.0,0.0,2.14,1.11,0.54,1.87,2.95,0.4,0.03,0.38,0.0,0.0,2.53,0.0,1.12
2243,391.43,0.295377,0.274157,-0.9152,-0.285804,0.306918,-0.907809,0.005,0.309,0.0,0.0,0.0,0.0,2.07,0.94,0.5,1.9,2.92,0.39,0.07,0.36,0.0,0.0,2.5,0.0,1.26
2244,391.47,0.265184,0.336144,-0.903706,-0.331781,0.312087,-0.890238,-0.037,0.347,0.0,0.0,0.0,0.0,1.98,0.73,0.46,1.94,2.89,0.38,0.16,0.31,0.0,0.0,2.54,0.0,1.33
2245,391.5,0.266672,0.291667,-0.918595,-0.33231,0.296456,-0.895368,-0.036,0.314,0.0,0.0,0.02,0.0,1.94,0.45,0.49,2.0,2.8,0.39,0.16,0.26,0.0,0.0,2.52,0.0,1.51
2246,391.53,0.266644,0.343376,-0.900552,-0.327985,0.341301,-0.880874,-0.034,0.367,0.0,0.0,0.05,0.0,1.98,0.5,0.54,1.96,2.71,0.38,0.18,0.31,0.0,0.0,2.59,0.0,1.39
2247,391.57,0.262835,0.261777,-0.92865,-0.32082,0.281497,-0.904342,-0.032,0.288,0.0,0.0,0.07,0.0,2.07,0.77,0.58,1.96,2.67,0.42,0.13,0.37,0.0,0.0,2.54,0.0,1.05
2248,391.6,0.171347,0.241437,-0.955169,-0.223107,0.270417,-0.936535,-0.027,0.264,0.0,0.0,0.05,0.0,2.11,1.12,0.5,1.86,2.65,0.4,0.23,0.41,0.0,0.0,2.44,0.0,0.59
2249,391.63,0.157876,0.241437,-0.957488,-0.188636,0.263406,-0.946062,-0.016,0.259,0.0,0.0,0.03,0.0,2.17,1.36,0.47,1.85,2.69,0.47,0.25,0.38,0.0,0.0,2.34,0.0,0.23
2250,391.67,0.174756,0.243287,-0.954082,-0.189125,0.266926,-0.944977,-0.008,0.262,0.0,0.0,0.0,0.0,2.18,1.43,0.43,1.82,2.7,0.42,0.24,0.38,0.0,0.0,2.28,0.0,0.19
2251,391.7,0.174147,0.236967,-0.955782,-0.190056,0.261443,-0.946323,-0.008,0.256,0.0,0.0,0.0,0.0,2.2,1.57,0.45,1.88,2.77,0.56,0.16,0.31,0.0,0.0,2.39,0.0,0.13
2252,391.73,0.182947,0.236785,-0.954182,-0.18727,0.272763,-0.943679,-0.002,0.262,0.0,0.0,0.0,0.0,2.2,1.54,0.45,1.88,2.79,0.69,0.09,0.21,0.0,0.0,2.38,0.0,0.14
2253,391.77,0.182613,0.245921,-0.951933,-0.212111,0.283841,-0.935117,-0.016,0.274,0.0,0.0,0.03,0.0,2.22,1.61,0.46,1.87,2.81,0.82,0.03,0.13,0.0,0.0,2.44,0.0,0.1
2254,391.8,0.161645,0.243459,-0.956346,-0.15797,0.278796,-0.947269,0.002,0.268,0.0,0.0,0.03,0.0,2.25,1.64,0.53,1.79,2.82,0.81,0.07,0.14,0.0,0.0,2.42,0.0,0.17
2255,391.83,0.198811,0.234203,-0.951642,-0.148538,0.280893,-0.948175,0.026,0.265,0.0,0.0,0.03,0.0,2.28,1.76,0.51,1.79,2.81,0.82,0.11,0.2,0.0,0.0,2.43,0.0,0.19
2256,391.87,0.215414,0.241515,-0.946186,-0.161502,0.293413,-0.942245,0.029,0.276,0.0,0.0,0.0,0.0,2.28,1.83,0.51,1.8,2.77,0.88,0.11,0.18,0.0,0.0,2.42,0.0,0.22
2257,391.9,0.214374,0.237407,-0.947461,-0.163927,0.290067,-0.942862,0.027,0.272,0.0,0.0,0.06,0.0,2.27,1.78,0.48,1.79,2.7,0.97,0.11,0.28,0.0,0.0,2.31,0.0,0.28
2258,391.93,0.230614,0.244297,-0.941879,-0.16638,0.307319,-0.936949,0.034,0.286,0.0,0.0,0.11,0.0,2.28,1.75,0.48,1.77,2.68,0.93,0.06,0.3,0.0,0.0,2.31,0.0,0.26
2259,391.97,0.225085,0.231044,-0.946549,-0.169292,0.298529,-0.939266,0.03,0.274,0.0,0.0,0.11,0.0,2.28,1.64,0.4,1.77,2.68,1.0,0.06,0.42,0.0,0.0,2.21,0.0,0.23
2260,392.0,0.221387,0.224489,-0.948996,-0.162464,0.310595,-0.936555,0.031,0.277,0.0,0.0,0.06,0.0,2.29,1.69,0.33,1.82,2.69,1.01,0.04,0.39,0.0,0.0,2.27,0.0,0.16
2261,392.03,0.213402,0.222688,-0.951246,-0.166135,0.30601,-0.937421,0.025,0.273,0.0,0.0,0.02,0.0,2.31,1.74,0.22,1.83,2.68,1.15,0.02,0.49,0.0,0.0,2.26,0.0,0.11
2262,392.07,0.222159,0.2266,-0.948313,-0.169692,0.302164,-0.938031,0.028,0.273,0.0,0.0,0.1,0.0,2.34,1.82,0.21,1.79,2.72,1.13,0.02,0.47,0.0,0.0,2.35,0.0,0.08
2263,392.1,0.222487,0.225408,-0.94852,-0.174274,0.300886,-0.937601,0.026,0.272,0.0,0.0,0.16,0.0,2.39,1.83,0.28,1.71,2.7,1.09,0.0,0.48,0.0,0.0,2.34,0.0,0.07
2264,392.13,0.222574,0.217761,-0.950285,-0.18595,0.30774,-0.933123,0.019,0.272,0.0,0.0,0.17,0.0,2.43,1.92,0.4,1.69,2.72,0.98,0.0,0.41,0.0,0.0,2.34,0.0,0.09
2265,392.17,0.220457,0.215391,-0.951318,-0.199584,0.308071,-0.930193,0.011,0.271,0.0,0.0,0.11,0.0,2.43,2.1,0.48,1.66,2.71,0.95,0.0,0.46,0.0,0.0,2.37,0.0,0.1
2266,392.2,0.20295,0.207708,-0.956906,-0.208831,0.309101,-0.927818,-0.003,0.268,0.0,0.0,0.12,0.0,2.34,1.98,0.37,1.68,2.73,1.09,0.15,0.67,0.0,0.0,2.39,0.0,0.19
2267,392.23,0.219861,0.212373,-0.952134,-0.216569,0.319688,-0.922441,0.002,0.277,0.0,0.0,0.19,0.0,2.25,1.8,0.22,1.76,2.83,1.36,0.47,1.22,0.0,0.0,2.56,0.07,0.2
2268,392.27,0.205441,0.174989,-0.962898,-0.269718,0.239674,-0.932635,-0.034,0.215,0.0,0.0,0.29,0.0,2.15,1.5,0.05,1.9,2.92,1.55,0.82,1.77,0.0,0.0,2.63,0.19,0.25
2269,392.3,0.203676,0.178613,-0.962608,-0.282685,0.239575,-0.928813,-0.042,0.218,0.0,0.0,0.59,0.0,2.19,1.49,0.04,2.11,2.9,1.66,0.96,2.16,0.03,0.0,2.84,0.37,0.1
2270,392.33,0.133656,0.143337,-0.980607,-0.2211,0.222766,-0.949468,-0.045,0.187,0.0,0.0,0.88,0.0,2.3,1.53,0.18,2.22,2.72,1.58,0.91,2.03,0.03,0.0,2.87,0.43,0.06
2271,392.37,0.199534,0.152944,-0.967881,-0.224077,0.227089,-0.947745,-0.013,0.196,0.0,0.0,1.16,0.0,2.41,1.43,0.33,2.15,2.49,1.5,0.86,1.89,0.04,0.0,2.98,0.54,0.0
2272,392.4,0.201541,0.152154,-0.96759,-0.194813,0.198007,-0.960646,0.003,0.18,0.0,0.0,1.15,0.0,2.34,1.2,0.32,2.08,2.45,1.29,0.77,1.72,0.01,0.0,2.87,0.36,0.0
2273,392.43,0.135506,0.165482,-0.976859,-0.215599,0.248139,-0.944428,-0.042,0.212,0.0,0.0,0.98,0.0,2.23,0.81,0.19,2.03,2.47,1.07,0.58,1.54,0.01,0.0,2.68,0.22,0.0
2274,392.47,0.109062,0.17305,-0.978856,-0.188629,0.246928,-0.950498,-0.041,0.214,0.0,0.0,0.78,0.0,2.12,0.59,0.05,2.09,2.55,0.75,0.47,1.21,0.0,0.0,2.45,0.0,0.0
2275,392.5,0.106812,0.166173,-0.980295,-0.188083,0.240632,-0.952219,-0.042,0.207,0.0,0.0,0.56,0.0,2.07,0.64,0.02,2.09,2.63,0.6,0.44,0.78,0.0,0.0,2.31,0.05,0.0
2276,392.53,0.079204,0.195174,-0.977565,-0.131545,0.21195,-0.968387,-0.027,0.206,0.0,0.0,0.37,0.0,2.03,0.78,0.0,1.99,2.74,0.53,0.5,0.5,0.0,0.0,2.32,0.08,0.0
2277,392.57,0.071817,0.185607,-0.979996,-0.102929,0.215565,-0.97105,-0.016,0.203,0.0,0.0,0.37,0.0,2.05,0.98,0.1,1.96,2.8,0.65,0.49,0.36,0.0,0.0,2.48,0.08,0.0
2278,392.6,0.079981,0.156368,-0.984455,-0.117819,0.204196,-0.971814,-0.019,0.182,0.0,0.0,0.38,0.0,2.12,1.0,0.19,1.97,2.81,0.75,0.59,0.49,0.0,0.0,2.71,0.03,0.0
2279,392.63,0.091612,0.152471,-0.984053,-0.13729,0.179486,-0.974134,-0.023,0.168,0.0,0.0,0.5,0.0,2.18,1.07,0.23,2.06,2.79,0.79,0.72,0.66,0.0,0.0,2.92,0.0,0.0
2280,392.67,0.088283,0.148324,-0.98499,-0.136825,0.171981,-0.975552,-0.025,0.162,0.0,0.0,0.42,0.0,2.2,0.94,0.19,2.1,2.79,0.77,0.72,0.76,0.01,0.0,2.95,0.0,0.0
2281,392.7,0.08949,0.147644,-0.984984,-0.135551,0.171478,-0.975818,-0.023,0.161,0.0,0.0,0.42,0.0,2.16,0.85,0.2,1.97,2.66,0.7,0.74,0.78,0.01,0.0,3.04,0.12,0.0
2282,392.73,0.058867,0.117221,-0.99136,-0.130317,0.173634,-0.97615,-0.036,0.147,0.0,0.0,0.46,0.0,2.13,0.65,0.24,1.82,2.54,0.7,0.76,0.78,0.02,0.0,3.06,0.26,0.0
2283,392.77,0.057692,0.118762,-0.991245,-0.127012,0.174765,-0.976384,-0.035,0.148,0.0,0.0,0.51,0.0,2.15,0.82,0.31,1.75,2.44,0.72,0.86,0.81,0.02,0.0,3.08,0.37,0.0
2284,392.8,0.085909,0.132108,-0.987505,-0.100529,0.186476,-0.977303,-0.007,0.161,0.0,0.0,0.57,0.0,2.23,0.96,0.34,1.83,2.48,0.82,0.95,0.81,0.02,0.0,2.91,0.39,0.0
2285,392.83,0.082294,0.129013,-0.988222,-0.096266,0.180606,-0.978833,-0.007,0.156,0.0,0.0,0.51,0.0,2.29,1.2,0.32,1.94,2.58,0.7,0.95,0.71,0.15,0.0,2.64,0.25,0.0
2286,392.87,0.108998,0.159026,-0.981239,-0.099784,0.207968,-0.973033,0.005,0.186,0.0,0.0,0.49,0.0,2.31,1.25,0.31,1.98,2.68,0.61,0.92,0.63,0.17,0.0,2.46,0.14,0.0
2287,392.9,0.106849,0.152924,-0.982445,-0.094334,0.196331,-0.975989,0.006,0.176,0.0,0.0,0.44,0.0,2.27,1.21,0.27,1.93,2.75,0.48,0.83,0.46,0.17,0.0,2.33,0.0,0.0
2288,392.93,0.118738,0.167863,-0.978633,-0.107532,0.198444,-0.974195,0.006,0.185,0.0,0.0,0.61,0.0,2.2,1.17,0.26,1.85,2.75,0.55,0.78,0.33,0.01,0.0,2.33,0.0,0.0
2289,392.97,0.088568,0.179232,-0.979812,-0.10908,0.184239,-0.97681,-0.01,0.184,0.0,0.0,0.71,0.0,2.16,1.21,0.21,1.76,2.75,0.51,0.65,0.26,0.0,0.0,2.22,0.0,0.0
2290,393.0,0.114802,0.189763,-0.975095,-0.081335,0.191319,-0.978152,0.017,0.193,0.0,0.0,0.76,0.0,2.13,1.39,0.19,1.78,2.75,0.48,0.51,0.35,0.0,0.0,2.25,0.0,0.0
2291,393.03,0.1207,0.15567,-0.980407,-0.079752,0.187365,-0.979047,0.021,0.173,0.0,0.0,0.67,0.0,2.15,1.52,0.21,1.77,2.72,0.39,0.46,0.48,0.0,0.0,2.33,0.0,0.0
2292,393.07,0.123667,0.149332,-0.981023,-0.076328,0.180648,-0.980582,0.024,0.167,0.0,0.0,0.63,0.0,2.13,1.53,0.28,1.79,2.65,0.42,0.46,0.5,0.0,0.0,2.43,0.0,0.0
2293,393.1,0.124954,0.152394,-0.980389,-0.075877,0.184781,-0.979846,0.025,0.17,0.0,0.0,0.59,0.0,2.15,1.4,0.32,1.81,2.59,0.49,0.5,0.7,0.0,0.0,2.43,0.0,0.0
2294,393.13,0.104799,0.147854,-0.983441,-0.068754,0.186036,-0.980134,0.018,0.168,0.0,0.0,0.56,0.0,2.19,1.34,0.38,1.85,2.58,0.6,0.57,0.79,0.03,0.0,2.4,0.0,0.0
2295,393.17,0.105036,0.149794,-0.983122,-0.059707,0.183864,-0.981137,0.023,0.168,0.0,0.0,0.53,0.0,2.25,1.38,0.31,1.86,2.64,0.58,0.65,0.87,0.05,0.0,2.3,0.0,0.0
2296,393.2,0.123152,0.174465,-0.976932,-0.09215,0.20607,-0.974189,0.016,0.193,0.0,0.0,0.53,0.0,2.3,1.56,0.28,1.85,2.72,0.57,0.65,0.71,0.07,0.0,2.2,0.0,0.0
2297,393.23,0.120735,0.170224,-0.977981,-0.088726,0.20168,-0.975425,0.016,0.188,0.0,0.0,0.55,0.0,2.29,1.8,0.2,1.85,2.83,0.5,0.51,0.54,0.05,0.0,2.07,0.0,0.0
2298,393.27,0.248121,0.227851,-0.941552,-0.127224,0.295902,-0.946708,0.064,0.271,0.0,0.0,0.53,0.0,2.28,1.91,0.18,1.9,2.89,0.52,0.43,0.37,0.02,0.0,1.95,0.0,0.0
2299,393.3,0.250728,0.221543,-0.942366,-0.128185,0.288369,-0.9489,0.065,0.263,0.0,0.0,0.51,0.0,2.26,2.17,0.15,1.95,2.97,0.46,0.39,0.24,0.0,0.0,1.82,0.0,0.0
2300,393.33,0.248225,0.21556,-0.944414,-0.125125,0.287185,-0.949667,0.065,0.259,0.0,0.0,0.5,0.0,2.26,2.18,0.2,1.95,3.0,0.54,0.44,0.29,0.0,0.0,1.81,0.0,0.0
2301,393.37,0.238539,0.229716,-0.943573,-0.135512,0.292701,-0.946553,0.054,0.27,0.0,0.0,0.48,0.0,2.25,2.15,0.25,1.91,3.03,0.58,0.51,0.33,0.0,0.0,1.87,0.0,0.0
2302,393.4,0.24011,0.226168,-0.944031,-0.139011,0.290238,-0.946804,0.053,0.267,0.0,0.0,0.49,0.0,2.24,2.0,0.27,1.8,2.98,0.68,0.55,0.37,0.0,0.0,1.97,0.0,0.02
2303,393.43,0.24835,0.221139,-0.943091,-0.133686,0.287467,-0.948415,0.061,0.263,0.0,0.0,0.53,0.0,2.25,1.93,0.28,1.76,2.94,0.7,0.59,0.39,0.0,0.0,2.01,0.0,0.02
2304,393.47,0.245182,0.214799,-0.945382,-0.133828,0.282536,-0.949876,0.059,0.257,0.0,0.0,0.61,0.0,2.25,1.93,0.27,1.75,2.9,0.75,0.58,0.41,0.0,0.0,2.06,0.0,0.02
2305,393.5,0.244558,0.214796,-0.945544,-0.133499,0.281696,-0.950171,0.059,0.256,0.0,0.0,0.64,0.0,2.26,1.8,0.3,1.69,2.93,0.81,0.6,0.43,0.0,0.0,2.14,0.0,0.0
2306,393.53,0.238515,0.220833,-0.945697,-0.130098,0.278066,-0.951711,0.057,0.257,0.0,0.0,0.53,0.0,2.24,1.76,0.26,1.66,2.91,0.76,0.45,0.38,0.01,0.0,2.13,0.0,0.0
2307,393.57,0.256418,0.241515,-0.935906,-0.149067,0.289599,-0.945469,0.057,0.275,0.0,0.0,0.4,0.0,2.28,1.78,0.26,1.65,2.93,0.72,0.32,0.28,0.01,0.0,2.06,0.0,0.08
2308,393.6,0.267916,0.240218,-0.933015,-0.207932,0.316324,-0.925583,0.032,0.291,0.0,0.0,0.33,0.0,2.29,1.84,0.22,1.64,2.91,0.61,0.15,0.12,0.01,0.0,1.9,0.0,0.26
2309,393.63,0.244936,0.232795,-0.941176,-0.227504,0.303298,-0.925339,0.009,0.28,0.0,0.0,0.36,0.0,2.29,1.77,0.24,1.58,2.88,0.69,0.09,0.02,0.0,0.0,1.78,0.0,0.38
2310,393.67,0.250485,0.226882,-0.94116,-0.228581,0.300864,-0.925868,0.012,0.275,0.0,0.0,0.39,0.0,2.23,1.64,0.25,1.5,2.83,0.72,0.02,0.0,0.0,0.0,1.71,0.0,0.38
2311,393.7,0.247116,0.224902,-0.942524,-0.230267,0.300167,-0.925676,0.009,0.274,0.0,0.0,0.35,0.0,2.22,1.67,0.28,1.55,2.79,0.66,0.02,0.01,0.0,0.0,1.73,0.0,0.28
2312,393.73,0.246388,0.220666,-0.943716,-0.21927,0.291982,-0.930949,0.014,0.267,0.0,0.0,0.21,0.0,2.2,1.67,0.32,1.54,2.79,0.59,0.02,0.09,0.0,0.0,1.74,0.0,0.21
2313,393.77,0.245473,0.225396,-0.942836,-0.194033,0.280179,-0.940134,0.027,0.262,0.0,0.0,0.08,0.0,2.15,1.72,0.33,1.57,2.78,0.63,0.02,0.26,0.0,0.0,1.8,0.0,0.18
2314,393.8,0.210882,0.234578,-0.948948,-0.185822,0.284221,-0.940579,0.013,0.268,0.0,0.0,0.0,0.0,2.1,1.73,0.31,1.57,2.81,0.72,0.01,0.32,0.0,0.0,1.88,0.0,0.23
2315,393.83,0.243394,0.244891,-0.938503,-0.229789,0.292534,-0.928236,0.007,0.28,0.0,0.0,0.0,0.0,1.93,1.41,0.24,1.56,2.88,0.68,0.02,0.3,0.0,0.0,2.0,0.0,0.81
2316,393.87,0.342485,0.327234,-0.880694,-0.245187,0.320506,-0.914964,0.054,0.346,0.0,0.0,0.0,0.0,1.79,1.03,0.18,1.53,2.98,0.52,0.02,0.19,0.0,0.0,2.12,0.0,1.36
2317,393.9,0.34069,0.322644,-0.883081,-0.240307,0.31511,-0.918128,0.056,0.34,0.0,0.0,0.0,0.0,1.68,0.62,0.22,1.5,3.0,0.44,0.02,0.15,0.0,0.0,2.12,0.0,1.97
2318,393.93,0.320847,0.374427,-0.869978,-0.319289,0.351911,-0.879894,0.001,0.393,0.0,0.0,0.1,0.0,1.77,0.8,0.23,1.55,2.93,0.4,0.0,0.09,0.0,0.0,2.06,0.0,1.71
2319,393.97,0.274059,0.30123,-0.913319,-0.291447,0.314429,-0.903434,-0.01,0.327,0.0,0.0,0.1,0.0,1.9,1.16,0.3,1.55,2.83,0.37,0.0,0.07,0.0,0.0,1.96,0.0,1.12
2320,394.0,0.191567,0.219862,-0.956537,-0.154974,0.293429,-0.943336,0.019,0.264,0.0,0.0,0.1,0.0,1.96,1.38,0.2,1.57,2.8,0.31,0.0,0.04,0.0,0.0,1.9,0.0,0.38
2321,394.03,0.137046,0.221804,-0.965413,-0.127745,0.271167,-0.954018,0.005,0.251,0.0,0.0,0.0,0.0,1.96,1.4,0.2,1.58,2.79,0.25,0.0,0.04,0.0,0.0,1.88,0.0,0.0
2322,394.07,0.136593,0.220935,-0.965676,-0.13066,0.278653,-0.951462,0.003,0.255,0.0,0.0,0.0,0.0,1.93,1.34,0.18,1.59,2.78,0.19,0.0,0.0,0.0,0.0,1.88,0.0,0.0
2323,394.1,0.137093,0.223453,-0.965026,-0.122366,0.273454,-0.95407,0.008,0.253,0.0,0.0,0.0,0.0,1.9,1.37,0.17,1.52,2.75,0.11,0.0,0.0,0.0,0.0,1.87,0.0,0.0
2324,394.13,0.143801,0.21619,-0.965703,-0.132718,0.269687,-0.953758,0.006,0.248,0.0,0.0,0.0,0.0,1.91,1.38,0.11,1.49,2.7,0.11,0.0,0.0,0.0,0.0,1.86,0.0,0.0
2325,394.17,0.161184,0.208631,-0.964621,-0.146261,0.285991,-0.947004,0.008,0.253,0.0,0.0,0.0,0.0,1.91,1.43,0.07,1.52,2.67,0.14,0.0,0.03,0.0,0.0,1.85,0.0,0.0
2326,394.2,0.183807,0.218275,-0.958421,-0.148697,0.308243,-0.939614,0.018,0.271,0.0,0.0,0.0,0.0,1.94,1.56,0.14,1.57,2.65,0.25,0.0,0.04,0.0,0.0,1.98,0.0,0.0
2327,394.23,0.191551,0.212542,-0.958193,-0.144947,0.291135,-0.945638,0.024,0.259,0.0,0.0,0.0,0.0,1.93,1.77,0.19,1.58,2.65,0.27,0.0,0.08,0.0,0.0,2.08,0.0,0.0
2328,394.27,0.191908,0.211661,-0.958317,-0.139279,0.279669,-0.94994,0.028,0.252,0.0,0.0,0.0,0.0,1.89,1.8,0.19,1.59,2.63,0.27,0.0,0.07,0.0,0.0,2.2,0.0,0.0
2329,394.3,0.191332,0.211824,-0.958396,-0.140665,0.280983,-0.949348,0.027,0.253,0.0,0.0,0.0,0.0,1.92,1.82,0.17,1.61,2.65,0.22,0.0,0.14,0.0,0.0,2.19,0.0,0.0
2330,394.33,0.216155,0.214916,-0.952412,-0.144514,0.292149,-0.945391,0.038,0.261,0.0,0.0,0.0,0.0,1.92,1.79,0.19,1.68,2.68,0.27,0.0,0.14,0.0,0.0,2.11,0.0,0.0
2331,394.37,0.205064,0.209738,-0.956012,-0.130659,0.275193,-0.952469,0.039,0.249,0.0,0.0,0.0,0.0,1.91,1.72,0.17,1.7,2.69,0.41,0.0,0.24,0.0,0.0,2.12,0.0,0.0
2332,394.4,0.200045,0.205556,-0.957982,-0.134143,0.283429,-0.949565,0.035,0.251,0.0,0.0,0.0,0.0,1.9,1.53,0.19,1.72,2.67,0.56,0.0,0.29,0.0,0.0,2.16,0.0,0.0
2333,394.43,0.19967,0.200148,-0.959204,-0.138193,0.289819,-0.947052,0.032,0.252,0.0,0.0,0.0,0.0,1.91,1.43,0.16,1.67,2.64,0.59,0.0,0.35,0.0,0.0,2.21,0.0,0.0
2334,394.47,0.185871,0.208352,-0.96023,-0.149093,0.295871,-0.943521,0.019,0.259,0.0,0.0,0.0,0.0,1.91,1.45,0.19,1.64,2.62,0.52,0.0,0.35,0.0,0.0,2.16,0.0,0.0
2335,394.5,0.184159,0.204014,-0.96149,-0.147083,0.291178,-0.945295,0.019,0.254,0.0,0.0,0.0,0.0,1.93,1.67,0.13,1.6,2.64,0.51,0.0,0.28,0.0,0.0,2.15,0.0,0.0
2336,394.53,0.195166,0.210807,-0.957847,-0.154287,0.290923,-0.944224,0.021,0.258,0.0,0.0,0.0,0.0,1.95,1.66,0.11,1.57,2.65,0.64,0.0,0.28,0.0,0.0,2.11,0.0,0.0
2337,394.57,0.200128,0.215837,-0.9557,-0.150811,0.294037,-0.943821,0.026,0.262,0.0,0.0,0.0,0.0,1.98,1.64,0.06,1.57,2.68,0.82,0.0,0.3,0.0,0.0,2.08,0.0,0.0
2338,394.6,0.193491,0.220614,-0.955976,-0.151739,0.292734,-0.944077,0.022,0.264,0.0,0.0,0.0,0.0,1.96,1.58,0.09,1.58,2.65,0.99,0.0,0.36,0.0,0.0,2.04,0.0,0.0
2339,394.63,0.197249,0.218298,-0.95574,-0.157486,0.284444,-0.945669,0.021,0.258,0.0,0.0,0.0,0.0,1.97,1.54,0.07,1.56,2.63,1.03,0.17,0.41,0.0,0.0,2.17,0.0,0.0
2340,394.67,0.173353,0.22013,-0.959943,-0.152317,0.284008,-0.946646,0.011,0.259,0.0,0.0,0.0,0.0,1.97,1.44,0.05,1.54,2.59,1.06,0.26,0.45,0.0,0.0,2.23,0.0,0.0
2341,394.7,0.16805,0.219079,-0.961126,-0.149314,0.282184,-0.94767,0.01,0.257,0.0,0.0,0.0,0.0,1.95,1.18,0.03,1.54,2.59,1.07,0.38,0.49,0.0,0.0,2.28,0.0,0.0
2342,394.73,0.168145,0.219851,-0.960933,-0.152011,0.282802,-0.947056,0.008,0.258,0.0,0.0,0.09,0.0,1.89,1.1,0.07,1.65,2.49,0.94,0.47,0.63,0.01,0.0,2.38,0.0,0.01
2343,394.77,0.240237,0.18058,-0.95377,-0.15314,0.26432,-0.952199,0.046,0.229,0.0,0.0,0.16,0.0,1.94,1.07,0.18,1.74,2.32,0.98,0.67,0.86,0.09,0.0,2.52,0.11,0.01
2344,394.8,0.180619,0.137649,-0.973873,-0.155267,0.204665,-0.966439,0.013,0.175,0.0,0.0,0.17,0.0,1.96,1.25,0.28,1.73,2.14,0.9,0.81,0.94,0.15,0.0,2.71,0.25,0.01
2345,394.83,0.04545,0.125579,-0.991042,-0.076224,0.182796,-0.980192,-0.016,0.155,0.0,0.0,0.08,0.0,2.04,1.38,0.36,1.66,2.05,1.01,0.67,0.96,0.19,0.0,2.77,0.41,0.0
2346,394.87,0.05091,0.128515,-0.9904,-0.077263,0.185439,-0.979614,-0.013,0.158,0.0,0.0,0.02,0.0,2.02,1.42,0.39,1.59,2.04,0.95,0.53,0.86,0.15,0.0,2.89,0.46,0.0
2347,394.9,0.047903,0.126228,-0.990844,-0.076439,0.182767,-0.98018,-0.014,0.156,0.0,0.0,0.03,0.0,1.92,1.49,0.36,1.56,1.96,0.77,0.5,0.84,0.09,0.0,2.7,0.42,0.0
2348,394.93,0.08375,0.147264,-0.985545,-0.084032,0.208248,-0.97446,-0.0,0.179,0.0,0.0,0.2,0.0,1.63,1.42,0.28,1.52,1.93,0.66,0.75,0.89,0.04,0.0,2.33,0.43,0.0
2349,394.97,0.060422,0.178057,-0.982163,-0.106821,0.203341,-0.973263,-0.024,0.193,0.0,0.0,0.5,0.0,1.29,1.57,0.17,1.38,1.81,0.35,1.05,0.96,0.05,0.0,1.69,0.41,0.0
2350,395.0,0.031274,0.179292,-0.983299,-0.101491,0.189642,-0.976594,-0.036,0.186,0.0,0.0,0.78,0.0,1.07,1.49,0.1,1.28,1.76,0.22,1.25,1.1,0.05,0.0,1.24,0.41,0.0
2351,395.03,0.031659,0.1794,-0.983267,-0.103168,0.193421,-0.975676,-0.036,0.188,0.0,0.0,0.92,0.0,1.03,1.63,0.04,1.19,1.69,0.11,1.31,1.15,0.06,0.0,0.99,0.34,0.0
2352,395.07,0.03392,0.181441,-0.982817,-0.103022,0.194303,-0.975517,-0.035,0.19,0.0,0.0,0.97,0.0,1.03,1.58,0.03,1.2,1.7,0.2,1.26,1.18,0.03,0.0,0.97,0.28,0.0
2353,395.1,0.034465,0.18178,-0.982735,-0.103835,0.192949,-0.975699,-0.035,0.189,0.05,0.0,0.98,0.0,0.89,1.31,0.02,1.07,1.48,0.2,1.27,1.37,0.03,0.0,0.8,0.52,0.0
2354,395.13,0.055687,0.169975,-0.983874,-0.100519,0.18805,-0.977002,-0.023,0.181,0.16,0.0,0.99,0.0,0.77,1.12,0.02,1.05,1.32,0.19,1.13,1.62,0.02,0.0,0.55,0.85,0.0
2355,395.17,0.069747,0.154804,-0.98548,-0.092009,0.169265,-0.981266,-0.011,0.163,0.27,0.0,0.9,0.0,0.65,0.9,0.0,1.07,1.12,0.26,1.14,2.03,0.04,0.0,0.23,1.36,0.0
2356,395.2,0.049483,0.120216,-0.991514,-0.082097,0.142997,-0.986312,-0.016,0.132,0.28,0.0,0.91,0.0,0.69,1.0,0.0,1.14,1.14,0.46,1.19,2.32,0.1,0.0,0.09,1.65,0.0
2357,395.23,0.049802,0.124823,-0.990928,-0.08039,0.141351,-0.98669,-0.015,0.134,0.32,0.09,0.85,0.0,0.67,0.79,0.0,1.12,1.06,0.53,1.44,2.5,0.26,0.0,0.03,1.94,0.29
2358,395.27,0.221425,0.174755,-0.959391,-0.229794,0.26457,-0.936588,-0.004,0.228,0.39,0.14,0.82,0.0,0.64,0.51,0.0,1.04,1.03,0.54,1.53,2.61,0.4,0.0,0.0,2.07,0.66
2359,395.3,0.21626,0.178735,-0.959836,-0.230917,0.274161,-0.933549,-0.008,0.235,0.61,0.25,0.71,0.0,0.56,0.35,0.0,1.07,0.94,0.47,1.61,2.66,0.44,0.0,0.0,2.11,1.13
2360,395.33,0.230746,0.239897,-0.942977,-0.261555,0.313361,-0.912904,-0.017,0.29,0.64,0.17,0.75,0.0,0.55,0.52,0.0,1.0,0.97,0.49,1.34,2.5,0.31,0.0,0.0,2.08,1.09
2361,395.37,0.171104,0.222279,-0.959852,-0.224754,0.303563,-0.925924,-0.028,0.272,0.58,0.12,0.74,0.0,0.54,0.56,0.0,1.07,0.98,0.49,0.98,2.07,0.12,0.0,0.44,1.8,0.73
2362,395.4,0.072683,0.167783,-0.983141,-0.151341,0.212701,-0.965326,-0.04,0.193,0.43,0.01,0.76,0.0,0.51,0.38,0.0,1.06,1.07,0.5,0.53,1.57,0.08,0.0,1.06,1.49,0.25
2363,395.43,0.078373,0.131244,-0.988247,-0.146148,0.226077,-0.963083,-0.035,0.181,0.32,0.0,0.61,0.0,0.47,0.06,0.0,1.13,1.09,0.39,0.43,1.33,0.1,0.0,1.65,1.14,0.0
2364,395.47,0.065877,0.142715,-0.987569,-0.104218,0.187743,-0.976674,-0.02,0.167,0.26,0.0,0.53,0.0,0.46,0.0,0.0,1.08,1.11,0.28,0.47,1.28,0.13,0.0,1.79,1.03,0.0
2365,395.5,0.067763,0.148945,-0.986521,-0.124371,0.195336,-0.972818,-0.029,0.174,0.25,0.0,0.47,0.0,0.44,0.0,0.0,1.02,0.98,0.24,0.67,1.53,0.17,0.04,1.47,1.51,0.0
2366,395.53,0.050569,0.105403,-0.993143,-0.059348,0.158475,-0.985578,-0.004,0.133,0.22,0.0,0.43,0.0,0.34,0.0,0.0,0.9,0.8,0.27,0.81,1.87,0.21,0.07,1.26,2.18,0.0
2367,395.57,0.032647,0.109994,-0.993396,-0.0647,0.158244,-0.985278,-0.016,0.135,0.24,0.0,0.35,0.0,0.18,0.12,0.0,0.77,0.57,0.21,0.85,2.16,0.17,0.07,1.11,2.89,0.0
2368,395.6,0.036138,0.093123,-0.994999,-0.057445,0.15433,-0.986348,-0.011,0.124,0.22,0.0,0.27,0.0,0.08,0.22,0.0,0.77,0.46,0.09,0.69,2.24,0.16,0.03,1.09,3.11,0.0
2369,395.63,0.043752,0.102821,-0.993737,-0.061673,0.175013,-0.982633,-0.009,0.14,0.35,0.0,0.25,0.0,0.05,0.36,0.0,0.76,0.4,0.0,0.62,2.17,0.27,0.0,0.89,3.13,0.0
2370,395.67,0.03659,0.103679,-0.993938,-0.057411,0.16738,-0.984219,-0.011,0.136,0.41,0.0,0.27,0.0,0.09,0.47,0.0,0.8,0.41,0.0,0.57,2.19,0.41,0.0,0.6,3.08,0.0
2371,395.7,0.037491,0.10773,-0.993473,-0.055827,0.168755,-0.984076,-0.009,0.139,0.48,0.0,0.32,0.0,0.15,0.59,0.0,0.6,0.5,0.0,0.53,2.28,0.49,0.0,0.38,3.01,0.49
2372,395.73,0.233458,0.244497,-0.941126,-0.236566,0.313595,-0.919617,-0.002,0.291,0.37,0.0,0.37,0.0,0.25,0.59,0.0,0.56,0.61,0.0,0.36,2.2,0.29,0.0,0.54,2.81,0.95
2373,395.77,0.200546,0.230012,-0.9523,-0.242675,0.326091,-0.913659,-0.023,0.29,0.37,0.0,0.49,0.0,0.39,0.66,0.0,0.56,0.69,0.0,0.4,2.14,0.15,0.0,0.8,2.66,1.23
2374,395.8,0.181043,0.193718,-0.964208,-0.207844,0.281308,-0.936839,-0.014,0.245,0.28,0.0,0.54,0.0,0.43,0.55,0.0,0.65,0.62,0.03,0.53,2.13,0.1,0.07,0.98,2.49,0.74
2375,395.83,0.067155,0.150745,-0.986289,-0.157701,0.232773,-0.95966,-0.046,0.195,0.27,0.0,0.59,0.0,0.43,0.6,0.0,0.63,0.52,0.06,0.76,2.17,0.26,0.12,0.84,2.4,0.28
2376,395.87,0.090797,0.158869,-0.983116,-0.154882,0.229278,-0.96096,-0.033,0.197,0.22,0.0,0.57,0.0,0.35,0.45,0.0,0.52,0.43,0.06,0.9,2.16,0.36,0.17,0.65,2.35,0.0
2377,395.9,0.090512,0.158725,-0.983165,-0.153215,0.227502,-0.961649,-0.032,0.196,0.16,0.0,0.56,0.0,0.27,0.37,0.0,0.69,0.38,0.04,0.93,2.16,0.4,0.16,0.59,2.61,0.0
2378,395.93,0.076787,0.125179,-0.989158,-0.144109,0.183587,-0.972383,-0.034,0.156,0.2,0.0,0.52,0.0,0.23,0.29,0.0,0.81,0.27,0.01,1.18,2.32,0.47,0.21,0.52,2.8,0.0
2379,395.97,0.035153,0.107455,-0.993588,-0.075733,0.167115,-0.983025,-0.021,0.138,0.18,0.0,0.53,0.0,0.23,0.22,0.0,1.01,0.21,0.01,1.46,2.52,0.52,0.26,0.36,3.0,0.0
2380,396.0,0.004662,0.111771,-0.993723,-0.08051,0.170647,-0.982038,-0.038,0.142,0.19,0.0,0.54,0.0,0.29,0.19,0.0,0.92,0.22,0.0,1.63,2.55,0.58,0.31,0.2,2.82,0.0
2381,396.03,0.026913,0.128692,-0.991319,-0.104063,0.186991,-0.976834,-0.039,0.159,0.18,0.0,0.52,0.0,0.33,0.09,0.0,0.91,0.32,0.0,1.56,2.51,0.5,0.33,0.1,2.77,0.0
2382,396.07,0.030913,0.125586,-0.991601,-0.103203,0.185406,-0.977227,-0.037,0.157,0.18,0.0,0.45,0.0,0.35,0.02,0.0,0.84,0.39,0.0,1.38,2.44,0.51,0.34,0.08,2.64,0.0
2383,396.1,0.030677,0.124555,-0.991738,-0.10372,0.185263,-0.9772,-0.037,0.156,0.27,0.0,0.46,0.0,0.36,0.14,0.0,0.77,0.43,0.11,1.24,2.35,0.5,0.23,0.43,2.53,0.0
2384,396.13,0.022907,0.112969,-0.993334,-0.118177,0.191144,-0.974422,-0.048,0.153,0.23,0.0,0.49,0.0,0.35,0.21,0.0,0.67,0.51,0.12,0.91,2.22,0.44,0.11,0.84,2.36,0.0
2385,396.17,0.021133,0.110086,-0.993697,-0.114405,0.168888,-0.978973,-0.047,0.14,0.17,0.0,0.52,0.0,0.39,0.28,0.0,0.62,0.59,0.14,0.46,1.94,0.27,0.0,1.42,2.13,0.0
2386,396.2,0.034435,0.130086,-0.990905,-0.118231,0.184926,-0.975615,-0.043,0.159,0.04,0.0,0.56,0.0,0.4,0.2,0.03,0.66,0.69,0.04,0.23,1.64,0.14,0.0,1.68,2.0,0.0
2387,396.23,0.012323,0.111304,-0.99371,-0.118022,0.170226,-0.978312,-0.054,0.142,0.0,0.0,0.53,0.0,0.47,0.38,0.04,0.72,0.73,0.02,0.21,1.44,0.09,0.0,1.85,1.9,0.0
2388,396.27,0.012605,0.121508,-0.99251,-0.127586,0.17893,-0.975554,-0.058,0.151,0.0,0.0,0.48,0.0,0.47,0.46,0.04,0.68,0.77,0.0,0.3,1.4,0.11,0.0,1.82,1.9,0.0
2389,396.3,0.011701,0.124014,-0.992212,-0.129258,0.182655,-0.974643,-0.06,0.155,0.03,0.0,0.47,0.0,0.57,0.73,0.03,0.6,0.72,0.06,0.31,1.57,0.09,0.0,1.85,1.95,0.2
2390,396.33,0.020956,0.159489,-0.986977,-0.226727,0.245077,-0.94262,-0.106,0.207,0.04,0.0,0.42,0.0,0.65,0.68,0.02,0.65,0.69,0.06,0.36,1.5,0.16,0.0,1.91,2.16,0.87
2391,396.37,0.08079,0.193117,-0.977844,-0.315055,0.287812,-0.904381,-0.124,0.25,0.04,0.0,0.36,0.0,0.72,0.62,0.04,0.67,0.71,0.06,0.41,1.43,0.33,0.0,1.98,2.31,1.55
2392,396.4,0.068754,0.193118,-0.978764,-0.301451,0.265062,-0.915898,-0.122,0.237,0.02,0.0,0.25,0.0,0.75,0.4,0.11,0.76,0.77,0.05,0.45,1.29,0.45,0.0,1.93,2.3,1.84
2393,396.43,0.045226,0.184349,-0.98182,-0.306653,0.24309,-0.920256,-0.137,0.221,0.02,0.0,0.24,0.0,0.76,0.27,0.2,0.76,0.85,0.11,0.38,1.36,0.47,0.0,1.88,2.27,1.69
2394,396.47,0.043255,0.180637,-0.982598,-0.31114,0.241988,-0.91904,-0.14,0.219,0.02,0.0,0.27,0.0,0.79,0.26,0.26,0.81,0.87,0.11,0.48,1.3,0.44,0.0,1.89,2.26,1.5
2395,396.5,0.041504,0.183706,-0.982105,-0.312024,0.242993,-0.918475,-0.141,0.221,0.05,0.0,0.31,0.0,0.83,0.3,0.32,0.78,0.93,0.12,0.43,1.07,0.42,0.0,2.08,2.11,1.0
2396,396.53,-0.048636,0.150498,-0.987413,-0.300892,0.213332,-0.929491,-0.18,0.188,0.2,0.0,0.51,0.0,0.81,0.36,0.3,0.75,0.95,0.23,0.59,0.83,0.47,0.0,2.18,1.67,0.49
2397,396.57,-0.065492,0.156915,-0.985438,-0.280206,0.236655,-0.930311,-0.179,0.203,0.22,0.0,0.66,0.0,0.8,0.28,0.28,0.67,1.02,0.47,0.63,0.74,0.51,0.01,2.15,1.19,0.0
2398,396.6,-0.090666,0.175807,-0.980241,-0.30138,0.265191,-0.915884,-0.204,0.229,0.19,0.0,0.72,0.0,0.73,0.22,0.15,0.71,1.05,0.55,0.76,0.49,0.42,0.01,1.89,0.76,0.0
2399,396.63,-0.094753,0.186969,-0.977785,-0.311032,0.268439,-0.911701,-0.212,0.237,0.02,0.0,0.58,0.0,0.7,0.11,0.07,0.67,1.15,0.64,0.68,0.26,0.25,0.15,1.65,0.62,0.0
2400,396.67,-0.098617,0.183573,-0.978047,-0.307373,0.262139,-0.91477,-0.211,0.231,0.0,0.0,0.5,0.0,0.66,0.11,0.0,0.73,1.2,0.55,0.48,0.0,0.1,0.37,1.57,0.71,0.0
2401,396.7,-0.098209,0.178361,-0.979052,-0.308031,0.257842,-0.91577,-0.211,0.226,0.0,0.0,0.43,0.0,0.6,0.03,0.0,0.63,1.24,0.58,0.32,0.0,0.15,0.63,1.58,0.86,0.0
2402,396.73,-0.119467,0.196493,-0.9732,-0.32626,0.246364,-0.912611,-0.232,0.231,0.0,0.0,0.45,0.0,0.65,0.0,0.0,0.65,1.26,0.43,0.14,0.0,0.13,0.64,1.45,0.65,0.0
2403,396.77,-0.065989,0.21628,-0.974099,-0.281924,0.258926,-0.923838,-0.181,0.245,0.0,0.0,0.43,0.0,0.72,0.0,0.0,0.61,1.31,0.49,0.22,0.0,0.08,0.47,1.33,0.26,0.0
2404,396.8,-0.00523,0.216287,-0.976316,-0.235577,0.250091,-0.939126,-0.125,0.239,0.0,0.0,0.41,0.0,0.75,0.0,0.0,0.69,1.35,0.46,0.23,0.0,0.0,0.45,1.09,0.03,0.0
2405,396.83,0.027293,0.18301,-0.982732,-0.19186,0.19173,-0.962512,-0.084,0.19,0.0,0.0,0.37,0.0,0.7,0.0,0.0,0.7,1.39,0.54,0.32,0.0,0.0,0.61,1.06,0.1,0.0
2406,396.87,0.023226,0.168127,-0.985492,-0.183594,0.168329,-0.968483,-0.082,0.171,0.0,0.0,0.37,0.0,0.64,0.0,0.0,0.71,1.41,0.5,0.2,0.0,0.0,0.87,0.98,0.11,0.0
2407,396.9,0.024168,0.163849,-0.986189,-0.179566,0.162407,-0.970247,-0.079,0.165,0.0,0.0,0.41,0.0,0.69,0.07,0.0,0.64,1.45,0.5,0.19,0.0,0.0,1.04,0.94,0.09,0.0
2408,396.93,0.030988,0.187358,-0.981803,-0.210105,0.211226,-0.954589,-0.092,0.203,0.0,0.0,0.41,0.0,0.7,0.07,0.0,0.66,1.51,0.42,0.26,0.0,0.0,1.07,0.96,0.07,0.0
2409,396.97,0.018708,0.191724,-0.981271,-0.161633,0.171136,-0.971899,-0.073,0.184,0.0,0.0,0.29,0.0,0.8,0.24,0.0,0.78,1.68,0.41,0.37,0.0,0.0,0.84,0.95,0.08,0.0
2410,397.0,0.048029,0.180648,-0.982374,-0.133482,0.170255,-0.976317,-0.044,0.177,0.0,0.0,0.14,0.0,0.83,0.4,0.0,0.9,1.81,0.39,0.38,0.0,0.0,0.43,0.97,0.06,0.0
2411,397.03,0.050448,0.183511,-0.981722,-0.134838,0.171562,-0.975902,-0.043,0.179,0.0,0.0,0.06,0.0,0.95,0.5,0.01,1.1,1.97,0.47,0.37,0.0,0.0,0.1,1.11,0.02,0.0
2412,397.07,0.022193,0.202442,-0.979043,-0.112185,0.18565,-0.976191,-0.046,0.196,0.0,0.0,0.14,0.0,0.97,0.33,0.04,1.25,2.0,0.44,0.32,0.0,0.0,0.0,1.26,0.0,0.0
2413,397.1,0.021938,0.204809,-0.978556,-0.114958,0.186516,-0.975703,-0.048,0.198,0.0,0.0,0.15,0.0,1.07,0.37,0.08,1.39,2.09,0.39,0.35,0.0,0.0,0.0,1.5,0.0,0.0
2414,397.13,-0.006338,0.213287,-0.976969,-0.097212,0.195392,-0.975895,-0.053,0.206,0.0,0.0,0.17,0.0,1.3,0.45,0.08,1.52,2.21,0.43,0.22,0.0,0.0,0.0,1.55,0.0,0.0
2415,397.17,-0.008106,0.205162,-0.978694,-0.135188,0.192824,-0.971876,-0.073,0.201,0.0,0.0,0.14,0.0,1.46,0.62,0.04,1.52,2.33,0.55,0.16,0.0,0.0,0.0,1.54,0.0,0.0
2416,397.2,0.018087,0.203473,-0.978913,-0.130642,0.197513,-0.971556,-0.058,0.203,0.0,0.0,0.15,0.0,1.65,0.75,0.0,1.57,2.47,0.74,0.07,0.0,0.0,0.0,1.55,0.0,0.0
2417,397.23,0.021582,0.191187,-0.981316,-0.124418,0.189023,-0.974059,-0.053,0.192,0.0,0.0,0.16,0.0,1.7,0.91,0.0,1.49,2.5,0.84,0.11,0.01,0.0,0.0,1.6,0.0,0.0
2418,397.27,0.044703,0.20213,-0.978338,-0.119475,0.186779,-0.97511,-0.038,0.197,0.0,0.0,0.19,0.0,1.82,1.03,0.01,1.51,2.55,0.87,0.13,0.01,0.0,0.0,1.75,0.0,0.0
2419,397.3,0.046599,0.2046,-0.977736,-0.120039,0.187999,-0.974806,-0.038,0.198,0.0,0.0,0.2,0.0,1.83,1.06,0.01,1.58,2.61,0.91,0.21,0.01,0.0,0.0,1.85,0.0,0.0
2420,397.33,0.03251,0.192507,-0.980757,-0.134727,0.200189,-0.97045,-0.052,0.199,0.0,0.0,0.13,0.0,1.73,1.08,0.0,1.53,2.48,0.8,0.2,0.07,0.0,0.0,1.74,0.0,0.0
2421,397.37,0.019363,0.183424,-0.982843,-0.152181,0.19515,-0.968895,-0.068,0.192,0.0,0.0,0.05,0.0,1.5,1.15,0.02,1.48,2.26,0.74,0.21,0.21,0.02,0.0,1.56,0.0,0.0
2422,397.4,0.007085,0.172291,-0.985021,-0.149772,0.18739,-0.9708,-0.073,0.182,0.0,0.0,0.0,0.0,1.33,1.02,0.04,1.38,1.95,0.61,0.19,0.31,0.02,0.0,1.33,0.0,0.0
2423,397.43,0.003329,0.175934,-0.984396,-0.153371,0.188541,-0.970015,-0.077,0.184,0.0,0.0,0.15,0.0,1.28,1.02,0.08,1.42,1.88,0.58,0.25,0.25,0.02,0.0,1.57,0.09,0.0
2424,397.47,0.005419,0.165766,-0.98615,-0.177048,0.178309,-0.967915,-0.088,0.174,0.0,0.0,0.29,0.0,1.35,1.02,0.11,1.43,1.88,0.54,0.31,0.12,0.0,0.0,1.83,0.23,0.0
2425,397.5,0.003294,0.165595,-0.986188,-0.175055,0.177142,-0.968492,-0.088,0.174,0.0,0.0,0.45,0.0,1.38,1.14,0.11,1.47,1.94,0.62,0.42,0.05,0.0,0.0,2.11,0.38,0.0
2426,397.53,0.005072,0.168444,-0.985698,-0.175814,0.175784,-0.968602,-0.087,0.174,0.0,0.0,0.46,0.0,1.36,1.07,0.19,1.47,1.93,0.78,0.41,0.04,0.0,0.0,2.13,0.34,0.0
2427,397.57,-0.006991,0.149585,-0.988724,-0.172888,0.164244,-0.971151,-0.092,0.159,0.0,0.0,0.44,0.0,1.35,1.1,0.23,1.45,1.93,0.85,0.38,0.04,0.0,0.0,2.13,0.28,0.0
2428,397.6,-0.011269,0.151958,-0.988323,-0.172906,0.17656,-0.968984,-0.094,0.166,0.0,0.0,0.4,0.0,1.34,1.04,0.29,1.25,1.82,0.78,0.24,0.25,0.07,0.0,1.93,0.21,0.0
2429,397.63,-0.007747,0.139864,-0.99014,-0.176201,0.164562,-0.970501,-0.094,0.154,0.0,0.0,0.39,0.0,1.31,1.03,0.26,1.02,1.62,0.7,0.23,0.7,0.33,0.01,1.69,0.34,0.0
2430,397.67,-0.011557,0.131118,-0.991299,-0.183351,0.15104,-0.971375,-0.099,0.143,0.0,0.0,0.4,0.0,1.23,0.8,0.29,0.83,1.39,0.66,0.23,1.2,0.54,0.01,1.45,0.42,0.0
2431,397.7,-0.011867,0.128767,-0.991604,-0.184072,0.148624,-0.971611,-0.099,0.14,0.0,0.0,0.39,0.0,1.17,0.62,0.34,0.79,1.28,0.76,0.3,1.51,0.73,0.01,1.4,0.65,0.0
2432,397.73,-0.011544,0.128684,-0.991618,-0.184034,0.151928,-0.971107,-0.099,0.142,0.0,0.0,0.36,0.0,1.1,0.57,0.33,0.91,1.28,0.88,0.4,1.56,0.78,0.0,1.38,0.69,0.0
2433,397.77,-0.003169,0.122521,-0.992461,-0.190309,0.128402,-0.973291,-0.098,0.127,0.0,0.0,0.38,0.0,1.09,0.78,0.4,1.0,1.3,0.92,0.48,1.41,0.75,0.0,1.39,0.69,0.0
2434,397.8,-0.006887,0.129324,-0.991578,-0.204451,0.134209,-0.969633,-0.107,0.134,0.0,0.0,0.5,0.0,1.11,0.82,0.37,1.05,1.33,0.84,0.58,1.07,0.6,0.0,1.4,0.48,0.0
2435,397.83,-0.003589,0.149269,-0.98879,-0.200612,0.144719,-0.968923,-0.104,0.149,0.0,0.0,0.59,0.0,1.17,0.72,0.38,1.0,1.45,0.61,0.52,0.75,0.47,0.0,1.45,0.27,0.0
2436,397.87,0.006108,0.154144,-0.98803,-0.192283,0.152671,-0.969391,-0.095,0.155,0.0,0.0,0.68,0.0,1.25,0.59,0.29,0.98,1.55,0.52,0.44,0.51,0.47,0.0,1.5,0.12,0.0
2437,397.9,0.00542,0.154563,-0.987968,-0.193472,0.151718,-0.969304,-0.096,0.155,0.0,0.0,0.66,0.0,1.29,0.61,0.29,1.03,1.64,0.52,0.44,0.45,0.54,0.0,1.65,0.14,0.0
2438,397.93,0.017041,0.162331,-0.986589,-0.182476,0.144762,-0.972495,-0.084,0.155,0.0,0.0,0.68,0.0,1.36,0.82,0.28,1.16,1.78,0.55,0.45,0.39,0.45,0.0,1.81,0.14,0.0
2439,397.97,0.029478,0.184607,-0.98237,-0.156884,0.161391,-0.974341,-0.065,0.175,0.0,0.0,0.64,0.0,1.44,0.92,0.21,1.28,2.01,0.54,0.47,0.29,0.3,0.0,1.86,0.13,0.0
2440,398.0,0.035168,0.185051,-0.982099,-0.152398,0.153357,-0.976349,-0.06,0.171,0.0,0.0,0.69,0.0,1.54,1.14,0.22,1.41,2.24,0.61,0.39,0.16,0.11,0.0,1.82,0.13,0.0
2441,398.03,0.057955,0.18651,-0.980742,-0.144444,0.161086,-0.976313,-0.044,0.176,0.0,0.0,0.7,0.0,1.6,1.14,0.26,1.46,2.34,0.7,0.36,0.04,0.03,0.0,1.73,0.19,0.0
2442,398.07,0.055307,0.193879,-0.979465,-0.134567,0.168665,-0.976444,-0.041,0.183,0.0,0.0,0.76,0.0,1.64,1.18,0.32,1.53,2.38,0.78,0.33,0.03,0.0,0.0,1.74,0.28,0.0
2443,398.1,0.055669,0.195167,-0.979189,-0.132935,0.167547,-0.97686,-0.039,0.183,0.0,0.0,0.69,0.0,1.67,1.1,0.3,1.56,2.39,0.87,0.33,0.0,0.0,0.0,1.73,0.19,0.0
2444,398.13,0.061977,0.183911,-0.980987,-0.128096,0.157756,-0.979135,-0.034,0.173,0.0,0.0,0.74,0.0,1.62,1.03,0.27,1.55,2.41,0.82,0.29,0.0,0.0,0.0,1.71,0.11,0.26
2445,398.17,0.160085,0.258245,-0.952724,-0.18382,0.314362,-0.931336,-0.013,0.295,0.04,0.0,0.83,0.0,1.57,0.93,0.24,1.55,2.46,0.81,0.21,0.0,0.0,0.0,1.73,0.02,0.57
2446,398.2,0.185741,0.277896,-0.942483,-0.157301,0.317384,-0.93516,0.015,0.307,0.04,0.0,0.9,0.0,1.56,0.92,0.23,1.6,2.51,0.89,0.1,0.0,0.0,0.0,1.78,0.0,0.96
2447,398.23,0.195055,0.280627,-0.939788,-0.144888,0.329641,-0.932923,0.027,0.315,0.06,0.0,0.89,0.0,1.57,0.79,0.21,1.62,2.58,1.04,0.02,0.0,0.0,0.0,1.85,0.0,1.07
2448,398.27,0.191163,0.292226,-0.937049,-0.143169,0.336146,-0.930864,0.026,0.325,0.02,0.0,0.81,0.0,1.58,0.71,0.19,1.61,2.62,1.13,0.01,0.0,0.0,0.0,1.82,0.0,1.14
2449,398.3,0.191177,0.293064,-0.936784,-0.146023,0.335212,-0.930758,0.024,0.325,0.09,0.0,0.81,0.0,1.54,0.58,0.17,1.55,2.62,1.02,0.05,0.0,0.0,0.0,1.83,0.0,1.13
2450,398.33,0.20714,0.291547,-0.933859,-0.144295,0.33176,-0.932263,0.034,0.322,0.08,0.0,0.84,0.0,1.58,0.75,0.18,1.51,2.6,0.95,0.09,0.0,0.0,0.0,1.78,0.0,1.17
2451,398.37,0.211647,0.293742,-0.932159,-0.131458,0.323753,-0.936965,0.043,0.319,0.12,0.0,0.89,0.0,1.62,0.94,0.18,1.53,2.59,0.9,0.08,0.0,0.0,0.0,1.83,0.0,1.21
2452,398.4,0.234916,0.285897,-0.92902,-0.11684,0.339994,-0.933141,0.063,0.324,0.12,0.0,0.83,0.0,1.67,0.96,0.14,1.54,2.64,1.03,0.04,0.08,0.0,0.0,1.81,0.0,1.15
2453,398.43,0.255073,0.288832,-0.922775,-0.09021,0.286594,-0.953795,0.088,0.298,0.15,0.0,0.67,0.0,1.62,0.95,0.08,1.61,2.65,1.14,0.0,0.17,0.0,0.0,1.88,0.02,0.97
2454,398.47,0.26156,0.270797,-0.926421,-0.085696,0.277204,-0.956982,0.093,0.283,0.18,0.0,0.5,0.0,1.62,0.91,0.03,1.57,2.62,1.26,0.0,0.27,0.0,0.0,1.85,0.05,0.79
2455,398.5,0.268662,0.268836,-0.924958,-0.085364,0.276205,-0.9573,0.097,0.282,0.13,0.0,0.44,0.0,1.6,0.86,0.07,1.57,2.52,1.33,0.0,0.39,0.0,0.0,1.91,0.12,0.65
2456,398.53,0.256424,0.277099,-0.925993,-0.070639,0.28556,-0.955754,0.098,0.291,0.09,0.0,0.45,0.0,1.58,0.81,0.12,1.55,2.41,1.43,0.0,0.47,0.0,0.0,1.92,0.12,0.6
2457,398.57,0.268378,0.272955,-0.923834,-0.070013,0.277125,-0.95828,0.105,0.284,0.09,0.0,0.38,0.0,1.45,0.78,0.11,1.48,2.14,1.56,0.0,0.66,0.08,0.0,1.76,0.15,0.57
2458,398.6,0.2729,0.262143,-0.925639,-0.057968,0.281121,-0.95792,0.114,0.281,0.07,0.0,0.23,0.0,1.18,0.73,0.06,1.32,1.76,1.44,0.0,1.0,0.14,0.0,1.42,0.42,0.69
2459,398.63,0.259238,0.245562,-0.934074,-0.055682,0.279412,-0.958555,0.107,0.271,0.08,0.0,0.08,0.0,0.89,0.78,0.0,1.25,1.34,1.23,0.0,1.5,0.27,0.0,0.8,0.9,0.79
2460,398.67,0.233394,0.249164,-0.939917,-0.063993,0.285987,-0.956094,0.089,0.275,0.07,0.0,0.04,0.0,0.73,0.86,0.0,1.19,1.12,1.05,0.0,1.9,0.3,0.01,0.35,1.34,0.8
2461,398.7,0.233763,0.241472,-0.941831,-0.067071,0.282037,-0.957056,0.088,0.269,0.07,0.0,0.07,0.0,0.74,1.11,0.0,1.12,1.05,1.04,0.13,2.12,0.46,0.08,0.02,1.45,0.5
2462,398.73,0.172,0.208798,-0.962715,-0.014351,0.219419,-0.975525,0.081,0.217,0.06,0.0,0.09,0.0,0.76,1.22,0.0,1.01,1.05,1.17,0.3,2.18,0.53,0.15,0.0,1.5,0.21
2463,398.77,0.185611,0.211662,-0.959556,-0.015487,0.221892,-0.974948,0.088,0.22,0.01,0.0,0.06,0.0,0.82,1.2,0.0,0.9,1.05,1.1,0.45,2.17,0.56,0.24,0.0,1.59,0.0
2464,398.8,0.124973,0.163168,-0.978651,-0.026109,0.227198,-0.973499,0.051,0.197,0.0,0.0,0.04,0.0,0.86,1.03,0.0,1.0,1.1,0.99,0.46,2.19,0.39,0.26,0.05,1.74,0.0
2465,398.83,0.11064,0.167556,-0.979635,-0.032014,0.228898,-0.972924,0.04,0.2,0.0,0.0,0.01,0.0,1.01,0.92,0.0,1.09,1.24,0.74,0.29,2.06,0.29,0.18,0.51,1.73,0.0
2466,398.87,0.091549,0.165506,-0.98195,-0.031844,0.22515,-0.973804,0.031,0.197,0.0,0.0,0.01,0.0,1.11,0.8,0.0,1.25,1.4,0.53,0.2,1.87,0.26,0.08,1.01,1.64,0.0
2467,398.9,0.095671,0.165982,-0.981477,-0.034082,0.226586,-0.973395,0.031,0.198,0.0,0.0,0.0,0.0,1.21,0.87,0.0,1.24,1.58,0.43,0.05,1.55,0.32,0.0,1.41,1.49,0.0
2468,398.93,0.085876,0.167408,-0.98214,-0.025951,0.220697,-0.974997,0.031,0.196,0.0,0.0,0.01,0.0,1.27,0.87,0.0,1.29,1.66,0.48,0.06,1.37,0.22,0.0,1.5,1.47,0.0
2469,398.97,0.089114,0.165866,-0.982113,-0.035782,0.21225,-0.97656,0.027,0.191,0.0,0.0,0.01,0.0,1.31,0.79,0.0,1.32,1.78,0.62,0.0,1.3,0.16,0.0,1.59,1.35,0.0
2470,399.0,0.077531,0.155894,-0.984726,-0.042615,0.209982,-0.976776,0.018,0.184,0.0,0.0,0.03,0.0,1.38,0.75,0.0,1.46,1.94,0.65,0.05,0.98,0.05,0.0,1.95,1.26,0.0
2471,399.03,0.068077,0.158224,-0.985054,-0.050684,0.200089,-0.978466,0.009,0.18,0.0,0.0,0.06,0.0,1.4,0.69,0.01,1.49,2.05,0.59,0.05,0.73,0.05,0.0,2.21,1.05,0.0
2472,399.07,0.077296,0.159913,-0.9841,-0.052556,0.214917,-0.975217,0.013,0.189,0.0,0.0,0.06,0.0,1.44,0.8,0.02,1.55,2.12,0.52,0.05,0.47,0.03,0.0,2.42,0.96,0.0
2473,399.1,0.077561,0.160758,-0.983942,-0.055676,0.215163,-0.97499,0.011,0.19,0.0,0.0,0.04,0.0,1.42,0.88,0.04,1.48,2.06,0.39,0.08,0.55,0.03,0.0,2.36,0.92,0.0
2474,399.13,0.066913,0.164339,-0.984132,-0.069089,0.208068,-0.975671,-0.001,0.188,0.0,0.0,0.0,0.0,1.38,0.9,0.05,1.41,1.99,0.38,0.19,0.7,0.06,0.0,2.14,0.84,0.0
2475,399.17,0.048688,0.154992,-0.986715,-0.061127,0.192992,-0.979294,-0.006,0.175,0.0,0.0,0.0,0.0,1.35,0.84,0.07,1.26,1.86,0.34,0.23,0.84,0.07,0.0,1.92,0.74,0.0
2476,399.2,0.049937,0.154463,-0.986736,-0.062715,0.18704,-0.980348,-0.006,0.172,0.0,0.0,0.06,0.0,1.3,0.72,0.19,1.2,1.79,0.47,0.16,0.93,0.07,0.0,1.65,0.45,0.0
2477,399.23,0.030286,0.163216,-0.986125,-0.083966,0.196603,-0.976881,-0.027,0.181,0.0,0.0,0.16,0.0,1.33,0.7,0.28,1.15,1.81,0.33,0.09,0.69,0.03,0.0,1.74,0.32,0.0
2478,399.27,0.023036,0.170876,-0.985023,-0.080277,0.21015,-0.974368,-0.029,0.192,0.0,0.0,0.23,0.0,1.38,0.78,0.37,1.19,1.89,0.22,0.09,0.44,0.0,0.0,1.9,0.21,0.0
2479,399.3,0.021283,0.170681,-0.985097,-0.082983,0.208026,-0.974597,-0.031,0.191,0.0,0.0,0.2,0.0,1.48,0.95,0.32,1.27,2.07,0.05,0.21,0.25,0.0,0.0,2.26,0.27,0.0
2480,399.33,0.022605,0.168198,-0.985494,-0.103507,0.199748,-0.974365,-0.041,0.186,0.0,0.0,0.14,0.0,1.58,0.91,0.31,1.4,2.23,0.18,0.25,0.34,0.0,0.0,2.49,0.16,0.0
2481,399.37,0.022825,0.16774,-0.985567,-0.113068,0.205488,-0.972106,-0.046,0.188,0.0,0.0,0.1,0.0,1.65,0.92,0.28,1.54,2.35,0.38,0.31,0.45,0.0,0.0,2.68,0.16,0.0
2482,399.4,0.027559,0.165183,-0.985878,-0.097225,0.204518,-0.974022,-0.036,0.186,0.0,0.0,0.07,0.0,1.72,0.9,0.29,1.57,2.43,0.53,0.31,0.41,0.0,0.0,2.8,0.1,0.0
2483,399.43,0.02666,0.164927,-0.985945,-0.10452,0.205162,-0.973131,-0.04,0.187,0.0,0.0,0.12,0.0,1.74,1.12,0.29,1.58,2.43,0.57,0.41,0.34,0.0,0.0,2.94,0.11,0.0
2484,399.47,0.035119,0.155288,-0.987245,-0.110335,0.204982,-0.972527,-0.038,0.182,0.0,0.0,0.15,0.0,1.75,1.29,0.31,1.59,2.45,0.57,0.48,0.27,0.0,0.0,3.06,0.1,0.0
2485,399.5,0.033313,0.157847,-0.986901,-0.113068,0.206819,-0.971824,-0.041,0.184,0.0,0.0,0.22,0.0,1.71,1.36,0.29,1.63,2.42,0.46,0.49,0.21,0.0,0.0,3.05,0.13,0.0
2486,399.53,0.030564,0.150247,-0.988176,-0.108457,0.205904,-0.972543,-0.04,0.18,0.0,0.0,0.24,0.0,1.68,1.31,0.3,1.7,2.44,0.31,0.45,0.26,0.0,0.0,2.82,0.11,0.0
2487,399.57,0.025516,0.163705,-0.986179,-0.112364,0.206427,-0.971989,-0.044,0.187,0.0,0.0,0.35,0.0,1.7,1.26,0.3,1.73,2.49,0.12,0.41,0.31,0.0,0.0,2.65,0.05,0.0
2488,399.6,0.027356,0.159205,-0.986866,-0.114189,0.201662,-0.972776,-0.044,0.182,0.0,0.0,0.32,0.0,1.68,1.22,0.4,1.75,2.52,0.05,0.39,0.29,0.0,0.0,2.46,0.02,0.0
2489,399.63,0.049292,0.161089,-0.985708,-0.122772,0.189504,-0.974174,-0.037,0.177,0.0,0.0,0.29,0.0,1.67,1.2,0.43,1.75,2.54,0.01,0.33,0.15,0.0,0.0,2.41,0.01,0.0
2490,399.67,0.052843,0.163777,-0.985081,-0.11898,0.188415,-0.974856,-0.034,0.178,0.0,0.0,0.23,0.0,1.64,1.18,0.49,1.74,2.52,0.04,0.24,0.02,0.0,0.0,2.27,0.0,0.0
2491,399.7,0.0524,0.165025,-0.984896,-0.118706,0.188372,-0.974897,-0.034,0.178,0.0,0.0,0.28,0.0,1.66,1.17,0.48,1.67,2.54,0.04,0.2,0.02,0.0,0.0,2.25,0.0,0.0
2492,399.73,0.056874,0.174181,-0.98307,-0.106006,0.186724,-0.976676,-0.025,0.182,0.0,0.0,0.26,0.0,1.7,1.15,0.52,1.63,2.54,0.07,0.22,0.07,0.0,0.0,2.32,0.0,0.0
2493,399.77,0.055041,0.166944,-0.984429,-0.092876,0.177575,-0.979715,-0.019,0.174,0.0,0.0,0.26,0.0,1.72,1.11,0.48,1.57,2.51,0.12,0.26,0.12,0.0,0.0,2.38,0.0,0.0
2494,399.8,0.062481,0.169572,-0.983535,-0.103876,0.176839,-0.978743,-0.021,0.175,0.0,0.0,0.29,0.0,1.72,1.19,0.4,1.64,2.51,0.27,0.28,0.2,0.0,0.0,2.43,0.0,0.0
2495,399.83,0.124388,0.181313,-0.975527,-0.17939,0.258477,-0.949215,-0.029,0.225,0.0,0.0,0.35,0.0,1.73,1.14,0.42,1.63,2.52,0.41,0.25,0.29,0.0,0.0,2.38,0.16,0.47
2496,399.87,0.21164,0.230921,-0.949676,-0.312447,0.280136,-0.90769,-0.054,0.269,0.0,0.0,0.43,0.0,1.78,1.1,0.49,1.66,2.58,0.53,0.27,0.35,0.0,0.0,2.38,0.34,0.89
2497,399.9,0.213773,0.230916,-0.949199,-0.307685,0.278936,-0.909684,-0.05,0.268,0.0,0.0,0.43,0.0,1.84,1.06,0.55,1.63,2.54,0.49,0.23,0.46,0.0,0.0,2.4,0.51,1.34
2498,399.93,0.254004,0.239153,-0.93717,-0.31302,0.251981,-0.91571,-0.032,0.259,0.0,0.0,0.48,0.0,1.83,1.31,0.55,1.57,2.41,0.36,0.23,0.48,0.0,0.0,2.47,0.45,1.02
2499,399.97,0.205811,0.217612,-0.954089,-0.252555,0.239232,-0.937541,-0.025,0.237,0.0,0.0,0.46,0.0,1.81,1.52,0.53,1.53,2.27,0.28,0.21,0.52,0.0,0.0,2.48,0.37,0.68
2500,400.0,0.201917,0.209544,-0.956724,-0.248472,0.236336,-0.939365,-0.025,0.231,0.0,0.0,0.49,0.0,1.71,1.54,0.49,1.5,2.19,0.3,0.18,0.42,0.0,0.0,2.34,0.28,0.23
2501,400.03,0.085124,0.147606,-0.985376,-0.169933,0.220255,-0.960526,-0.044,0.187,0.0,0.0,0.36,0.0,1.61,1.26,0.39,1.43,2.14,0.47,0.2,0.33,0.02,0.0,2.08,0.2,0.08
2502,400.07,0.053498,0.163738,-0.985052,-0.077424,0.175603,-0.981412,-0.012,0.171,0.0,0.0,0.28,0.0,1.49,0.94,0.3,1.35,2.13,0.52,0.19,0.22,0.02,0.0,1.81,0.1,0.0
2503,400.1,0.053269,0.169458,-0.984097,-0.080436,0.17648,-0.981012,-0.014,0.174,0.0,0.0,0.23,0.0,1.43,0.9,0.17,1.25,2.05,0.56,0.25,0.26,0.04,0.0,1.6,0.01,0.0
2504,400.13,0.060777,0.184531,-0.980946,-0.084243,0.172366,-0.981424,-0.012,0.18,0.0,0.0,0.2,0.0,1.38,1.03,0.08,1.34,2.02,0.53,0.3,0.3,0.05,0.0,1.5,0.0,0.0
2505,400.17,0.073128,0.181919,-0.98059,-0.077564,0.163055,-0.983563,-0.002,0.174,0.0,0.0,0.24,0.0,1.33,1.19,0.01,1.32,1.96,0.58,0.34,0.39,0.14,0.0,1.47,0.04,0.0
2506,400.2,0.062487,0.189974,-0.979798,-0.08157,0.164848,-0.98294,-0.01,0.179,0.0,0.0,0.27,0.0,1.27,1.16,0.02,1.24,1.93,0.61,0.38,0.45,0.2,0.0,1.51,0.11,0.0
2507,400.23,0.060842,0.18544,-0.98077,-0.068832,0.165227,-0.983851,-0.004,0.177,0.0,0.0,0.3,0.0,1.29,1.06,0.05,1.21,1.95,0.75,0.38,0.55,0.27,0.0,1.52,0.18,0.0
2508,400.27,0.052501,0.182758,-0.981755,-0.078094,0.164176,-0.983335,-0.013,0.175,0.0,0.0,0.25,0.0,1.31,1.08,0.08,1.19,1.94,0.79,0.35,0.57,0.36,0.0,1.49,0.15,0.0
2509,400.3,0.053313,0.190257,-0.980286,-0.078951,0.16884,-0.982476,-0.013,0.181,0.0,0.0,0.11,0.0,1.35,1.0,0.14,1.35,2.0,0.94,0.24,0.51,0.4,0.0,1.52,0.2,0.0
2510,400.33,0.050068,0.183677,-0.981711,-0.084866,0.163612,-0.982868,-0.018,0.175,0.0,0.0,0.06,0.0,1.35,0.85,0.16,1.31,1.96,0.96,0.13,0.63,0.42,0.0,1.55,0.24,0.0
2511,400.37,0.05296,0.178936,-0.982434,-0.068283,0.165024,-0.983923,-0.008,0.173,0.0,0.0,0.07,0.0,1.34,0.52,0.15,1.39,2.01,1.0,0.06,0.73,0.34,0.0,1.64,0.32,0.0
2512,400.4,0.051147,0.182138,-0.981942,-0.078778,0.167048,-0.982797,-0.014,0.176,0.0,0.0,0.14,0.0,1.33,0.22,0.13,1.36,2.02,0.99,0.03,0.86,0.32,0.0,1.65,0.25,0.0
2513,400.43,0.054113,0.185008,-0.981246,-0.079364,0.166619,-0.982822,-0.013,0.177,0.0,0.0,0.14,0.0,1.38,0.16,0.07,1.33,2.09,0.93,0.0,0.81,0.31,0.0,1.7,0.32,0.0
2514,400.47,0.043163,0.155622,-0.986873,-0.072763,0.172713,-0.982281,-0.015,0.165,0.0,0.0,0.08,0.0,1.47,0.23,0.07,1.23,2.13,0.92,0.0,0.77,0.25,0.0,1.74,0.38,0.0
2515,400.5,0.049732,0.149914,-0.987447,-0.076136,0.17131,-0.982271,-0.013,0.162,0.0,0.0,0.07,0.0,1.54,0.49,0.03,1.15,2.19,0.88,0.0,0.69,0.23,0.0,1.79,0.48,0.0
2516,400.53,0.040736,0.164996,-0.985453,-0.07868,0.179538,-0.9806,-0.019,0.173,0.0,0.0,0.06,0.0,1.57,0.73,0.03,1.23,2.25,0.79,0.05,0.66,0.15,0.0,1.87,0.48,0.0
2517,400.57,0.036629,0.165674,-0.9855,-0.098991,0.181105,-0.978469,-0.032,0.175,0.0,0.0,0.06,0.0,1.58,0.95,0.0,1.34,2.3,0.76,0.07,0.69,0.15,0.0,1.97,0.48,0.0
2518,400.6,0.043455,0.161243,-0.985958,-0.100173,0.18109,-0.978352,-0.029,0.173,0.0,0.0,0.0,0.0,1.6,1.05,0.0,1.49,2.36,0.65,0.07,0.73,0.09,0.0,2.08,0.33,0.0
2519,400.63,0.028546,0.163282,-0.986166,-0.106481,0.183624,-0.977212,-0.04,0.175,0.0,0.0,0.0,0.0,1.57,1.02,0.0,1.44,2.41,0.64,0.02,0.68,0.05,0.0,2.09,0.16,0.0
2520,400.67,0.032359,0.163634,-0.98599,-0.111398,0.209978,-0.971339,-0.04,0.189,0.0,0.0,0.0,0.0,1.57,0.99,0.0,1.44,2.49,0.46,0.02,0.59,0.0,0.0,2.15,0.01,0.0
2521,400.7,0.033692,0.161232,-0.986341,-0.110354,0.207328,-0.972027,-0.039,0.186,0.0,0.0,0.0,0.0,1.58,0.95,0.0,1.35,2.49,0.45,0.12,0.53,0.0,0.0,2.16,0.01,0.1
2522,400.73,0.126309,0.219088,-0.967495,-0.183546,0.304718,-0.93459,-0.03,0.269,0.0,0.0,0.04,0.0,1.63,0.95,0.0,1.36,2.5,0.33,0.21,0.61,0.0,0.0,2.24,0.01,0.25
2523,400.77,0.127991,0.217232,-0.967692,-0.186299,0.30609,-0.933596,-0.031,0.269,0.0,0.0,0.04,0.0,1.69,0.89,0.0,1.33,2.46,0.4,0.28,0.68,0.0,0.0,2.33,0.02,0.44
2524,400.8,0.119654,0.215002,-0.969256,-0.193348,0.300977,-0.933825,-0.039,0.265,0.0,0.0,0.03,0.0,1.76,0.9,0.0,1.35,2.48,0.31,0.24,0.73,0.0,0.0,2.47,0.01,0.62
2525,400.83,0.113035,0.202095,-0.972821,-0.183725,0.290705,-0.939008,-0.037,0.252,0.0,0.0,0.0,0.0,1.8,0.88,0.0,1.43,2.5,0.34,0.2,0.7,0.0,0.0,2.64,0.03,0.71
2526,400.87,0.128432,0.200576,-0.971223,-0.19179,0.293878,-0.936404,-0.033,0.254,0.0,0.0,0.0,0.0,1.8,0.9,0.0,1.51,2.54,0.36,0.14,0.69,0.0,0.0,2.73,0.01,0.73
2527,400.9,0.125621,0.196963,-0.97233,-0.200242,0.294007,-0.934592,-0.039,0.252,0.0,0.0,0.0,0.0,1.79,0.98,0.01,1.51,2.51,0.37,0.14,0.79,0.0,0.0,2.76,0.05,0.66
2528,400.93,0.131186,0.196826,-0.971622,-0.194256,0.304892,-0.932366,-0.033,0.258,0.0,0.0,0.0,0.0,1.83,1.12,0.01,1.53,2.49,0.39,0.19,0.84,0.0,0.0,2.76,0.04,0.59
2529,400.97,0.128952,0.192183,-0.97285,-0.192998,0.301779,-0.933639,-0.034,0.254,0.0,0.0,0.0,0.0,1.86,1.32,0.07,1.53,2.52,0.32,0.16,0.83,0.0,0.0,2.72,0.04,0.48
2530,401.0,0.128847,0.193376,-0.972627,-0.18504,0.304703,-0.9343,-0.029,0.255,0.0,0.0,0.0,0.0,1.91,1.47,0.09,1.58,2.56,0.26,0.1,0.78,0.0,0.0,2.65,0.0,0.41
2531,401.03,0.12879,0.191113,-0.973082,-0.191956,0.302015,-0.933777,-0.033,0.253,0.0,0.0,0.0,0.0,1.99,1.58,0.15,1.56,2.61,0.15,0.1,0.74,0.0,0.0,2.77,0.0,0.23
2532,401.07,0.12274,0.192324,-0.973625,-0.176809,0.298193,-0.937987,-0.028,0.251,0.0,0.0,0.0,0.0,2.07,1.69,0.19,1.61,2.59,0.06,0.18,0.74,0.0,0.0,2.95,0.0,0.14
2533,401.1,0.122482,0.194181,-0.973289,-0.176463,0.298835,-0.937848,-0.028,0.252,0.0,0.0,0.0,0.0,2.12,1.55,0.26,1.68,2.59,0.16,0.25,0.73,0.0,0.0,3.21,0.0,0.06
2534,401.13,0.106263,0.19752,-0.974522,-0.169846,0.29853,-0.939166,-0.033,0.254,0.0,0.0,0.0,0.0,2.11,1.39,0.26,1.74,2.63,0.26,0.19,0.6,0.02,0.0,3.16,0.0,0.1
2535,401.17,0.133408,0.204907,-0.969647,-0.188448,0.299208,-0.935394,-0.029,0.259,0.0,0.0,0.0,0.0,2.1,1.25,0.24,1.76,2.66,0.36,0.13,0.55,0.02,0.0,3.06,0.02,0.09
2536,401.2,0.142379,0.207218,-0.967878,-0.183472,0.300534,-0.935958,-0.022,0.261,0.0,0.0,0.0,0.0,2.11,1.33,0.19,1.76,2.67,0.35,0.14,0.47,0.02,0.0,2.84,0.02,0.04
2537,401.23,0.148023,0.216627,-0.964967,-0.182083,0.304069,-0.935087,-0.018,0.267,0.0,0.0,0.0,0.0,2.11,1.36,0.27,1.71,2.63,0.34,0.11,0.43,0.0,0.0,2.71,0.02,0.0
2538,401.27,0.135594,0.216858,-0.96674,-0.17675,0.30484,-0.935859,-0.022,0.268,0.0,0.0,0.0,0.0,2.11,1.36,0.32,1.69,2.62,0.38,0.11,0.38,0.0,0.0,2.61,0.0,0.0
2539,401.3,0.136242,0.216522,-0.966724,-0.17579,0.303606,-0.936441,-0.021,0.267,0.0,0.0,0.0,0.0,2.12,1.41,0.38,1.65,2.64,0.35,0.11,0.34,0.0,0.0,2.57,0.0,0.0
2540,401.33,0.134859,0.220933,-0.96592,-0.15975,0.312546,-0.936373,-0.013,0.273,0.0,0.0,0.0,0.0,2.11,1.41,0.31,1.61,2.63,0.31,0.12,0.38,0.0,0.0,2.63,0.0,0.0
2541,401.37,0.140181,0.223481,-0.964575,-0.151615,0.303071,-0.94083,-0.006,0.27,0.0,0.0,0.01,0.0,2.11,1.45,0.29,1.53,2.62,0.26,0.1,0.35,0.0,0.0,2.67,0.0,0.0
2542,401.4,0.135536,0.221148,-0.965776,-0.149743,0.293922,-0.944027,-0.007,0.263,0.0,0.0,0.01,0.0,2.1,1.35,0.24,1.52,2.59,0.21,0.03,0.29,0.0,0.0,2.64,0.0,0.0
2543,401.43,0.141122,0.226551,-0.963722,-0.144102,0.291407,-0.945683,-0.002,0.265,0.0,0.0,0.06,0.0,2.11,1.32,0.26,1.61,2.62,0.22,0.01,0.22,0.0,0.0,2.48,0.0,0.0
2544,401.47,0.159075,0.222325,-0.961908,-0.137572,0.295361,-0.945429,0.011,0.265,0.0,0.0,0.13,0.0,2.09,1.26,0.28,1.68,2.65,0.23,0.01,0.23,0.0,0.0,2.32,0.0,0.0
2545,401.5,0.160598,0.221529,-0.961838,-0.135519,0.292972,-0.946468,0.013,0.263,0.0,0.0,0.13,0.0,2.07,1.38,0.32,1.68,2.63,0.29,0.0,0.27,0.0,0.0,2.28,0.0,0.0
2546,401.53,0.142659,0.225852,-0.963659,-0.138137,0.302228,-0.943174,0.002,0.27,0.0,0.0,0.07,0.0,2.07,1.48,0.32,1.62,2.58,0.36,0.01,0.3,0.0,0.0,2.32,0.0,0.0
2547,401.57,0.139592,0.230051,-0.963115,-0.13422,0.302179,-0.943755,0.003,0.272,0.0,0.0,0.0,0.0,1.98,1.37,0.31,1.49,2.6,0.38,0.12,0.23,0.0,0.0,2.36,0.0,0.22
2548,401.6,0.212463,0.231783,-0.949282,-0.185906,0.332658,-0.924542,0.014,0.293,0.0,0.0,0.01,0.0,1.9,0.91,0.32,1.41,2.66,0.37,0.16,0.2,0.0,0.0,2.44,0.0,0.96
2549,401.63,0.2965,0.293817,-0.908713,-0.263749,0.408755,-0.873702,0.018,0.375,0.0,0.0,0.01,0.0,1.81,0.61,0.31,1.38,2.74,0.29,0.15,0.17,0.0,0.0,2.46,0.0,1.75
2550,401.67,0.285011,0.295199,-0.911936,-0.265438,0.414856,-0.870309,0.011,0.379,0.0,0.0,0.02,0.0,1.82,0.38,0.31,1.44,2.77,0.27,0.04,0.2,0.0,0.0,2.48,0.0,2.26
2551,401.7,0.278658,0.298368,-0.912867,-0.261887,0.414098,-0.871744,0.009,0.38,0.0,0.0,0.02,0.0,1.84,0.62,0.25,1.41,2.73,0.32,0.0,0.19,0.0,0.0,2.26,0.0,1.52
2552,401.73,0.155452,0.243036,-0.95748,-0.126227,0.329009,-0.935852,0.015,0.293,0.0,0.0,0.04,0.0,1.87,0.81,0.23,1.36,2.65,0.38,0.0,0.19,0.0,0.0,2.12,0.0,0.73
2553,401.77,0.160844,0.240333,-0.957272,-0.120644,0.325273,-0.937893,0.021,0.29,0.0,0.0,0.03,0.0,1.89,1.0,0.21,1.27,2.57,0.46,0.0,0.18,0.0,0.0,1.99,0.0,0.0
2554,401.8,0.121393,0.246259,-0.961572,-0.086762,0.279736,-0.956149,0.018,0.268,0.0,0.0,0.02,0.0,1.88,1.03,0.21,1.21,2.54,0.34,0.0,0.1,0.0,0.0,2.05,0.0,0.0
2555,401.83,0.127915,0.245746,-0.960857,-0.097544,0.277289,-0.955822,0.016,0.266,0.0,0.0,0.0,0.0,1.84,1.01,0.19,1.21,2.55,0.29,0.0,0.06,0.0,0.0,2.1,0.0,0.0
2556,401.87,0.129671,0.234821,-0.963351,-0.114211,0.300435,-0.94694,0.008,0.273,0.0,0.0,0.0,0.0,1.8,0.97,0.13,1.2,2.52,0.17,0.01,0.02,0.0,0.0,2.11,0.0,0.0
2557,401.9,0.129414,0.23572,-0.963166,-0.113583,0.298996,-0.94747,0.008,0.273,0.0,0.0,0.0,0.0,1.77,1.02,0.1,1.16,2.54,0.25,0.02,0.04,0.0,0.0,2.05,0.0,0.0
2558,401.93,0.151662,0.243129,-0.958064,-0.130346,0.324019,-0.937028,0.011,0.291,0.0,0.0,0.0,0.0,1.77,0.97,0.06,1.11,2.56,0.3,0.02,0.03,0.0,0.0,1.94,0.0,0.0
2559,401.97,0.146533,0.247477,-0.957749,-0.124817,0.323529,-0.93795,0.011,0.293,0.0,0.0,0.0,0.0,1.85,1.11,0.04,1.12,2.62,0.36,0.02,0.02,0.0,0.0,1.82,0.0,0.0
2560,402.0,0.158743,0.246629,-0.95602,-0.116959,0.32067,-0.939942,0.022,0.291,0.0,0.0,0.0,0.0,1.93,1.11,0.04,1.23,2.66,0.34,0.0,0.0,0.0,0.0,1.77,0.0,0.0
2561,402.03,0.17745,0.247582,-0.952478,-0.120121,0.324841,-0.938109,0.03,0.294,0.0,0.0,0.0,0.0,1.98,1.22,0.1,1.32,2.66,0.32,0.0,0.0,0.0,0.0,1.75,0.0,0.0
2562,402.07,0.200008,0.261355,-0.944293,-0.093813,0.329083,-0.939629,0.056,0.304,0.0,0.0,0.01,0.0,1.97,1.21,0.16,1.39,2.65,0.33,0.0,0.0,0.0,0.0,1.77,0.0,0.0
2563,402.1,0.199265,0.2566,-0.945754,-0.089235,0.310801,-0.946277,0.058,0.291,0.0,0.0,0.01,0.0,1.93,1.32,0.16,1.4,2.56,0.33,0.0,0.06,0.0,0.0,1.71,0.0,0.0
2564,402.13,0.209145,0.263956,-0.941587,-0.102004,0.333852,-0.93709,0.057,0.308,0.0,0.0,0.02,0.0,1.95,1.26,0.13,1.45,2.52,0.5,0.0,0.17,0.0,0.0,1.67,0.0,0.0
2565,402.17,0.211763,0.262387,-0.94144,-0.090544,0.330627,-0.939408,0.064,0.305,0.0,0.0,0.02,0.0,1.96,1.3,0.13,1.52,2.45,0.65,0.0,0.26,0.0,0.0,1.63,0.0,0.04
2566,402.2,0.208124,0.258657,-0.943282,-0.093422,0.331383,-0.93886,0.061,0.304,0.0,0.0,0.02,0.0,2.01,1.14,0.1,1.56,2.44,0.85,0.0,0.3,0.0,0.0,1.67,0.0,0.04
2567,402.23,0.214517,0.26474,-0.940157,-0.089679,0.318927,-0.943527,0.066,0.3,0.0,0.0,0.03,0.0,1.97,1.18,0.13,1.49,2.39,0.92,0.0,0.35,0.0,0.0,1.73,0.0,0.06
2568,402.27,0.212257,0.251801,-0.944216,-0.093475,0.326218,-0.940661,0.063,0.298,0.0,0.0,0.03,0.0,1.94,1.13,0.12,1.45,2.38,0.97,0.0,0.4,0.0,0.0,1.78,0.0,0.03
2569,402.3,0.211593,0.250955,-0.94459,-0.093569,0.327101,-0.940346,0.063,0.298,0.0,0.0,0.07,0.0,1.86,1.25,0.1,1.31,2.33,0.91,0.0,0.51,0.0,0.0,1.74,0.0,0.03
2570,402.33,0.231608,0.256501,-0.938384,-0.097258,0.342136,-0.934603,0.072,0.309,0.0,0.0,0.14,0.0,1.81,1.35,0.07,1.3,2.26,0.81,0.0,0.53,0.0,0.0,1.69,0.02,0.0
2571,402.37,0.240881,0.256877,-0.935944,-0.107569,0.341211,-0.933812,0.071,0.31,0.0,0.0,0.21,0.0,1.82,1.49,0.06,1.3,2.16,0.7,0.0,0.58,0.0,0.0,1.63,0.02,0.0
2572,402.4,0.230075,0.257014,-0.938621,-0.101736,0.340216,-0.934828,0.068,0.309,0.0,0.0,0.26,0.0,1.79,1.6,0.06,1.44,2.03,0.71,0.0,0.58,0.04,0.0,1.6,0.02,0.06
2573,402.43,0.242157,0.242255,-0.939507,-0.097784,0.348848,-0.932064,0.077,0.306,0.0,0.0,0.32,0.0,1.72,1.78,0.05,1.44,1.88,0.58,0.0,0.57,0.08,0.0,1.66,0.04,0.21
2574,402.47,0.238345,0.246546,-0.939365,-0.103681,0.352856,-0.929915,0.072,0.31,0.0,0.0,0.38,0.0,1.61,1.95,0.04,1.41,1.73,0.5,0.0,0.56,0.17,0.0,1.67,0.1,0.35
2575,402.5,0.238033,0.246568,-0.939438,-0.105781,0.353291,-0.929514,0.071,0.311,0.0,0.0,0.41,0.0,1.53,2.08,0.09,1.36,1.64,0.33,0.0,0.56,0.12,0.0,1.61,0.2,0.43
2576,402.53,0.239335,0.238169,-0.941273,-0.108402,0.35189,-0.929743,0.07,0.305,0.0,0.0,0.42,0.0,1.43,2.02,0.14,1.31,1.53,0.3,0.0,0.61,0.12,0.0,1.51,0.37,0.44
2577,402.57,0.193041,0.244144,-0.950331,-0.101,0.353528,-0.929955,0.049,0.308,0.0,0.0,0.46,0.0,1.34,1.85,0.24,1.3,1.46,0.39,0.0,0.59,0.04,0.0,1.52,0.54,0.35
2578,402.6,0.218935,0.237005,-0.946518,-0.099585,0.347058,-0.932541,0.063,0.301,0.02,0.0,0.62,0.0,1.19,1.59,0.31,1.19,1.32,0.43,0.0,0.7,0.04,0.0,1.6,0.78,0.32
2579,402.63,0.210922,0.247905,-0.945545,-0.121605,0.356331,-0.926413,0.048,0.312,0.05,0.0,0.79,0.0,1.12,1.51,0.34,1.12,1.29,0.42,0.0,0.73,0.0,0.0,1.64,0.86,0.31
2580,402.67,0.20613,0.246387,-0.946997,-0.120944,0.352879,-0.92782,0.045,0.309,0.05,0.0,0.91,0.0,1.03,1.54,0.33,1.06,1.23,0.3,0.0,0.84,0.0,0.0,1.64,0.95,0.36
2581,402.7,0.202573,0.242747,-0.948704,-0.120803,0.351387,-0.928404,0.044,0.307,0.03,0.0,0.81,0.0,0.98,1.62,0.27,1.09,1.19,0.23,0.0,0.8,0.0,0.0,1.61,0.92,0.27
2582,402.73,0.213425,0.226821,-0.950264,-0.137672,0.350352,-0.926445,0.04,0.298,0.0,0.0,0.69,0.0,0.91,1.75,0.2,1.19,1.12,0.27,0.0,0.77,0.0,0.0,1.52,0.94,0.13
2583,402.77,0.203825,0.245936,-0.947613,-0.157521,0.353154,-0.922209,0.025,0.31,0.06,0.0,0.66,0.0,0.83,1.64,0.13,1.28,1.12,0.43,0.05,1.05,0.0,0.0,1.05,0.97,0.24
2584,402.8,0.201112,0.245499,-0.948306,-0.159259,0.367088,-0.916451,0.022,0.317,0.38,0.1,0.5,0.0,0.69,1.37,0.07,1.32,1.26,0.58,0.13,1.5,0.0,0.0,0.53,1.11,0.83
2585,402.83,0.326165,0.302407,-0.895637,-0.252744,0.38645,-0.887005,0.041,0.369,0.73,0.18,0.31,0.0,0.55,0.79,0.04,1.45,1.46,0.91,0.25,2.01,0.0,0.0,0.09,1.16,1.65
2586,402.87,0.360276,0.299837,-0.883345,-0.27338,0.361971,-0.891202,0.049,0.357,0.98,0.29,0.06,0.0,0.42,0.37,0.0,1.53,1.59,1.12,0.38,2.16,0.0,0.0,0.0,1.17,2.31
2587,402.9,0.363635,0.295984,-0.883268,-0.26666,0.372419,-0.88893,0.055,0.361,0.93,0.24,0.04,0.0,0.34,0.09,0.0,1.59,1.6,1.24,0.62,2.18,0.0,0.0,0.0,0.93,2.54
2588,402.93,0.322333,0.280249,-0.904191,-0.275254,0.363031,-0.890193,0.026,0.344,0.77,0.27,0.02,0.0,0.38,0.26,0.0,1.52,1.56,1.16,0.69,2.3,0.0,0.0,0.0,0.8,2.16
2589,402.97,0.315678,0.200323,-0.927479,-0.286004,0.346844,-0.893253,0.016,0.292,0.64,0.27,0.0,0.0,0.46,0.56,0.0,1.47,1.48,1.0,0.71,2.35,0.0,0.01,0.0,0.69,1.85
2590,403.0,0.260902,0.233507,-0.936699,-0.253781,0.366639,-0.895081,0.004,0.317,0.4,0.3,0.05,0.0,0.59,0.65,0.0,1.47,1.44,1.07,0.6,2.32,0.01,0.09,0.0,0.66,1.03
2591,403.03,0.140699,0.215293,-0.96636,-0.125556,0.28774,-0.949443,0.008,0.257,0.21,0.22,0.11,0.0,0.59,0.41,0.03,1.45,1.4,1.12,0.58,2.13,0.01,0.09,0.0,0.62,0.56
2592,403.07,0.145907,0.21194,-0.966329,-0.117271,0.287069,-0.950704,0.015,0.255,0.02,0.16,0.15,0.0,0.58,0.2,0.06,1.45,1.37,1.26,0.58,2.08,0.01,0.08,0.0,0.5,0.04
2593,403.1,0.145442,0.21009,-0.966803,-0.11329,0.264193,-0.957793,0.017,0.242,0.0,0.08,0.1,0.0,0.57,0.08,0.06,1.38,1.35,1.19,0.5,2.0,0.0,0.0,0.0,0.49,0.01
2594,403.13,0.145756,0.222058,-0.964077,-0.127361,0.296425,-0.946526,0.01,0.265,0.0,0.04,0.04,0.0,0.63,0.26,0.03,1.38,1.41,1.13,0.4,1.86,0.0,0.0,0.0,0.3,0.05
2595,403.17,0.147592,0.227956,-0.96242,-0.129888,0.30266,-0.944207,0.009,0.271,0.0,0.0,0.0,0.0,0.67,0.4,0.02,1.4,1.46,1.03,0.3,1.68,0.0,0.0,0.0,0.17,0.12
2596,403.2,0.154337,0.224275,-0.962227,-0.133864,0.306117,-0.942535,0.011,0.272,0.02,0.0,0.03,0.0,0.73,0.62,0.02,1.39,1.51,1.08,0.2,1.63,0.0,0.0,0.0,0.0,0.17
2597,403.23,0.156427,0.224911,-0.961741,-0.127179,0.300656,-0.945215,0.015,0.269,0.02,0.0,0.03,0.0,0.78,0.66,0.02,1.32,1.51,1.17,0.12,1.53,0.0,0.0,0.0,0.0,0.28
2598,403.27,0.158068,0.226144,-0.961183,-0.137769,0.309901,-0.940734,0.011,0.275,0.02,0.0,0.05,0.0,0.83,0.64,0.0,1.18,1.52,1.26,0.04,1.47,0.0,0.0,0.0,0.0,0.33
2599,403.3,0.157945,0.225741,-0.961298,-0.136818,0.308882,-0.941208,0.011,0.274,0.0,0.0,0.02,0.0,0.86,0.76,0.0,1.17,1.52,1.26,0.03,1.38,0.0,0.0,0.0,0.0,0.31
2600,403.33,0.162255,0.226038,-0.96051,-0.128002,0.307186,-0.943002,0.018,0.273,0.0,0.0,0.02,0.0,0.84,0.95,0.0,1.22,1.5,1.2,0.09,1.39,0.0,0.0,0.0,0.0,0.2
2601,403.37,0.1652,0.237316,-0.957283,-0.119571,0.303014,-0.945455,0.024,0.277,0.0,0.0,0.0,0.0,0.8,1.05,0.0,1.24,1.48,1.19,0.15,1.38,0.0,0.0,0.0,0.0,0.14
2602,403.4,0.168383,0.235531,-0.957169,-0.122803,0.305654,-0.94419,0.024,0.277,0.02,0.0,0.0,0.0,0.81,1.02,0.0,1.26,1.46,1.21,0.13,1.38,0.0,0.0,0.0,0.0,0.17
2603,403.43,0.171,0.232781,-0.957378,-0.129975,0.321009,-0.938115,0.022,0.284,0.05,0.0,0.0,0.0,0.82,0.83,0.0,1.27,1.46,1.26,0.08,1.45,0.0,0.0,0.0,0.0,0.15
2604,403.47,0.167853,0.23512,-0.957363,-0.127348,0.320989,-0.938482,0.021,0.285,0.05,0.0,0.0,0.0,0.85,0.77,0.0,1.34,1.48,1.25,0.05,1.47,0.0,0.0,0.0,0.0,0.14
2605,403.5,0.169214,0.233689,-0.957474,-0.125625,0.320365,-0.938927,0.023,0.284,0.03,0.0,0.0,0.0,0.8,0.68,0.03,1.28,1.45,1.32,0.15,1.45,0.0,0.0,0.0,0.04,0.2
2606,403.53,0.185973,0.23725,-0.953481,-0.122168,0.333247,-0.934891,0.034,0.293,0.04,0.0,0.09,0.0,0.8,0.75,0.07,1.24,1.42,1.38,0.14,1.37,0.02,0.0,0.0,0.09,0.36
2607,403.57,0.176304,0.239578,-0.954735,-0.117179,0.336221,-0.934465,0.031,0.296,0.04,0.05,0.09,0.0,0.79,0.82,0.08,1.19,1.38,1.43,0.13,1.31,0.02,0.0,0.0,0.12,0.49
2608,403.6,0.17232,0.24688,-0.953602,-0.12558,0.334852,-0.933865,0.025,0.299,0.07,0.09,0.15,0.0,0.83,0.9,0.04,1.19,1.41,1.39,0.09,1.35,0.02,0.0,0.0,0.14,0.53
2609,403.63,0.191094,0.240445,-0.951667,-0.133915,0.335185,-0.932587,0.03,0.296,0.08,0.09,0.06,0.0,0.87,0.88,0.02,1.15,1.41,1.29,0.07,1.3,0.04,0.0,0.0,0.1,0.56
2610,403.67,0.195555,0.238679,-0.951205,-0.136846,0.330298,-0.933904,0.031,0.293,0.14,0.09,0.06,0.0,0.88,0.87,0.05,1.08,1.42,1.21,0.06,1.25,0.07,0.0,0.0,0.1,0.54
2611,403.7,0.190512,0.240481,-0.951774,-0.13343,0.330715,-0.93425,0.03,0.294,0.25,0.15,0.08,0.0,0.9,0.96,0.07,1.04,1.43,1.26,0.0,1.1,0.07,0.0,0.0,0.03,0.51
2612,403.73,0.208491,0.243453,-0.947239,-0.133249,0.333777,-0.933187,0.04,0.298,0.32,0.15,0.17,0.0,0.92,1.01,0.06,1.05,1.47,1.36,0.0,1.11,0.03,0.0,0.0,0.03,0.46
2613,403.77,0.21556,0.245323,-0.945172,-0.132916,0.333272,-0.933415,0.044,0.299,0.33,0.09,0.27,0.0,0.96,1.05,0.05,1.12,1.47,1.44,0.0,1.09,0.06,0.0,0.0,0.0,0.43
2614,403.8,0.228044,0.246458,-0.941942,-0.12904,0.337482,-0.932445,0.053,0.302,0.29,0.0,0.31,0.0,0.96,1.0,0.02,1.15,1.46,1.47,0.0,1.13,0.08,0.0,0.0,0.0,0.47
2615,403.83,0.227743,0.242281,-0.943097,-0.129579,0.335522,-0.933078,0.052,0.299,0.22,0.07,0.28,0.0,0.93,0.9,0.02,1.09,1.43,1.44,0.0,1.04,0.1,0.0,0.0,0.0,0.44
2616,403.87,0.203738,0.244739,-0.947942,-0.126232,0.335737,-0.933459,0.041,0.299,0.18,0.14,0.27,0.0,0.94,0.8,0.0,1.0,1.43,1.45,0.0,1.0,0.06,0.0,0.0,0.0,0.44
2617,403.9,0.209365,0.243724,-0.946977,-0.126566,0.336667,-0.933079,0.044,0.299,0.19,0.32,0.27,0.0,0.98,0.72,0.0,0.99,1.45,1.42,0.0,0.97,0.11,0.0,0.0,0.0,0.42
2618,403.93,0.21374,0.242138,-0.946406,-0.1241,0.335615,-0.933789,0.048,0.298,0.22,0.36,0.25,0.0,1.02,0.85,0.0,1.07,1.48,1.49,0.0,1.02,0.15,0.0,0.0,0.02,0.42
2619,403.97,0.231035,0.238438,-0.943276,-0.135806,0.3385,-0.931115,0.051,0.299,0.22,0.36,0.26,0.0,1.02,0.9,0.0,1.08,1.49,1.51,0.0,1.1,0.23,0.0,0.0,0.02,0.46
2620,404.0,0.231288,0.238343,-0.943238,-0.138652,0.338134,-0.930828,0.049,0.298,0.14,0.18,0.26,0.0,1.03,1.1,0.04,1.04,1.53,1.5,0.0,1.13,0.3,0.0,0.0,0.02,0.62
2621,404.03,0.222453,0.236989,-0.945701,-0.135433,0.318321,-0.938259,0.046,0.287,0.07,0.07,0.32,0.0,1.05,1.14,0.06,1.01,1.54,1.45,0.0,1.16,0.35,0.0,0.0,0.0,0.8
2622,404.07,0.242386,0.23865,-0.94037,-0.140849,0.325203,-0.935096,0.054,0.292,0.03,0.0,0.32,0.0,1.07,1.24,0.08,0.99,1.57,1.4,0.0,1.18,0.34,0.0,0.0,0.0,0.88
2623,404.1,0.243969,0.240751,-0.939424,-0.137968,0.325199,-0.935527,0.056,0.293,0.0,0.0,0.29,0.0,1.05,1.01,0.12,1.05,1.57,1.37,0.04,1.25,0.31,0.0,0.14,0.02,0.69
2624,404.13,0.112744,0.210302,-0.971114,-0.159722,0.246654,-0.955851,-0.024,0.233,0.06,0.0,0.29,0.0,1.03,0.85,0.16,1.03,1.57,1.33,0.08,1.33,0.34,0.0,0.3,0.09,0.43
2625,404.17,0.120227,0.200197,-0.972351,-0.162994,0.242435,-0.956378,-0.022,0.226,0.12,0.0,0.25,0.0,1.01,0.76,0.21,0.96,1.57,1.39,0.13,1.45,0.4,0.0,0.46,0.17,0.31
2626,404.2,0.114797,0.206073,-0.97178,-0.153641,0.240686,-0.958365,-0.02,0.227,0.18,0.0,0.18,0.0,1.01,0.81,0.24,0.95,1.57,1.41,0.16,1.54,0.53,0.0,0.47,0.24,0.22
2627,404.23,0.105744,0.207586,-0.972485,-0.15825,0.235713,-0.958852,-0.027,0.226,0.13,0.0,0.13,0.0,1.02,0.82,0.26,1.0,1.6,1.41,0.22,1.61,0.53,0.0,0.38,0.29,0.3
2628,404.27,0.109535,0.222119,-0.968847,-0.16838,0.242941,-0.955316,-0.031,0.237,0.13,0.0,0.15,0.0,1.05,0.78,0.29,1.11,1.6,1.36,0.24,1.6,0.52,0.0,0.33,0.36,0.32
2629,404.3,0.108349,0.218109,-0.969891,-0.168995,0.240471,-0.955832,-0.031,0.234,0.13,0.0,0.2,0.0,1.09,0.78,0.21,1.1,1.63,1.34,0.21,1.49,0.29,0.0,0.18,0.35,0.32
2630,404.33,0.085801,0.219859,-0.971751,-0.183323,0.251534,-0.950328,-0.051,0.241,0.16,0.01,0.24,0.0,1.14,0.82,0.12,1.06,1.75,1.24,0.12,1.3,0.14,0.0,0.11,0.28,0.19
2631,404.37,0.071196,0.224919,-0.971773,-0.190376,0.246345,-0.950301,-0.062,0.24,0.1,0.01,0.25,0.0,1.14,0.78,0.03,0.94,1.84,1.14,0.04,1.05,0.0,0.0,0.05,0.13,0.05
2632,404.4,0.060589,0.225696,-0.972312,-0.214871,0.302523,-0.928607,-0.081,0.271,0.04,0.01,0.28,0.0,1.23,0.75,0.0,0.91,2.08,1.02,0.0,0.77,0.0,0.0,0.38,0.05,0.07
2633,404.43,0.064692,0.230996,-0.970802,-0.22177,0.305076,-0.926146,-0.083,0.275,0.0,0.0,0.22,0.0,1.29,0.73,0.0,0.86,2.24,0.96,0.0,0.53,0.0,0.0,0.75,0.0,0.11
2634,404.47,0.064293,0.230145,-0.97103,-0.223756,0.299166,-0.927595,-0.084,0.272,0.0,0.0,0.22,0.0,1.35,0.74,0.0,0.88,2.43,0.88,0.0,0.34,0.0,0.0,1.05,0.0,0.1
2635,404.5,0.064849,0.2307,-0.970862,-0.223574,0.300794,-0.927113,-0.083,0.273,0.0,0.0,0.18,0.0,1.36,0.85,0.0,0.9,2.44,0.83,0.03,0.29,0.0,0.0,1.26,0.0,0.05
2636,404.53,0.087275,0.189866,-0.977923,-0.162818,0.233471,-0.958635,-0.039,0.215,0.0,0.0,0.14,0.0,1.36,0.95,0.0,0.89,2.4,0.8,0.18,0.46,0.0,0.0,1.42,0.0,0.01
2637,404.57,0.075262,0.189812,-0.978932,-0.085831,0.214578,-0.972928,-0.005,0.204,0.0,0.0,0.07,0.0,1.37,0.92,0.0,0.94,2.41,0.86,0.3,0.73,0.0,0.02,1.61,0.0,0.0
2638,404.6,0.069698,0.191436,-0.979027,-0.082208,0.217015,-0.9727,-0.006,0.206,0.0,0.0,0.01,0.0,1.32,0.9,0.0,0.92,2.4,0.87,0.41,0.84,0.0,0.02,1.72,0.0,0.0
2639,404.63,0.075768,0.174452,-0.981746,-0.081254,0.214638,-0.973308,-0.003,0.196,0.0,0.0,0.04,0.0,1.37,0.93,0.0,0.94,2.41,0.88,0.41,0.76,0.0,0.01,1.87,0.0,0.0
2640,404.67,0.076361,0.178794,-0.980919,-0.083256,0.217153,-0.97258,-0.004,0.2,0.0,0.0,0.08,0.0,1.39,1.01,0.0,0.91,2.4,0.77,0.43,0.66,0.0,0.0,2.02,0.0,0.0
2641,404.7,0.077446,0.1783,-0.980924,-0.082411,0.216566,-0.972783,-0.003,0.199,0.0,0.0,0.08,0.0,1.42,1.02,0.0,0.88,2.38,0.69,0.38,0.64,0.0,0.0,2.05,0.0,0.0
2642,404.73,0.074686,0.188689,-0.979193,-0.074534,0.227907,-0.970826,0.0,0.21,0.0,0.0,0.05,0.0,1.41,1.01,0.0,0.93,2.4,0.62,0.29,0.65,0.0,0.0,2.02,0.0,0.0
2643,404.77,0.07402,0.186856,-0.979595,-0.078248,0.227722,-0.970577,-0.002,0.209,0.05,0.0,0.07,0.0,1.39,1.0,0.0,0.98,2.45,0.57,0.18,0.64,0.0,0.0,1.93,0.05,0.51
2644,404.8,0.257097,0.264167,-0.929579,-0.23733,0.341113,-0.909569,0.011,0.318,0.13,0.0,0.14,0.0,1.37,1.02,0.0,1.01,2.53,0.51,0.13,0.66,0.0,0.0,1.94,0.12,1.03
2645,404.83,0.246451,0.265235,-0.932155,-0.238815,0.340708,-0.909332,0.004,0.318,0.18,0.0,0.18,0.0,1.38,1.03,0.0,1.02,2.58,0.48,0.1,0.68,0.0,0.0,1.99,0.18,1.74
2646,404.87,0.271817,0.274545,-0.922356,-0.262222,0.356799,-0.896624,0.005,0.334,0.17,0.0,0.15,0.0,1.43,1.15,0.0,1.05,2.62,0.48,0.08,0.68,0.0,0.0,2.06,0.23,1.98
2647,404.9,0.266315,0.276896,-0.923258,-0.262796,0.357061,-0.896351,0.002,0.335,0.09,0.0,0.12,0.0,1.46,1.02,0.0,1.12,2.56,0.63,0.11,0.67,0.0,0.0,2.2,0.3,1.77
2648,404.93,0.214665,0.234758,-0.948055,-0.198678,0.310941,-0.929431,0.009,0.283,0.05,0.0,0.08,0.0,1.43,0.89,0.0,1.23,2.53,0.62,0.08,0.69,0.0,0.0,2.18,0.31,1.15
2649,404.97,0.19742,0.222873,-0.954648,-0.093242,0.276499,-0.95648,0.054,0.256,0.0,0.0,0.05,0.0,1.36,0.68,0.0,1.28,2.44,0.61,0.08,0.7,0.0,0.0,2.16,0.27,0.51
2650,405.0,0.193642,0.224538,-0.955032,-0.094542,0.278629,-0.955734,0.052,0.257,0.0,0.0,0.04,0.0,1.31,0.7,0.0,1.25,2.4,0.58,0.0,0.73,0.01,0.0,2.07,0.27,0.26
2651,405.03,0.172346,0.221038,-0.959916,-0.1006,0.275953,-0.955892,0.037,0.254,0.0,0.0,0.04,0.0,1.27,0.65,0.0,1.19,2.36,0.67,0.0,0.72,0.01,0.0,2.11,0.38,0.2
2652,405.07,0.173731,0.226586,-0.958372,-0.087577,0.271788,-0.958364,0.045,0.254,0.0,0.0,0.03,0.0,1.27,0.81,0.0,1.18,2.35,0.71,0.0,0.74,0.01,0.0,2.22,0.47,0.13
2653,405.1,0.173735,0.225759,-0.958566,-0.08609,0.270873,-0.958758,0.046,0.253,0.0,0.0,0.03,0.0,1.32,0.9,0.0,1.18,2.35,0.71,0.0,0.74,0.0,0.0,2.25,0.51,0.16
2654,405.13,0.184938,0.223503,-0.956998,-0.103636,0.272283,-0.95662,0.042,0.254,0.0,0.0,0.04,0.0,1.39,0.89,0.0,1.21,2.39,0.7,0.0,0.73,0.0,0.0,2.34,0.46,0.15
2655,405.17,0.185146,0.230506,-0.955295,-0.102341,0.275208,-0.955922,0.043,0.259,0.0,0.0,0.05,0.0,1.43,0.81,0.0,1.2,2.39,0.72,0.0,0.74,0.0,0.0,2.36,0.47,0.12
2656,405.2,0.181407,0.231229,-0.955837,-0.107389,0.271689,-0.956375,0.039,0.257,0.0,0.0,0.04,0.0,1.44,0.83,0.0,1.33,2.42,0.73,0.0,0.67,0.0,0.0,2.32,0.43,0.12
2657,405.23,0.178982,0.22589,-0.957569,-0.122465,0.282401,-0.951447,0.03,0.26,0.0,0.0,0.06,0.0,1.43,0.9,0.0,1.33,2.4,0.81,0.0,0.66,0.0,0.0,2.28,0.46,0.14
2658,405.27,0.183127,0.230264,-0.955742,-0.123759,0.285962,-0.950215,0.031,0.265,0.0,0.0,0.1,0.0,1.45,0.97,0.0,1.37,2.39,0.88,0.0,0.61,0.0,0.0,2.21,0.45,0.15
2659,405.3,0.183225,0.229892,-0.955813,-0.120242,0.284504,-0.951104,0.033,0.263,0.0,0.0,0.1,0.0,1.46,0.99,0.0,1.28,2.37,0.85,0.0,0.67,0.0,0.0,2.3,0.39,0.13
2660,405.33,0.191993,0.238023,-0.952094,-0.118925,0.283275,-0.951636,0.038,0.267,0.0,0.0,0.22,0.0,1.47,1.07,0.0,1.22,2.35,0.69,0.0,0.67,0.0,0.0,2.18,0.23,0.21
2661,405.37,0.207262,0.233814,-0.949933,-0.115919,0.2933,-0.948967,0.048,0.271,0.0,0.0,0.32,0.0,1.5,1.1,0.0,1.18,2.34,0.55,0.0,0.68,0.0,0.0,2.1,0.13,0.35
2662,405.4,0.20469,0.234441,-0.950336,-0.113032,0.289585,-0.950455,0.048,0.269,0.02,0.0,0.44,0.0,1.49,0.96,0.0,1.17,2.32,0.48,0.0,0.62,0.0,0.0,1.93,0.03,0.5
2663,405.43,0.199176,0.246632,-0.948421,-0.123365,0.305684,-0.944107,0.04,0.284,0.03,0.0,0.41,0.0,1.46,0.83,0.0,1.12,2.33,0.46,0.0,0.63,0.0,0.0,1.91,0.1,0.56
2664,405.47,0.185181,0.227361,-0.956041,-0.125889,0.299236,-0.945838,0.031,0.27,0.07,0.0,0.38,0.0,1.4,0.83,0.0,1.08,2.32,0.45,0.02,0.64,0.0,0.0,1.83,0.13,0.59
2665,405.5,0.183247,0.225052,-0.95696,-0.122397,0.296526,-0.947149,0.032,0.267,0.05,0.0,0.29,0.0,1.35,0.92,0.0,1.09,2.3,0.56,0.05,0.7,0.0,0.0,1.81,0.19,0.59
2666,405.53,0.17278,0.22843,-0.958106,-0.128017,0.282795,-0.950599,0.023,0.262,0.03,0.0,0.27,0.0,1.32,0.86,0.0,1.19,2.26,0.69,0.11,0.79,0.01,0.0,1.87,0.24,0.69
2667,405.57,0.181814,0.22553,-0.957121,-0.127179,0.2808,-0.951303,0.029,0.259,0.0,0.0,0.2,0.0,1.3,0.71,0.0,1.25,2.19,0.86,0.16,0.89,0.01,0.0,1.99,0.34,0.74
2668,405.6,0.179044,0.22394,-0.958016,-0.125725,0.286361,-0.949837,0.028,0.261,0.0,0.0,0.27,0.0,1.23,0.46,0.03,1.24,2.04,0.94,0.2,1.07,0.09,0.0,2.16,0.67,0.79
2669,405.63,0.17929,0.195571,-0.964161,-0.139606,0.264832,-0.954135,0.021,0.236,0.0,0.0,0.27,0.0,1.19,0.41,0.1,1.25,1.85,0.98,0.17,1.03,0.08,0.0,2.23,1.0,0.86
2670,405.67,0.16428,0.199501,-0.966029,-0.127484,0.268551,-0.954792,0.019,0.239,0.0,0.0,0.34,0.0,1.16,0.32,0.15,1.26,1.69,0.94,0.1,0.94,0.08,0.0,2.28,1.22,1.02
2671,405.7,0.165159,0.205304,-0.964662,-0.129113,0.277413,-0.952036,0.019,0.247,0.0,0.0,0.35,0.0,1.15,0.5,0.19,1.16,1.54,0.91,0.06,0.93,0.03,0.0,2.06,1.28,1.01
2672,405.73,0.159489,0.215069,-0.963488,-0.124408,0.27718,-0.95273,0.018,0.251,0.17,0.0,0.47,0.0,1.12,0.71,0.13,1.05,1.44,0.89,0.04,0.95,0.17,0.0,1.84,1.17,1.04
2673,405.77,0.184752,0.226075,-0.956429,-0.18293,0.291798,-0.938824,0.001,0.267,0.49,0.01,0.64,0.0,1.02,0.88,0.08,0.95,1.4,0.82,0.06,1.0,0.21,0.0,1.54,0.87,1.3
2674,405.8,0.249876,0.289607,-0.923953,-0.248998,0.356373,-0.900554,0.0,0.34,0.51,0.01,0.74,0.0,0.98,1.05,0.01,0.93,1.47,0.59,0.16,0.76,0.2,0.0,1.14,0.43,1.44
2675,405.83,0.200668,0.277427,-0.939557,-0.226863,0.343935,-0.911176,-0.014,0.324,0.34,0.01,0.66,0.0,0.9,1.01,0.0,0.8,1.57,0.47,0.19,0.58,0.06,0.0,0.87,0.09,1.06
2676,405.87,0.116105,0.215821,-0.969506,-0.169332,0.257846,-0.951232,-0.028,0.242,0.02,0.0,0.52,0.0,0.89,0.97,0.0,0.73,1.63,0.46,0.2,0.4,0.02,0.0,0.73,0.0,0.43
2677,405.9,0.116526,0.219138,-0.968711,-0.170227,0.259537,-0.950612,-0.028,0.244,0.0,0.0,0.38,0.0,0.77,0.68,0.0,0.62,1.65,0.51,0.23,0.32,0.0,0.0,0.86,0.0,0.03
2678,405.93,0.034931,0.18613,-0.981904,-0.182256,0.249526,-0.951062,-0.076,0.222,0.0,0.0,0.3,0.0,0.73,0.44,0.0,0.57,1.7,0.5,0.42,0.29,0.0,0.0,0.99,0.0,0.01
2679,405.97,0.032266,0.182422,-0.982691,-0.180615,0.229106,-0.956498,-0.076,0.209,0.0,0.0,0.29,0.0,0.74,0.39,0.07,0.66,1.74,0.57,0.56,0.31,0.11,0.0,1.2,0.04,0.0
2680,406.0,0.016564,0.175451,-0.984349,-0.160285,0.227893,-0.960403,-0.074,0.205,0.0,0.0,0.4,0.0,0.86,0.43,0.12,0.78,1.87,0.6,0.48,0.33,0.2,0.0,1.57,0.05,0.0
2681,406.03,0.035298,0.158839,-0.986673,-0.160066,0.208959,-0.964736,-0.064,0.186,0.0,0.0,0.56,0.0,1.0,0.43,0.14,0.96,2.01,0.77,0.39,0.34,0.35,0.0,1.86,0.13,0.0
2682,406.07,0.029,0.160373,-0.98663,-0.145498,0.191351,-0.970678,-0.059,0.178,0.0,0.0,0.66,0.0,1.09,0.32,0.08,0.93,2.1,0.78,0.35,0.34,0.43,0.0,2.05,0.1,0.0
2683,406.1,0.032313,0.166329,-0.985541,-0.146672,0.195325,-0.969709,-0.058,0.183,0.0,0.0,0.66,0.0,1.12,0.14,0.03,0.87,2.13,0.88,0.38,0.31,0.53,0.0,2.1,0.1,0.0
2684,406.13,0.034678,0.162874,-0.986037,-0.140171,0.187638,-0.972185,-0.054,0.177,0.0,0.0,0.57,0.0,1.16,0.12,0.03,0.82,2.09,0.81,0.33,0.29,0.54,0.0,2.15,0.14,0.0
2685,406.17,0.03811,0.164038,-0.985718,-0.148272,0.196767,-0.969174,-0.056,0.183,0.0,0.0,0.49,0.0,1.18,0.08,0.02,0.86,2.09,0.85,0.33,0.26,0.46,0.0,2.23,0.24,0.0
2686,406.2,0.042356,0.172581,-0.984084,-0.14923,0.200913,-0.968176,-0.055,0.189,0.0,0.0,0.45,0.0,1.23,0.29,0.02,0.83,2.07,0.74,0.38,0.36,0.33,0.0,2.31,0.34,0.0
2687,406.23,0.025849,0.165833,-0.985815,-0.179633,0.20133,-0.962911,-0.079,0.186,0.0,0.0,0.53,0.0,1.28,0.52,0.01,0.85,2.07,0.64,0.42,0.44,0.2,0.0,2.23,0.32,0.0
2688,406.27,0.051008,0.191148,-0.980235,-0.163345,0.233352,-0.958575,-0.058,0.216,0.0,0.0,0.63,0.0,1.33,0.61,0.06,0.82,2.06,0.47,0.44,0.57,0.11,0.0,2.12,0.32,0.0
2689,406.3,0.05327,0.191601,-0.980026,-0.161001,0.237375,-0.957983,-0.056,0.218,0.0,0.0,0.67,0.0,1.36,0.59,0.11,0.92,2.06,0.45,0.34,0.58,0.1,0.0,2.09,0.28,0.0
2690,406.33,0.089256,0.186349,-0.978421,-0.135304,0.255367,-0.95733,-0.024,0.224,0.0,0.0,0.55,0.0,1.33,0.56,0.15,1.01,2.04,0.4,0.35,0.51,0.08,0.0,2.27,0.23,0.0
2691,406.37,0.088223,0.184202,-0.978921,-0.148032,0.2529,-0.9561,-0.031,0.222,0.0,0.0,0.38,0.0,1.33,0.64,0.16,1.08,2.05,0.36,0.31,0.39,0.07,0.0,2.42,0.18,0.0
2692,406.4,0.083867,0.185712,-0.979019,-0.12815,0.233599,-0.963851,-0.023,0.213,0.0,0.0,0.29,0.0,1.33,0.64,0.12,1.15,2.1,0.32,0.32,0.26,0.06,0.0,2.44,0.22,0.0
2693,406.43,0.065245,0.19075,-0.979468,-0.125356,0.219994,-0.967413,-0.031,0.208,0.0,0.0,0.22,0.0,1.34,0.49,0.08,1.21,2.15,0.33,0.25,0.29,0.06,0.0,2.38,0.26,0.0
2694,406.47,0.060212,0.187372,-0.980442,-0.134463,0.214204,-0.96749,-0.038,0.203,0.0,0.0,0.13,0.0,1.35,0.48,0.02,1.31,2.19,0.4,0.24,0.33,0.03,0.0,2.34,0.24,0.0
2695,406.5,0.058256,0.186548,-0.980717,-0.133699,0.212338,-0.968007,-0.039,0.202,0.0,0.0,0.04,0.0,1.34,0.3,0.04,1.38,2.23,0.45,0.26,0.4,0.0,0.0,2.38,0.19,0.0
2696,406.53,0.077099,0.180341,-0.980578,-0.143405,0.227356,-0.963195,-0.034,0.207,0.0,0.0,0.01,0.0,1.33,0.25,0.08,1.41,2.28,0.52,0.34,0.33,0.0,0.0,2.38,0.1,0.0
2697,406.57,0.080022,0.191638,-0.978198,-0.131214,0.239296,-0.96204,-0.026,0.219,0.0,0.0,0.01,0.0,1.31,0.19,0.08,1.42,2.36,0.53,0.29,0.26,0.0,0.0,2.42,0.1,0.0
2698,406.6,0.079449,0.186396,-0.979257,-0.138544,0.243498,-0.959955,-0.03,0.218,0.0,0.0,0.03,0.0,1.36,0.43,0.05,1.45,2.43,0.6,0.29,0.25,0.0,0.0,2.39,0.04,0.0
2699,406.63,0.102455,0.164127,-0.981104,-0.11711,0.224837,-0.967333,-0.008,0.197,0.0,0.0,0.06,0.0,1.38,0.66,0.0,1.39,2.45,0.57,0.3,0.33,0.0,0.0,2.36,0.04,0.08
2700,406.67,0.130257,0.222454,-0.966202,-0.136334,0.264399,-0.954728,-0.003,0.248,0.0,0.0,0.06,0.0,1.38,0.81,0.0,1.3,2.42,0.58,0.32,0.34,0.0,0.0,2.27,0.0,0.08
2701,406.7,0.138501,0.219776,-0.965668,-0.135821,0.260808,-0.955788,0.001,0.245,0.0,0.0,0.04,0.0,1.38,0.83,0.0,1.26,2.37,0.52,0.36,0.35,0.02,0.0,2.27,0.01,0.15
2702,406.73,0.122911,0.219056,-0.96794,-0.127496,0.266651,-0.955323,-0.002,0.247,0.0,0.0,0.01,0.0,1.46,0.89,0.0,1.28,2.4,0.54,0.25,0.31,0.06,0.0,2.15,0.01,0.23
2703,406.77,0.142764,0.228158,-0.9631,-0.136441,0.272606,-0.952402,0.003,0.256,0.0,0.0,0.01,0.0,1.52,0.95,0.0,1.35,2.42,0.47,0.2,0.22,0.06,0.0,2.08,0.01,0.4
2704,406.8,0.145145,0.242924,-0.959125,-0.139586,0.279387,-0.949978,0.003,0.267,0.0,0.0,0.03,0.0,1.53,1.07,0.0,1.29,2.47,0.55,0.18,0.23,0.11,0.0,1.96,0.0,0.54
2705,406.83,0.135619,0.242592,-0.960602,-0.138348,0.271405,-0.95247,-0.001,0.262,0.0,0.0,0.03,0.0,1.48,1.05,0.0,1.26,2.45,0.58,0.19,0.25,0.07,0.0,1.97,0.0,0.66
2706,406.87,0.15816,0.246723,-0.956093,-0.132905,0.279047,-0.951036,0.013,0.269,0.0,0.0,0.03,0.0,1.46,1.13,0.0,1.21,2.44,0.68,0.21,0.29,0.07,0.0,1.92,0.0,0.73
2707,406.9,0.159065,0.243245,-0.956833,-0.13521,0.276515,-0.95145,0.013,0.266,0.0,0.0,0.08,0.0,1.45,1.04,0.04,1.21,2.38,0.71,0.12,0.19,0.09,0.0,1.95,0.0,0.77
2708,406.93,0.172924,0.241391,-0.954897,-0.14017,0.26829,-0.953086,0.017,0.261,0.0,0.0,0.09,0.0,1.47,1.16,0.09,1.2,2.34,0.68,0.15,0.2,0.09,0.0,2.03,0.0,0.77
2709,406.97,0.192488,0.241314,-0.951166,-0.138391,0.269229,-0.953081,0.028,0.262,0.0,0.0,0.12,0.0,1.49,1.14,0.1,1.18,2.27,0.64,0.11,0.22,0.1,0.0,2.15,0.0,0.69
2710,407.0,0.212964,0.238177,-0.947586,-0.111939,0.270092,-0.956305,0.053,0.261,0.0,0.0,0.12,0.0,1.52,1.28,0.11,1.25,2.24,0.62,0.13,0.3,0.01,0.0,2.18,0.0,0.66
2711,407.03,0.215896,0.244006,-0.945436,-0.114744,0.273177,-0.955096,0.053,0.266,0.0,0.0,0.16,0.0,1.5,1.13,0.06,1.21,2.2,0.58,0.11,0.32,0.06,0.0,1.97,0.0,0.46
2712,407.07,0.206641,0.238542,-0.948893,-0.120435,0.274427,-0.954036,0.045,0.263,0.02,0.0,0.24,0.0,1.46,1.08,0.07,1.17,2.17,0.58,0.13,0.4,0.14,0.0,1.76,0.0,0.35
2713,407.1,0.204308,0.238999,-0.949283,-0.118446,0.270585,-0.955382,0.045,0.261,0.12,0.0,0.29,0.0,1.36,0.91,0.05,1.07,2.13,0.51,0.15,0.5,0.24,0.0,1.57,0.01,0.55
2714,407.13,0.233997,0.216841,-0.947747,-0.235061,0.323078,-0.916715,-0.001,0.282,0.39,0.0,0.31,0.0,1.18,0.64,0.05,1.0,2.13,0.49,0.17,0.56,0.29,0.0,1.66,0.12,1.21
2715,407.17,0.282648,0.28978,-0.914406,-0.257023,0.350891,-0.900452,0.014,0.339,0.67,0.0,0.19,0.0,0.93,0.36,0.02,0.93,2.06,0.4,0.21,0.56,0.24,0.0,1.72,0.12,1.91
2716,407.2,0.326237,0.33711,-0.883134,-0.257312,0.368383,-0.893356,0.039,0.378,0.89,0.0,0.08,0.0,0.73,0.15,0.0,0.87,2.0,0.36,0.14,0.55,0.17,0.0,1.76,0.1,2.22
2717,407.23,0.319659,0.344193,-0.882807,-0.269462,0.375007,-0.886995,0.028,0.386,0.66,0.0,0.12,0.0,0.75,0.28,0.0,0.8,1.85,0.38,0.21,0.49,0.15,0.0,1.57,0.0,1.76
2718,407.27,0.179517,0.249915,-0.951481,-0.15116,0.307862,-0.939347,0.015,0.287,0.42,0.0,0.3,0.0,0.87,0.37,0.0,0.77,1.82,0.36,0.27,0.46,0.12,0.0,1.41,0.0,1.27
2719,407.3,0.182642,0.245942,-0.951922,-0.157593,0.306819,-0.93863,0.013,0.284,0.1,0.0,0.34,0.0,0.89,0.5,0.0,0.73,1.7,0.34,0.33,0.46,0.09,0.0,1.23,0.0,0.55
2720,407.33,0.130869,0.240047,-0.9619,-0.147127,0.329978,-0.932453,-0.009,0.292,0.08,0.0,0.25,0.0,0.83,0.63,0.0,0.73,1.59,0.31,0.2,0.59,0.0,0.0,1.09,0.0,0.27
2721,407.37,0.129158,0.225263,-0.965699,-0.14551,0.336004,-0.930553,-0.009,0.288,0.02,0.0,0.11,0.0,0.74,0.72,0.0,0.66,1.48,0.37,0.12,0.7,0.0,0.0,0.91,0.0,0.0
2722,407.4,0.126086,0.222872,-0.966659,-0.143375,0.335905,-0.93092,-0.009,0.286,0.04,0.0,0.14,0.0,0.75,0.79,0.0,0.66,1.46,0.44,0.06,0.84,0.0,0.04,0.61,0.07,0.0
2723,407.43,0.121059,0.230744,-0.965454,-0.127534,0.33113,-0.934927,-0.003,0.287,0.02,0.0,0.14,0.0,0.75,0.79,0.0,0.67,1.49,0.61,0.05,0.87,0.0,0.04,0.44,0.12,0.0
2724,407.47,0.119484,0.229557,-0.965933,-0.127562,0.33058,-0.935118,-0.004,0.287,0.03,0.0,0.16,0.0,0.75,0.83,0.0,0.68,1.53,0.76,0.07,0.98,0.0,0.05,0.32,0.16,0.0
2725,407.5,0.121465,0.230266,-0.965517,-0.126779,0.329633,-0.935558,-0.003,0.286,0.06,0.0,0.27,0.0,0.72,0.78,0.0,0.77,1.52,0.75,0.11,1.11,0.0,0.05,0.22,0.19,0.0
2726,407.53,0.125844,0.228605,-0.965351,-0.106517,0.329318,-0.938192,0.01,0.285,0.06,0.0,0.34,0.0,0.75,0.76,0.0,0.96,1.49,0.76,0.11,1.37,0.0,0.22,0.11,0.33,0.0
2727,407.57,0.171098,0.222591,-0.95978,-0.126373,0.349218,-0.928481,0.024,0.294,0.08,0.0,0.39,0.0,0.78,0.71,0.0,1.16,1.44,0.76,0.05,1.53,0.0,0.33,0.0,0.5,0.0
2728,407.6,0.171424,0.221855,-0.959893,-0.128458,0.34846,-0.92848,0.023,0.293,0.03,0.0,0.36,0.0,0.78,0.62,0.01,1.23,1.44,0.85,0.1,1.76,0.0,0.42,0.0,0.52,0.0
2729,407.63,0.168342,0.227354,-0.959151,-0.130257,0.35515,-0.92569,0.02,0.3,0.03,0.0,0.42,0.0,0.74,0.41,0.01,1.22,1.44,0.86,0.21,1.79,0.0,0.35,0.0,0.44,0.0
2730,407.67,0.172973,0.232698,-0.957043,-0.130285,0.348026,-0.928388,0.023,0.299,0.0,0.0,0.46,0.0,0.71,0.22,0.01,1.21,1.46,0.79,0.31,1.89,0.0,0.32,0.0,0.3,0.0
2731,407.7,0.173118,0.231784,-0.957239,-0.130251,0.347353,-0.928645,0.023,0.298,0.0,0.0,0.37,0.0,0.7,0.11,0.07,1.18,1.4,0.76,0.28,1.71,0.0,0.26,0.0,0.27,0.0
2732,407.73,0.173349,0.231471,-0.957273,-0.134511,0.355459,-0.924963,0.021,0.302,0.0,0.0,0.39,0.0,0.7,0.18,0.14,1.1,1.35,0.64,0.23,1.62,0.0,0.25,0.0,0.27,0.0
2733,407.77,0.16663,0.225006,-0.960004,-0.137035,0.355634,-0.924525,0.016,0.299,0.0,0.0,0.37,0.0,0.68,0.26,0.19,1.07,1.33,0.53,0.15,1.58,0.0,0.24,0.0,0.31,0.01
2734,407.8,0.159962,0.226382,-0.960814,-0.141032,0.358104,-0.922969,0.01,0.301,0.23,0.01,0.31,0.0,0.6,0.28,0.12,0.99,1.48,0.41,0.15,1.55,0.0,0.18,0.0,0.34,0.61
2735,407.83,0.25448,0.290978,-0.922264,-0.254392,0.402358,-0.879428,0.0,0.367,0.49,0.1,0.12,0.0,0.5,0.16,0.05,0.97,1.62,0.44,0.11,1.5,0.0,0.09,0.0,0.35,1.53
2736,407.87,0.339617,0.340404,-0.876804,-0.267979,0.436981,-0.858624,0.041,0.421,0.76,0.17,0.0,0.0,0.4,0.04,0.0,0.91,1.79,0.58,0.14,1.39,0.0,0.0,0.0,0.34,2.45
2737,407.9,0.335686,0.338445,-0.879073,-0.264794,0.437384,-0.859407,0.041,0.42,0.72,0.19,0.0,0.0,0.38,0.0,0.0,0.97,1.82,0.63,0.11,1.33,0.0,0.0,0.0,0.22,2.8
2738,407.93,0.337268,0.33702,-0.879015,-0.262428,0.444852,-0.856293,0.043,0.423,0.69,0.13,0.0,0.0,0.4,0.0,0.0,1.04,1.84,0.63,0.14,1.24,0.0,0.0,0.0,0.19,2.79
2739,407.97,0.344539,0.319892,-0.882588,-0.252602,0.439101,-0.862196,0.053,0.41,0.68,0.12,0.0,0.0,0.4,0.0,0.0,1.08,1.81,0.57,0.16,1.12,0.0,0.0,0.0,0.14,2.79
2740,408.0,0.344138,0.31941,-0.882919,-0.247735,0.432485,-0.866939,0.055,0.406,0.63,0.16,0.0,0.0,0.42,0.0,0.0,1.06,1.78,0.7,0.11,1.05,0.0,0.0,0.0,0.15,2.77
2741,408.03,0.361091,0.317587,-0.876785,-0.281322,0.426036,-0.859855,0.046,0.405,0.57,0.14,0.0,0.0,0.43,0.0,0.0,1.01,1.78,0.8,0.06,1.09,0.0,0.0,0.0,0.08,2.77
2742,408.07,0.363368,0.291558,-0.884849,-0.276617,0.405122,-0.871412,0.049,0.378,0.44,0.08,0.0,0.0,0.46,0.0,0.0,0.97,1.79,0.9,0.0,1.1,0.0,0.0,0.0,0.02,2.76
2743,408.1,0.366444,0.290743,-0.883848,-0.275896,0.405911,-0.871274,0.052,0.378,0.45,0.17,0.0,0.0,0.47,0.0,0.0,0.95,1.81,0.84,0.0,1.07,0.0,0.0,0.0,0.0,2.75
2744,408.13,0.363877,0.292627,-0.884287,-0.309249,0.468557,-0.827538,0.032,0.418,0.36,0.18,0.0,0.0,0.52,0.0,0.0,0.85,1.8,0.79,0.03,1.09,0.0,0.0,0.0,0.0,2.69
2745,408.17,0.250401,0.279225,-0.927002,-0.313851,0.440939,-0.840875,-0.036,0.387,0.33,0.29,0.0,0.0,0.61,0.0,0.0,0.84,1.79,0.72,0.05,1.05,0.0,0.0,0.0,0.01,2.61
2746,408.2,0.260798,0.27422,-0.925628,-0.313325,0.432014,-0.84569,-0.03,0.379,0.18,0.14,0.02,0.0,0.72,0.06,0.0,0.82,1.8,0.79,0.05,1.08,0.0,0.01,0.0,0.01,2.17
2747,408.23,0.200266,0.224385,-0.953701,-0.252747,0.354503,-0.900248,-0.028,0.303,0.11,0.1,0.02,0.0,0.71,0.06,0.0,0.8,1.75,0.89,0.02,0.93,0.0,0.09,0.0,0.01,1.31
2748,408.27,0.114342,0.203245,-0.972429,-0.168579,0.312651,-0.934789,-0.028,0.264,0.0,0.0,0.02,0.05,0.64,0.06,0.0,0.74,1.69,0.96,0.0,0.85,0.0,0.17,0.0,0.0,0.47
2749,408.3,0.112463,0.202675,-0.972767,-0.169243,0.312702,-0.934652,-0.03,0.264,0.0,0.0,0.0,0.07,0.58,0.0,0.0,0.7,1.62,1.01,0.0,0.76,0.0,0.22,0.0,0.0,0.0
2750,408.33,0.105753,0.183567,-0.977302,-0.164152,0.30536,-0.937982,-0.03,0.25,0.0,0.0,0.0,0.07,0.6,0.03,0.0,0.69,1.61,0.94,0.0,0.67,0.0,0.19,0.0,0.0,0.0
2751,408.37,0.110676,0.222587,-0.96861,-0.169454,0.306311,-0.936728,-0.031,0.271,0.0,0.0,0.0,0.02,0.66,0.06,0.0,0.65,1.62,0.96,0.0,0.6,0.0,0.18,0.0,0.0,0.0
2752,408.4,0.111552,0.223598,-0.968277,-0.175473,0.304103,-0.936339,-0.034,0.27,0.0,0.0,0.0,0.0,0.68,0.08,0.0,0.64,1.64,0.95,0.0,0.5,0.0,0.12,0.0,0.0,0.09
2753,408.43,0.107882,0.217636,-0.97005,-0.163004,0.305569,-0.938114,-0.029,0.268,0.0,0.0,0.0,0.0,0.71,0.05,0.0,0.65,1.65,1.03,0.0,0.53,0.0,0.12,0.0,0.0,0.2
2754,408.47,0.126008,0.220598,-0.967191,-0.167065,0.308044,-0.936589,-0.022,0.271,0.0,0.0,0.0,0.0,0.69,0.02,0.0,0.65,1.67,1.0,0.0,0.52,0.0,0.11,0.0,0.0,0.35
2755,408.5,0.126802,0.220606,-0.967085,-0.166218,0.305282,-0.937643,-0.021,0.269,0.0,0.0,0.0,0.0,0.73,0.02,0.0,0.59,1.67,0.98,0.0,0.56,0.0,0.13,0.0,0.0,0.46
2756,408.53,0.125876,0.225098,-0.966171,-0.157586,0.303222,-0.9398,-0.017,0.27,0.0,0.0,0.0,0.0,0.72,0.02,0.0,0.62,1.66,0.9,0.0,0.47,0.0,0.17,0.0,0.0,0.53
2757,408.57,0.129354,0.229897,-0.96458,-0.139507,0.313352,-0.939334,-0.005,0.278,0.0,0.0,0.0,0.0,0.75,0.09,0.0,0.68,1.63,0.87,0.0,0.45,0.0,0.19,0.0,0.0,0.57
2758,408.6,0.131075,0.229781,-0.964376,-0.142062,0.314404,-0.938599,-0.006,0.279,0.0,0.0,0.0,0.0,0.73,0.16,0.0,0.76,1.64,0.86,0.0,0.36,0.0,0.19,0.0,0.0,0.53
2759,408.63,0.13562,0.227243,-0.964348,-0.133166,0.304221,-0.943248,0.001,0.272,0.0,0.0,0.0,0.0,0.71,0.19,0.0,0.82,1.64,0.82,0.01,0.43,0.0,0.14,0.0,0.0,0.54
2760,408.67,0.141557,0.220387,-0.965086,-0.124531,0.30719,-0.943465,0.009,0.27,0.0,0.0,0.0,0.0,0.72,0.15,0.0,0.85,1.66,0.88,0.01,0.5,0.0,0.08,0.0,0.0,0.49
2761,408.7,0.140512,0.217763,-0.965834,-0.122242,0.304247,-0.944717,0.01,0.267,0.0,0.0,0.0,0.0,0.71,0.08,0.0,0.88,1.66,0.89,0.01,0.61,0.0,0.07,0.0,0.0,0.52
2762,408.73,0.144145,0.219421,-0.964923,-0.129804,0.297348,-0.945904,0.008,0.264,0.0,0.0,0.0,0.0,0.69,0.05,0.0,0.87,1.66,0.96,0.0,0.61,0.0,0.05,0.0,0.0,0.46
2763,408.77,0.137584,0.211823,-0.967575,-0.130455,0.293673,-0.946962,0.004,0.258,0.0,0.0,0.0,0.0,0.7,0.04,0.0,0.93,1.65,0.85,0.0,0.62,0.0,0.01,0.0,0.0,0.45
2764,408.8,0.145885,0.214709,-0.965721,-0.129433,0.285798,-0.949509,0.009,0.256,0.0,0.0,0.0,0.0,0.74,0.03,0.0,0.97,1.65,0.83,0.0,0.62,0.0,0.01,0.0,0.0,0.43
2765,408.83,0.144622,0.214552,-0.965946,-0.127487,0.287464,-0.949269,0.009,0.256,0.0,0.0,0.0,0.0,0.76,0.06,0.0,1.02,1.65,0.8,0.0,0.61,0.0,0.0,0.0,0.0,0.47
2766,408.87,0.144931,0.227941,-0.962828,-0.127987,0.293593,-0.947324,0.009,0.267,0.0,0.0,0.0,0.0,0.77,0.09,0.0,1.02,1.65,0.93,0.0,0.6,0.0,0.0,0.0,0.0,0.52
2767,408.9,0.145401,0.230392,-0.962174,-0.127675,0.297552,-0.94613,0.009,0.27,0.0,0.0,0.0,0.0,0.71,0.17,0.0,1.02,1.66,0.91,0.0,0.6,0.0,0.01,0.0,0.0,0.5
2768,408.93,0.136916,0.190632,-0.972067,-0.132932,0.29032,-0.947652,0.002,0.245,0.0,0.0,0.0,0.0,0.74,0.3,0.0,1.0,1.68,0.89,0.0,0.65,0.0,0.03,0.0,0.0,0.51
2769,408.97,0.147667,0.19573,-0.969476,-0.13569,0.289011,-0.947661,0.006,0.248,0.0,0.0,0.0,0.0,0.7,0.57,0.0,0.95,1.72,0.78,0.0,0.74,0.0,0.03,0.0,0.04,1.04
2770,409.0,0.241253,0.277671,-0.92989,-0.25648,0.363306,-0.895671,-0.008,0.338,0.0,0.0,0.0,0.0,0.7,0.87,0.0,0.89,1.75,0.75,0.0,0.83,0.0,0.01,0.0,0.05,1.68
2771,409.03,0.255031,0.274621,-0.927115,-0.251057,0.362527,-0.897521,0.002,0.336,0.0,0.0,0.0,0.0,0.69,1.09,0.0,0.91,1.75,0.79,0.0,0.95,0.0,0.0,0.0,0.13,2.08
2772,409.07,0.231858,0.238183,-0.943139,-0.27733,0.351628,-0.894117,-0.025,0.311,0.0,0.0,0.0,0.0,0.71,1.24,0.0,0.94,1.74,0.9,0.0,0.98,0.0,0.0,0.0,0.14,1.91
2773,409.1,0.229829,0.238411,-0.943578,-0.284674,0.351293,-0.891938,-0.03,0.311,0.0,0.0,0.0,0.12,0.6,0.87,0.0,1.02,1.65,0.99,0.0,1.06,0.0,0.06,0.0,0.17,1.13
2774,409.13,0.248753,0.038281,-0.96781,0.021451,0.069639,-0.997342,0.137,0.055,0.0,0.0,0.0,0.4,0.48,0.48,0.0,1.05,1.59,1.06,0.0,1.15,0.0,0.12,0.0,0.29,0.55
2775,409.17,0.223613,0.033765,-0.974093,0.030852,0.078554,-0.996432,0.128,0.057,0.0,0.0,0.0,0.71,0.33,0.0,0.0,1.16,1.53,0.92,0.0,1.25,0.0,0.2,0.0,0.29,0.0
2776,409.2,0.232361,0.039668,-0.97182,0.0266,0.087024,-0.995851,0.131,0.064,0.0,0.0,0.0,0.92,0.3,0.0,0.0,1.17,1.52,0.76,0.0,1.14,0.0,0.15,0.13,0.35,0.0
2777,409.23,0.224528,0.035169,-0.973833,0.023324,0.082541,-0.996315,0.125,0.06,0.0,0.0,0.0,1.16,0.23,0.0,0.0,1.13,1.49,0.47,0.0,0.95,0.0,0.09,0.45,0.27,0.0
2778,409.27,0.216998,0.041053,-0.975308,0.021522,0.096402,-0.99511,0.12,0.07,0.0,0.0,0.0,1.36,0.19,0.0,0.0,1.06,1.47,0.34,0.0,0.76,0.0,0.01,0.82,0.35,0.0
2779,409.3,0.217035,0.041052,-0.9753,0.018592,0.096412,-0.995168,0.119,0.07,0.0,0.0,0.0,1.43,0.19,0.0,0.0,1.09,1.48,0.24,0.0,0.77,0.0,0.0,1.06,0.53,0.0
2780,409.33,0.216307,0.044202,-0.975324,0.020469,0.096073,-0.995164,0.12,0.071,0.0,0.0,0.0,1.36,0.23,0.0,0.0,1.18,1.48,0.26,0.0,0.81,0.0,0.0,1.1,0.7,0.0
2781,409.37,0.215847,0.041928,-0.975527,0.019259,0.094978,-0.995293,0.119,0.069,0.0,0.0,0.0,1.24,0.25,0.0,0.0,1.2,1.44,0.22,0.0,0.8,0.0,0.0,1.18,0.87,0.0
2782,409.4,0.216933,0.044284,-0.975182,0.005703,0.095146,-0.995447,0.113,0.071,0.0,0.0,0.0,1.32,0.29,0.0,0.0,1.17,1.4,0.22,0.0,0.76,0.0,0.0,1.26,0.87,0.0
2783,409.43,0.217064,0.043741,-0.975177,0.002688,0.094242,-0.995546,0.111,0.07,0.0,0.0,0.0,1.37,0.32,0.0,0.0,1.18,1.42,0.3,0.0,0.62,0.0,0.0,1.49,0.83,0.0
2784,409.47,0.290801,0.011936,-0.956709,0.013781,0.043778,-0.998946,0.155,0.028,0.0,0.0,0.0,1.42,0.39,0.0,0.0,1.2,1.45,0.48,0.0,0.6,0.0,0.0,1.58,0.77,0.0
2785,409.5,0.291194,0.021117,-0.956431,0.011617,0.050472,-0.998658,0.154,0.037,0.0,0.0,0.0,1.33,0.43,0.0,0.0,1.12,1.42,0.62,0.0,0.55,0.1,0.0,1.82,0.84,0.0
2786,409.53,0.298181,0.044986,-0.953449,0.014085,0.051765,-0.99856,0.159,0.05,0.0,0.0,0.0,1.22,0.45,0.0,0.0,1.08,1.32,0.64,0.0,0.65,0.1,0.0,1.83,1.0,0.0
2787,409.57,0.29326,0.040292,-0.955183,0.02399,0.050137,-0.998454,0.161,0.046,0.0,0.0,0.02,1.03,0.43,0.0,0.0,0.95,1.21,0.63,0.0,0.74,0.21,0.0,1.98,1.23,0.0
2788,409.6,0.216516,0.063439,-0.974216,0.028552,0.079151,-0.996454,0.124,0.072,0.0,0.0,0.08,0.74,0.47,0.02,0.0,0.98,1.16,0.49,0.01,0.86,0.11,0.0,2.01,1.42,0.0
2789,409.63,0.066365,0.120413,-0.990503,-0.056163,0.155807,-0.98619,0.005,0.139,0.0,0.0,0.17,0.43,0.48,0.1,0.0,0.87,1.13,0.38,0.01,0.89,0.19,0.0,2.03,1.69,0.0
2790,409.67,0.060637,0.120602,-0.990847,-0.060602,0.138457,-0.988513,0.0,0.13,0.02,0.0,0.21,0.24,0.52,0.13,0.0,0.9,1.1,0.25,0.01,0.99,0.17,0.0,1.97,1.87,0.0
2791,409.7,0.066,0.128032,-0.989572,-0.06126,0.142464,-0.987902,0.002,0.136,0.02,0.0,0.2,0.15,0.49,0.16,0.0,0.85,1.06,0.23,0.0,1.05,0.31,0.0,1.9,1.98,0.0
2792,409.73,0.070727,0.131666,-0.988768,-0.059674,0.144498,-0.987704,0.006,0.139,0.02,0.0,0.26,0.13,0.51,0.08,0.0,0.86,1.04,0.17,0.0,1.06,0.31,0.0,1.92,1.96,0.0
2793,409.77,0.072436,0.098027,-0.992544,-0.053201,0.177642,-0.982656,0.01,0.139,0.03,0.0,0.41,0.15,0.51,0.18,0.02,0.88,1.01,0.08,0.0,0.86,0.26,0.0,2.01,1.87,0.0
2794,409.8,0.065655,0.085178,-0.9942,-0.04989,0.178921,-0.982598,0.008,0.133,0.03,0.0,0.55,0.15,0.51,0.19,0.02,1.09,1.04,0.03,0.03,0.76,0.13,0.0,2.05,1.73,0.0
2795,409.83,0.075291,0.094088,-0.992713,-0.051252,0.176196,-0.98302,0.012,0.136,0.06,0.0,0.55,0.2,0.46,0.3,0.02,1.15,1.03,0.0,0.03,0.73,0.06,0.0,2.08,1.64,0.0
2796,409.87,0.077631,0.098039,-0.99215,-0.050415,0.177699,-0.982793,0.014,0.139,0.07,0.0,0.52,0.23,0.45,0.3,0.0,1.14,1.08,0.0,0.03,0.81,0.08,0.0,2.02,1.67,0.0
2797,409.9,0.074995,0.099036,-0.992254,-0.051726,0.175342,-0.983148,0.012,0.138,0.17,0.0,0.54,0.19,0.41,0.24,0.0,1.15,1.08,0.02,0.01,0.83,0.08,0.0,2.04,1.75,0.0
2798,409.93,0.073184,0.110834,-0.991141,-0.04638,0.178334,-0.982876,0.014,0.145,0.25,0.0,0.58,0.09,0.34,0.14,0.0,1.22,1.03,0.02,0.01,0.84,0.07,0.0,2.02,1.77,0.0
2799,409.97,0.0811,0.115001,-0.990049,-0.040351,0.180824,-0.982687,0.021,0.149,0.34,0.0,0.64,0.0,0.25,0.0,0.0,1.21,0.97,0.09,0.01,0.81,0.05,0.0,1.82,1.62,0.0
2800,410.0,0.087263,0.12081,-0.988833,-0.049692,0.168606,-0.98443,0.019,0.146,0.26,0.0,0.61,0.0,0.19,0.0,0.0,1.04,0.89,0.17,0.0,0.78,0.05,0.0,1.44,1.42,0.0
2801,410.03,0.093822,0.124155,-0.987817,-0.061156,0.180256,-0.981717,0.017,0.153,0.17,0.0,0.56,0.0,0.14,0.0,0.0,0.85,0.85,0.34,0.0,0.73,0.25,0.0,1.11,1.19,0.0
2802,410.07,0.092143,0.118568,-0.988661,-0.032867,0.164312,-0.985861,0.03,0.142,0.06,0.0,0.51,0.0,0.08,0.0,0.0,0.78,0.83,0.43,0.0,0.72,0.36,0.0,0.98,1.14,0.0
2803,410.1,0.092448,0.118376,-0.988656,-0.034987,0.161687,-0.986222,0.029,0.141,0.04,0.0,0.45,0.0,0.04,0.0,0.0,0.68,0.89,0.62,0.02,0.8,0.54,0.03,0.66,0.89,0.0
2804,410.13,0.098762,0.106178,-0.98943,-0.022544,0.141459,-0.989687,0.038,0.124,0.02,0.0,0.36,0.0,0.07,0.0,0.0,0.74,0.92,0.69,0.09,1.17,0.52,0.08,0.33,0.68,0.0
2805,410.17,0.113858,0.09407,-0.989034,-0.044619,0.139646,-0.989196,0.035,0.118,0.0,0.0,0.26,0.0,0.13,0.0,0.0,0.75,0.96,0.82,0.32,1.65,0.42,0.13,0.0,0.43,0.0
2806,410.2,0.117667,0.08112,-0.989734,-0.035162,0.123389,-0.991735,0.042,0.103,0.0,0.0,0.23,0.0,0.22,0.0,0.0,0.92,0.94,0.75,0.51,2.03,0.36,0.13,0.0,0.37,0.0
2807,410.23,0.102968,0.080144,-0.991451,-0.007525,0.125604,-0.992052,0.048,0.103,0.0,0.0,0.22,0.0,0.29,0.0,0.0,0.99,0.95,0.71,0.66,2.17,0.32,0.15,0.0,0.37,0.0
2808,410.27,0.108929,0.087704,-0.990173,-0.013242,0.127407,-0.991762,0.048,0.108,0.0,0.0,0.21,0.0,0.31,0.0,0.0,1.02,0.91,0.66,0.64,2.24,0.45,0.17,0.0,0.36,0.0
2809,410.3,0.108597,0.09342,-0.989687,-0.013722,0.132885,-0.991037,0.048,0.114,0.0,0.0,0.18,0.0,0.31,0.0,0.0,0.94,0.93,0.73,0.62,2.24,0.55,0.24,0.0,0.44,0.0
2810,410.33,0.102638,0.07828,-0.991634,-0.008539,0.124564,-0.992175,0.047,0.102,0.0,0.0,0.24,0.0,0.32,0.0,0.0,0.99,0.94,0.84,0.59,2.21,0.57,0.27,0.0,0.42,0.0
2811,410.37,0.106219,0.084745,-0.990725,-0.001751,0.115624,-0.993292,0.053,0.101,0.0,0.0,0.23,0.0,0.35,0.0,0.0,1.03,1.02,0.99,0.58,2.17,0.44,0.3,0.0,0.43,0.0
2812,410.4,0.113661,0.087163,-0.989689,-0.014154,0.130583,-0.991336,0.05,0.109,0.0,0.0,0.21,0.0,0.34,0.0,0.0,1.04,1.06,0.96,0.56,2.23,0.21,0.27,0.0,0.25,0.0
2813,410.43,0.111186,0.095208,-0.989228,-0.012982,0.135359,-0.990712,0.05,0.116,0.0,0.0,0.08,0.0,0.32,0.0,0.0,0.97,1.12,0.93,0.59,2.23,0.05,0.28,0.0,0.13,0.0
2814,410.47,0.109912,0.093089,-0.989573,-0.018569,0.133681,-0.990851,0.046,0.114,0.0,0.0,0.03,0.0,0.3,0.0,0.0,0.96,1.13,0.87,0.63,2.25,0.02,0.3,0.0,0.0,0.0
2815,410.5,0.10897,0.093294,-0.989657,-0.017808,0.132715,-0.990994,0.046,0.114,0.02,0.0,0.09,0.0,0.26,0.0,0.0,0.87,1.17,0.91,0.68,2.23,0.02,0.25,0.0,0.0,0.0
2816,410.53,0.162442,0.156121,-0.974289,-0.101813,0.229011,-0.968085,0.031,0.196,0.01,0.0,0.12,0.0,0.24,0.0,0.0,0.83,1.18,0.99,0.73,2.24,0.02,0.21,0.0,0.0,0.0
2817,410.57,0.161304,0.150139,-0.975418,-0.101678,0.229026,-0.968095,0.031,0.193,0.06,0.0,0.12,0.0,0.26,0.0,0.0,0.83,1.27,0.91,0.7,2.2,0.0,0.09,0.0,0.0,0.63
2818,410.6,0.250495,0.191357,-0.949018,-0.233679,0.309954,-0.921587,0.009,0.262,0.13,0.0,0.06,0.0,0.36,0.0,0.0,0.9,1.29,0.83,0.71,2.23,0.0,0.06,0.0,0.09,1.34
2819,410.63,0.247919,0.195983,-0.94875,-0.23606,0.314085,-0.91958,0.006,0.267,0.13,0.0,0.08,0.0,0.52,0.02,0.05,0.98,1.33,0.68,0.64,2.24,0.0,0.01,0.0,0.2,1.87
2820,410.67,0.209348,0.169104,-0.963108,-0.218771,0.267942,-0.938268,-0.005,0.226,0.08,0.0,0.15,0.0,0.64,0.06,0.1,1.02,1.31,0.67,0.67,2.31,0.0,0.04,0.0,0.38,1.72
2821,410.7,0.210377,0.173488,-0.962104,-0.218198,0.269843,-0.937856,-0.004,0.229,0.04,0.0,0.2,0.0,0.71,0.13,0.11,1.05,1.3,0.69,0.66,2.29,0.0,0.07,0.0,0.43,1.5
2822,410.73,0.210258,0.170807,-0.962609,-0.218718,0.272546,-0.936953,-0.004,0.229,0.04,0.0,0.13,0.0,0.59,0.11,0.06,1.03,1.22,0.71,0.68,2.29,0.0,0.16,0.0,0.42,0.98
2823,410.77,0.084846,0.081988,-0.993015,-0.027182,0.122521,-0.992094,0.029,0.103,0.03,0.0,0.06,0.0,0.48,0.07,0.01,1.01,1.13,0.72,0.66,2.26,0.0,0.24,0.0,0.42,0.5
2824,410.8,0.083606,0.086993,-0.992694,-0.03019,0.128746,-0.991218,0.027,0.108,0.0,0.0,0.01,0.0,0.39,0.0,0.0,1.04,1.06,0.84,0.62,2.22,0.0,0.31,0.0,0.41,0.0
2825,410.83,0.063843,0.0909,-0.993811,-0.044803,0.12984,-0.990522,0.01,0.111,0.0,0.0,0.01,0.09,0.39,0.0,0.0,1.02,1.08,0.9,0.61,2.15,0.0,0.34,0.0,0.45,0.0
2826,410.87,0.063618,0.089196,-0.99398,-0.047463,0.126263,-0.990861,0.008,0.108,0.0,0.0,0.02,0.16,0.41,0.0,0.0,1.03,1.11,0.95,0.53,2.03,0.0,0.35,0.0,0.43,0.0
2827,410.9,0.064651,0.089512,-0.993885,-0.048826,0.1258,-0.990853,0.008,0.108,0.0,0.0,0.01,0.26,0.42,0.0,0.0,0.96,1.16,0.92,0.46,1.95,0.0,0.39,0.0,0.43,0.0
2828,410.93,0.05455,0.101319,-0.993357,-0.049892,0.127034,-0.990643,0.002,0.115,0.0,0.0,0.03,0.23,0.42,0.0,0.0,0.98,1.18,0.98,0.46,1.97,0.0,0.41,0.0,0.38,0.0
2829,410.97,0.058023,0.100402,-0.993254,-0.068801,0.133706,-0.98863,-0.005,0.118,0.0,0.0,0.01,0.17,0.38,0.0,0.0,1.01,1.18,1.1,0.59,2.04,0.0,0.41,0.0,0.35,0.0
2830,411.0,0.047573,0.085827,-0.995174,-0.068145,0.131005,-0.989037,-0.01,0.109,0.0,0.0,0.01,0.09,0.35,0.0,0.0,1.05,1.17,1.11,0.78,2.06,0.0,0.39,0.0,0.39,0.0
2831,411.03,0.045624,0.081491,-0.995629,-0.066998,0.128353,-0.989463,-0.011,0.105,0.0,0.0,0.0,0.02,0.34,0.0,0.0,1.06,1.16,1.1,0.86,2.13,0.0,0.33,0.0,0.5,0.0
2832,411.07,0.028489,0.091469,-0.9954,-0.071673,0.131868,-0.988673,-0.022,0.112,0.0,0.0,0.0,0.01,0.38,0.0,0.0,1.02,1.17,1.08,0.9,2.12,0.0,0.3,0.0,0.6,0.0
2833,411.1,0.02785,0.093048,-0.995272,-0.070752,0.13197,-0.988725,-0.022,0.113,0.0,0.0,0.0,0.0,0.42,0.0,0.03,1.01,1.15,1.04,0.82,2.08,0.0,0.28,0.0,0.67,0.0
2834,411.13,0.0327,0.086793,-0.99569,-0.067268,0.132938,-0.988839,-0.017,0.11,0.02,0.0,0.0,0.0,0.44,0.0,0.07,0.98,1.15,0.87,0.81,1.93,0.09,0.2,0.0,0.75,0.55
2835,411.17,0.195268,0.179481,-0.964187,-0.238372,0.291649,-0.926348,-0.023,0.244,0.14,0.12,0.0,0.0,0.44,0.0,0.08,0.9,1.23,0.65,0.88,1.91,0.09,0.1,0.0,0.78,1.31
2836,411.2,0.229283,0.211957,-0.950002,-0.274543,0.308823,-0.910634,-0.024,0.273,0.31,0.22,0.01,0.0,0.43,0.04,0.07,0.8,1.27,0.53,1.0,1.98,0.09,0.0,0.0,0.68,2.17
2837,411.23,0.197162,0.205883,-0.958509,-0.27589,0.318853,-0.906762,-0.042,0.274,0.33,0.27,0.12,0.0,0.46,0.07,0.03,0.76,1.28,0.67,1.03,1.97,0.0,0.0,0.0,0.48,2.02
2838,411.27,0.141492,0.196886,-0.970163,-0.226143,0.326919,-0.917596,-0.045,0.271,0.26,0.18,0.23,0.0,0.51,0.09,0.02,0.78,1.24,0.85,0.92,1.88,0.0,0.0,0.0,0.35,1.7
2839,411.3,0.145675,0.192037,-0.970516,-0.225433,0.319895,-0.920243,-0.042,0.264,0.14,0.08,0.29,0.0,0.55,0.05,0.0,0.82,1.18,0.93,0.84,1.79,0.0,0.03,0.0,0.33,0.94
2840,411.33,0.10328,0.209399,-0.972361,-0.160184,0.297058,-0.941328,-0.03,0.259,0.16,0.02,0.23,0.0,0.54,0.03,0.0,0.84,1.14,0.92,0.79,1.77,0.0,0.07,0.0,0.26,0.66
2841,411.37,0.102281,0.20793,-0.972781,-0.159327,0.294886,-0.942156,-0.03,0.257,0.11,0.0,0.21,0.0,0.49,0.0,0.0,0.83,1.13,0.89,0.73,1.75,0.0,0.15,0.0,0.16,0.22
2842,411.4,0.092564,0.177717,-0.979719,-0.170146,0.25847,-0.950917,-0.04,0.222,0.06,0.0,0.16,0.0,0.43,0.0,0.0,0.76,1.14,0.87,0.77,1.72,0.0,0.24,0.0,0.06,0.11
2843,411.43,0.077241,0.171459,-0.982159,-0.146276,0.259186,-0.954686,-0.036,0.219,0.0,0.0,0.16,0.0,0.34,0.0,0.0,0.76,1.12,0.93,0.78,1.76,0.0,0.29,0.0,0.18,0.0
2844,411.47,0.075248,0.164055,-0.983577,-0.1629,0.256919,-0.952605,-0.045,0.214,0.02,0.0,0.14,0.0,0.27,0.0,0.0,0.78,1.08,0.92,0.83,1.78,0.0,0.32,0.0,0.3,0.0
2845,411.5,0.073741,0.165754,-0.983406,-0.162912,0.258057,-0.952295,-0.046,0.216,0.02,0.0,0.18,0.0,0.26,0.0,0.0,0.81,1.07,0.97,0.77,1.87,0.0,0.3,0.0,0.31,0.0
2846,411.53,0.075068,0.161541,-0.984007,-0.154153,0.260838,-0.952995,-0.041,0.215,0.02,0.0,0.13,0.0,0.3,0.0,0.0,0.83,1.11,1.0,0.77,1.87,0.0,0.3,0.0,0.23,0.0
2847,411.57,0.085541,0.157486,-0.983809,-0.152916,0.257799,-0.954021,-0.035,0.211,0.0,0.0,0.1,0.0,0.36,0.0,0.0,0.92,1.15,1.02,0.77,1.88,0.0,0.28,0.0,0.14,0.01
2848,411.6,0.086589,0.160169,-0.983284,-0.145614,0.255745,-0.955715,-0.03,0.211,0.04,0.05,0.04,0.0,0.33,0.0,0.02,0.94,1.26,0.93,0.84,1.91,0.0,0.19,0.0,0.4,0.9
2849,411.63,0.199017,0.24323,-0.949332,-0.26226,0.300668,-0.916961,-0.034,0.284,0.08,0.05,0.04,0.0,0.3,0.0,0.06,0.83,1.34,0.75,0.9,1.98,0.01,0.09,0.0,0.66,1.75
2850,411.67,0.179132,0.238487,-0.954482,-0.267464,0.314961,-0.910639,-0.047,0.288,0.12,0.05,0.0,0.0,0.26,0.0,0.08,0.72,1.43,0.57,0.96,1.99,0.04,0.0,0.0,0.94,2.63
2851,411.7,0.186305,0.24419,-0.951663,-0.272043,0.316128,-0.908876,-0.046,0.293,0.19,0.07,0.0,0.0,0.24,0.0,0.13,0.71,1.37,0.53,1.0,1.98,0.14,0.0,0.0,0.95,2.8
2852,411.73,0.231622,0.232974,-0.944497,-0.272129,0.300752,-0.914054,-0.022,0.28,0.27,0.11,0.0,0.0,0.2,0.0,0.12,0.72,1.32,0.51,0.99,1.99,0.31,0.0,0.0,0.93,3.04
2853,411.77,0.223624,0.254448,-0.940877,-0.274376,0.303802,-0.912372,-0.027,0.293,0.27,0.12,0.09,0.0,0.17,0.0,0.1,0.76,1.12,0.68,0.88,2.03,0.27,0.01,0.0,0.84,2.54
2854,411.8,0.107974,0.156738,-0.98172,-0.155896,0.273191,-0.949243,-0.025,0.219,0.18,0.05,0.14,0.0,0.18,0.0,0.03,0.86,1.04,0.75,0.76,1.99,0.17,0.01,0.0,0.68,1.77
2855,411.83,0.110139,0.158819,-0.981145,-0.158543,0.274049,-0.948558,-0.025,0.221,0.12,0.01,0.21,0.0,0.19,0.0,0.0,1.0,0.95,0.79,0.64,1.78,0.0,0.03,0.0,0.43,0.95
2856,411.87,0.104973,0.158724,-0.981727,-0.138898,0.248715,-0.958566,-0.017,0.207,0.15,0.0,0.17,0.0,0.17,0.0,0.0,1.08,0.97,0.73,0.57,1.62,0.0,0.04,0.0,0.29,0.8
2857,411.9,0.104662,0.16174,-0.981268,-0.138342,0.249522,-0.958436,-0.017,0.209,0.14,0.0,0.2,0.0,0.18,0.0,0.0,1.05,0.97,0.83,0.52,1.49,0.03,0.05,0.0,0.25,0.66
2858,411.93,0.093191,0.162562,-0.982288,-0.138605,0.251014,-0.958009,-0.023,0.21,0.08,0.0,0.21,0.0,0.18,0.0,0.0,1.04,0.98,1.03,0.49,1.47,0.06,0.12,0.0,0.23,0.51
2859,411.97,0.111388,0.159046,-0.980967,-0.148547,0.248096,-0.957279,-0.019,0.207,0.01,0.0,0.22,0.0,0.17,0.0,0.0,0.99,1.02,1.19,0.53,1.44,0.06,0.17,0.0,0.18,0.44
2860,412.0,0.109923,0.162033,-0.980644,-0.147987,0.250897,-0.956635,-0.02,0.21,0.0,0.0,0.23,0.0,0.12,0.0,0.0,0.99,1.02,1.07,0.42,1.41,0.05,0.15,0.01,0.16,0.48
2861,412.03,0.105822,0.146794,-0.98349,-0.144562,0.235025,-0.961179,-0.02,0.194,0.0,0.0,0.23,0.0,0.09,0.0,0.01,0.95,1.03,0.9,0.31,1.42,0.12,0.07,0.06,0.18,0.51
2862,412.07,0.107618,0.151609,-0.982565,-0.142875,0.234585,-0.961539,-0.018,0.196,0.0,0.0,0.26,0.0,0.08,0.0,0.01,0.99,1.01,0.76,0.19,1.41,0.23,0.01,0.08,0.2,0.55
2863,412.1,0.106613,0.152581,-0.982524,-0.142771,0.236152,-0.961171,-0.019,0.197,0.0,0.0,0.22,0.0,0.09,0.0,0.01,1.04,0.99,0.85,0.19,1.53,0.26,0.0,0.07,0.33,0.47
2864,412.13,0.111377,0.147885,-0.982713,-0.144881,0.239468,-0.960034,-0.017,0.197,0.0,0.01,0.16,0.0,0.1,0.0,0.0,1.0,0.95,0.88,0.16,1.66,0.17,0.05,0.03,0.41,0.48
2865,412.17,0.113755,0.143471,-0.983095,-0.148068,0.242113,-0.958883,-0.018,0.196,0.04,0.01,0.17,0.0,0.1,0.0,0.0,0.99,0.9,0.79,0.2,1.72,0.07,0.05,0.01,0.49,0.44
2866,412.2,0.120267,0.155909,-0.980422,-0.148768,0.252015,-0.95622,-0.015,0.208,0.07,0.01,0.22,0.0,0.12,0.0,0.0,0.94,0.88,0.63,0.22,1.68,0.02,0.05,0.01,0.41,0.41
2867,412.23,0.122513,0.153644,-0.980502,-0.149544,0.250083,-0.956606,-0.014,0.205,0.11,0.0,0.23,0.0,0.14,0.0,0.0,0.96,0.9,0.59,0.3,1.61,0.0,0.01,0.0,0.34,0.29
2868,412.27,0.122978,0.154763,-0.980268,-0.152766,0.254212,-0.955007,-0.015,0.208,0.06,0.0,0.15,0.0,0.17,0.02,0.0,0.91,0.95,0.67,0.27,1.59,0.0,0.03,0.0,0.27,0.18
2869,412.3,0.122971,0.151808,-0.980731,-0.148684,0.251448,-0.956382,-0.013,0.205,0.04,0.0,0.19,0.0,0.15,0.02,0.01,0.86,0.97,0.76,0.28,1.56,0.0,0.05,0.0,0.23,0.25
2870,412.33,0.112914,0.154203,-0.981566,-0.151153,0.244294,-0.957848,-0.02,0.203,0.06,0.0,0.24,0.0,0.13,0.02,0.02,0.88,0.96,0.78,0.36,1.5,0.0,0.05,0.0,0.35,0.45
2871,412.37,0.097115,0.150523,-0.983825,-0.151845,0.240735,-0.95864,-0.028,0.199,0.09,0.0,0.31,0.0,0.1,0.0,0.02,0.89,0.92,0.78,0.48,1.53,0.0,0.02,0.0,0.46,0.59
2872,412.4,0.095202,0.141147,-0.9854,-0.146285,0.242215,-0.959131,-0.026,0.195,0.08,0.0,0.25,0.0,0.12,0.0,0.01,0.87,0.87,0.7,0.48,1.6,0.0,0.0,0.03,0.55,0.63
2873,412.43,0.102389,0.154511,-0.982671,-0.151597,0.24127,-0.958544,-0.025,0.201,0.02,0.0,0.23,0.0,0.1,0.0,0.01,0.89,0.87,0.62,0.46,1.71,0.0,0.0,0.03,0.63,0.5
2874,412.47,0.097927,0.165886,-0.981271,-0.152786,0.246537,-0.957014,-0.028,0.21,0.0,0.0,0.2,0.0,0.1,0.0,0.02,0.89,0.89,0.58,0.44,1.76,0.0,0.0,0.03,0.74,0.41
2875,412.5,0.096213,0.163695,-0.981808,-0.152561,0.247654,-0.956762,-0.029,0.209,0.0,0.0,0.21,0.0,0.09,0.0,0.02,0.88,0.89,0.53,0.52,1.75,0.0,0.0,0.02,0.89,0.32
2876,412.53,0.091653,0.156144,-0.983473,-0.154313,0.245192,-0.957115,-0.032,0.204,0.0,0.0,0.26,0.0,0.16,0.01,0.04,0.82,0.91,0.44,0.41,1.73,0.0,0.0,0.02,0.84,0.26
2877,412.57,0.095661,0.173217,-0.980227,-0.158626,0.264379,-0.951284,-0.033,0.223,0.0,0.0,0.27,0.0,0.19,0.01,0.03,0.85,0.91,0.36,0.37,1.76,0.0,0.0,0.02,0.77,0.29
2878,412.6,0.110965,0.165022,-0.980028,-0.154454,0.252943,-0.955073,-0.022,0.213,0.01,0.0,0.22,0.0,0.22,0.01,0.03,0.98,0.95,0.4,0.4,1.75,0.0,0.0,0.0,0.64,0.36
2879,412.63,0.117587,0.156979,-0.980577,-0.152863,0.252987,-0.955317,-0.018,0.209,0.01,0.0,0.18,0.0,0.19,0.03,0.0,1.06,0.93,0.63,0.58,1.81,0.0,0.0,0.0,0.65,0.45
2880,412.67,0.09839,0.153261,-0.983275,-0.148602,0.245028,-0.95806,-0.026,0.202,0.01,0.0,0.18,0.0,0.18,0.11,0.0,1.05,0.93,0.8,0.68,1.86,0.0,0.0,0.0,0.59,0.47
2881,412.7,0.101845,0.152143,-0.983097,-0.150507,0.247885,-0.957027,-0.025,0.203,0.0,0.0,0.21,0.0,0.19,0.13,0.0,1.02,0.93,0.87,0.68,1.96,0.0,0.0,0.0,0.61,0.42
2882,412.73,0.099846,0.153632,-0.983071,-0.147542,0.247977,-0.957465,-0.025,0.204,0.0,0.0,0.18,0.0,0.16,0.1,0.0,0.97,0.9,0.84,0.68,2.02,0.0,0.0,0.0,0.58,0.31
2883,412.77,0.103243,0.150887,-0.983145,-0.149241,0.250377,-0.956576,-0.024,0.204,0.0,0.0,0.13,0.0,0.19,0.02,0.0,0.96,0.92,0.78,0.61,1.98,0.0,0.0,0.0,0.53,0.33
2884,412.8,0.100671,0.160344,-0.981914,-0.144461,0.259116,-0.954982,-0.023,0.213,0.0,0.0,0.13,0.0,0.17,0.0,0.0,0.86,0.9,0.74,0.49,1.93,0.0,0.0,0.0,0.46,0.25
2885,412.83,0.096664,0.168225,-0.980998,-0.155672,0.265881,-0.951354,-0.031,0.221,0.0,0.0,0.18,0.0,0.17,0.03,0.0,0.86,0.93,0.68,0.35,1.81,0.0,0.0,0.0,0.43,0.25
2886,412.87,0.095719,0.157742,-0.98283,-0.156423,0.261513,-0.95244,-0.031,0.213,0.0,0.0,0.23,0.0,0.11,0.1,0.0,0.86,0.93,0.6,0.34,1.74,0.0,0.0,0.0,0.51,0.1
2887,412.9,0.096573,0.155849,-0.983049,-0.154336,0.25777,-0.9538,-0.03,0.21,0.0,0.0,0.24,0.0,0.08,0.14,0.0,0.9,0.96,0.53,0.36,1.66,0.0,0.0,0.0,0.49,0.12
2888,412.93,0.097213,0.158803,-0.982513,-0.150105,0.25559,-0.955061,-0.027,0.211,0.0,0.0,0.24,0.0,0.06,0.11,0.0,0.93,0.93,0.59,0.48,1.55,0.0,0.0,0.0,0.46,0.2
2889,412.97,0.116647,0.153834,-0.981187,-0.148522,0.250435,-0.956673,-0.016,0.206,0.0,0.0,0.17,0.0,0.05,0.04,0.0,0.9,0.9,0.69,0.5,1.45,0.0,0.0,0.0,0.27,0.33
2890,413.0,0.111091,0.154601,-0.981711,-0.147961,0.249035,-0.957125,-0.019,0.205,0.0,0.0,0.11,0.0,0.05,0.0,0.0,0.82,0.86,0.88,0.47,1.43,0.0,0.0,0.0,0.18,0.36
2891,413.03,0.120942,0.14664,-0.981769,-0.145774,0.24648,-0.958122,-0.013,0.2,0.01,0.0,0.16,0.0,0.08,0.01,0.0,0.63,0.82,0.91,0.29,1.48,0.04,0.0,0.0,0.12,0.38
2892,413.07,0.121024,0.146384,-0.981797,-0.148261,0.240231,-0.959327,-0.014,0.197,0.01,0.0,0.27,0.0,0.12,0.06,0.0,0.59,0.8,0.98,0.12,1.58,0.04,0.0,0.0,0.25,0.41
2893,413.1,0.120231,0.148309,-0.981605,-0.147402,0.243428,-0.958653,-0.014,0.199,0.01,0.0,0.34,0.0,0.16,0.06,0.0,0.6,0.78,0.98,0.09,1.6,0.04,0.0,0.0,0.3,0.46
2894,413.13,0.128705,0.150258,-0.980233,-0.147343,0.240063,-0.95951,-0.01,0.199,0.0,0.0,0.3,0.0,0.16,0.06,0.0,0.65,0.76,1.02,0.05,1.63,0.04,0.0,0.0,0.38,0.49
2895,413.17,0.116927,0.160908,-0.980019,-0.146914,0.2508,-0.956826,-0.015,0.209,0.02,0.0,0.36,0.0,0.17,0.0,0.0,0.65,0.7,1.02,0.05,1.63,0.1,0.0,0.0,0.37,0.45
2896,413.2,0.122903,0.161194,-0.97924,-0.142878,0.252186,-0.957073,-0.01,0.21,0.04,0.0,0.52,0.0,0.16,0.0,0.0,0.62,0.67,1.03,0.04,1.65,0.1,0.0,0.0,0.45,0.41
2897,413.23,0.129481,0.162854,-0.978117,-0.132775,0.263527,-0.955471,-0.002,0.217,0.13,0.0,0.61,0.0,0.19,0.0,0.01,0.65,0.67,0.91,0.04,1.51,0.11,0.0,0.0,0.38,0.36
2898,413.27,0.123254,0.16175,-0.979104,-0.121972,0.258619,-0.958248,0.001,0.214,0.23,0.0,0.62,0.0,0.19,0.0,0.01,0.61,0.68,0.83,0.04,1.32,0.13,0.0,0.0,0.3,0.33
2899,413.3,0.124991,0.163666,-0.978566,-0.122138,0.257433,-0.958546,0.001,0.214,0.34,0.0,0.57,0.0,0.21,0.0,0.01,0.59,0.68,0.73,0.0,1.19,0.2,0.0,0.0,0.2,0.4
2900,413.33,0.126163,0.157997,-0.979347,-0.12159,0.2584,-0.958356,0.002,0.212,0.31,0.0,0.56,0.0,0.22,0.0,0.02,0.56,0.7,0.78,0.0,1.15,0.18,0.0,0.0,0.16,0.4
2901,413.37,0.129472,0.169021,-0.977072,-0.132193,0.263245,-0.955629,-0.001,0.22,0.19,0.0,0.53,0.0,0.2,0.0,0.01,0.56,0.7,0.74,0.0,1.07,0.19,0.0,0.0,0.25,0.5
2902,413.4,0.121332,0.166624,-0.978527,-0.121739,0.262352,-0.957262,-0.0,0.218,0.09,0.0,0.49,0.0,0.15,0.0,0.01,0.54,0.66,0.7,0.0,1.0,0.2,0.0,0.0,0.3,0.57
2903,413.43,0.126802,0.173691,-0.976603,-0.12992,0.261034,-0.956547,-0.002,0.221,0.07,0.03,0.41,0.0,0.14,0.0,0.0,0.51,0.64,0.68,0.0,0.96,0.25,0.0,0.0,0.36,0.62
2904,413.47,0.12679,0.145507,-0.981199,-0.120187,0.251672,-0.960321,0.003,0.202,0.1,0.07,0.35,0.0,0.16,0.0,0.0,0.48,0.62,0.73,0.0,0.96,0.28,0.0,0.0,0.29,0.57
2905,413.5,0.127269,0.14945,-0.980544,-0.121082,0.252528,-0.959984,0.003,0.204,0.16,0.07,0.35,0.0,0.19,0.0,0.0,0.5,0.65,0.82,0.0,0.93,0.22,0.0,0.0,0.34,0.45
2906,413.53,0.138711,0.149284,-0.979017,-0.132682,0.262697,-0.955712,0.003,0.21,0.22,0.03,0.37,0.0,0.17,0.0,0.0,0.54,0.64,0.9,0.0,0.93,0.16,0.0,0.0,0.41,0.41
2907,413.57,0.140142,0.146323,-0.97926,-0.130332,0.261427,-0.956384,0.005,0.208,0.23,0.0,0.41,0.0,0.17,0.0,0.0,0.55,0.69,0.9,0.0,0.94,0.04,0.0,0.0,0.43,0.43
2908,413.6,0.140947,0.173792,-0.974644,-0.130594,0.275799,-0.952302,0.005,0.229,0.18,0.0,0.41,0.0,0.16,0.0,0.0,0.59,0.71,0.89,0.0,0.97,0.02,0.0,0.0,0.26,0.47
2909,413.63,0.129296,0.179196,-0.97528,-0.138423,0.264727,-0.954337,-0.005,0.226,0.19,0.0,0.38,0.0,0.17,0.0,0.0,0.61,0.73,0.83,0.0,1.02,0.0,0.0,0.0,0.08,0.48
2910,413.67,0.142855,0.177364,-0.973722,-0.131987,0.268205,-0.954278,0.006,0.227,0.18,0.0,0.32,0.0,0.17,0.0,0.0,0.66,0.72,0.84,0.0,1.06,0.0,0.0,0.0,0.04,0.41
2911,413.7,0.144143,0.173082,-0.974303,-0.131762,0.26582,-0.954976,0.006,0.224,0.16,0.0,0.27,0.0,0.16,0.0,0.0,0.72,0.73,0.73,0.0,1.1,0.0,0.0,0.0,0.08,0.37
2912,413.73,0.14121,0.186435,-0.972266,-0.12938,0.265023,-0.955523,0.006,0.23,0.09,0.0,0.28,0.0,0.19,0.0,0.0,0.81,0.76,0.65,0.0,1.06,0.0,0.0,0.0,0.08,0.31
2913,413.77,0.143956,0.178307,-0.973388,-0.130721,0.259495,-0.956857,0.007,0.223,0.3,0.0,0.28,0.0,0.21,0.0,0.0,0.76,0.8,0.57,0.01,1.12,0.01,0.0,0.07,0.12,0.81
2914,413.8,0.108746,0.192962,-0.975162,-0.195649,0.32986,-0.923533,-0.046,0.269,0.6,0.1,0.2,0.0,0.16,0.0,0.0,0.64,0.82,0.47,0.01,1.06,0.09,0.0,0.07,0.11,1.62
2915,413.83,0.18726,0.233976,-0.954038,-0.251077,0.356432,-0.899953,-0.034,0.308,0.72,0.1,0.27,0.0,0.16,0.0,0.0,0.57,0.78,0.42,0.09,1.18,0.17,0.0,0.07,0.21,2.19
2916,413.87,0.147915,0.203601,-0.967816,-0.217164,0.337795,-0.915824,-0.037,0.28,0.62,0.15,0.35,0.0,0.18,0.0,0.0,0.61,0.75,0.42,0.08,1.14,0.18,0.0,0.0,0.14,2.28
2917,413.9,0.150522,0.198508,-0.968472,-0.219604,0.346424,-0.912011,-0.037,0.282,0.32,0.05,0.53,0.0,0.23,0.0,0.0,0.68,0.69,0.57,0.08,1.19,0.21,0.0,0.0,0.17,1.69
2918,413.93,0.102496,0.17784,-0.978707,-0.143863,0.310948,-0.939476,-0.022,0.25,0.2,0.05,0.55,0.0,0.16,0.0,0.0,0.64,0.67,0.57,0.05,1.16,0.13,0.0,0.0,0.18,1.15
2919,413.97,0.092648,0.135701,-0.986408,-0.128918,0.281691,-0.950805,-0.019,0.212,0.04,0.0,0.56,0.0,0.08,0.0,0.0,0.58,0.61,0.52,0.06,1.17,0.11,0.0,0.0,0.26,0.5
2920,414.0,0.091746,0.136226,-0.98642,-0.142237,0.269837,-0.952343,-0.026,0.206,0.08,0.0,0.54,0.0,0.02,0.0,0.0,0.55,0.59,0.42,0.06,1.15,0.07,0.0,0.0,0.28,0.27
2921,414.03,0.06902,0.130579,-0.989033,-0.117606,0.271085,-0.955344,-0.025,0.204,0.11,0.0,0.52,0.01,0.05,0.0,0.0,0.51,0.62,0.4,0.02,1.11,0.19,0.0,0.0,0.28,0.19
2922,414.07,0.072312,0.13567,-0.988112,-0.121588,0.272674,-0.954392,-0.025,0.207,0.15,0.0,0.49,0.01,0.08,0.0,0.0,0.51,0.64,0.48,0.0,1.12,0.35,0.0,0.0,0.28,0.15
2923,414.1,0.072872,0.132136,-0.988549,-0.121086,0.270747,-0.955005,-0.025,0.204,0.15,0.0,0.52,0.01,0.11,0.0,0.0,0.45,0.65,0.42,0.05,1.1,0.32,0.0,0.0,0.26,0.07
2924,414.13,0.071206,0.116279,-0.990661,-0.128995,0.257284,-0.957687,-0.03,0.189,0.16,0.0,0.54,0.0,0.08,0.0,0.0,0.45,0.65,0.37,0.14,1.05,0.24,0.0,0.0,0.18,0.14
2925,414.17,0.072061,0.117363,-0.990471,-0.129561,0.258049,-0.957405,-0.03,0.19,0.12,0.0,0.48,0.0,0.11,0.0,0.0,0.51,0.66,0.37,0.18,1.07,0.17,0.0,0.0,0.19,0.17
2926,414.2,0.102356,0.132915,-0.985828,-0.153945,0.255734,-0.954411,-0.027,0.198,0.06,0.0,0.43,0.0,0.17,0.0,0.0,0.55,0.7,0.53,0.17,1.18,0.24,0.0,0.0,0.23,0.21
2927,414.23,0.097597,0.130829,-0.986589,-0.155803,0.256785,-0.953828,-0.03,0.197,0.0,0.0,0.35,0.0,0.24,0.0,0.0,0.59,0.76,0.65,0.16,1.35,0.22,0.0,0.0,0.39,0.11
2928,414.27,0.090732,0.117754,-0.988889,-0.15126,0.259694,-0.953771,-0.031,0.192,0.0,0.0,0.38,0.0,0.25,0.0,0.0,0.58,0.76,0.71,0.14,1.39,0.16,0.0,0.0,0.43,0.14
2929,414.3,0.090352,0.116926,-0.989022,-0.151964,0.259782,-0.953635,-0.032,0.192,0.0,0.0,0.38,0.0,0.22,0.0,0.0,0.62,0.71,0.7,0.13,1.4,0.13,0.0,0.0,0.53,0.06
2930,414.33,0.109736,0.13015,-0.985403,-0.149025,0.268084,-0.9518,-0.02,0.203,0.0,0.0,0.43,0.0,0.21,0.0,0.0,0.65,0.68,0.72,0.13,1.4,0.21,0.0,0.0,0.5,0.08
2931,414.37,0.088793,0.118598,-0.988964,-0.148835,0.263192,-0.953194,-0.031,0.194,0.0,0.0,0.43,0.0,0.2,0.0,0.0,0.58,0.67,0.7,0.12,1.37,0.26,0.0,0.0,0.55,0.05
2932,414.4,0.091482,0.122052,-0.988299,-0.140908,0.266152,-0.953577,-0.025,0.197,0.0,0.0,0.38,0.0,0.23,0.22,0.0,0.55,0.63,0.68,0.12,1.5,0.39,0.0,0.0,0.69,0.05
2933,414.43,0.108983,0.133906,-0.984983,-0.140571,0.25318,-0.957152,-0.016,0.197,0.0,0.0,0.35,0.0,0.15,0.22,0.0,0.59,0.58,0.7,0.04,1.69,0.36,0.02,0.0,0.93,0.02
2934,414.47,0.106623,0.121337,-0.986868,-0.095714,0.195214,-0.976079,0.006,0.16,0.0,0.0,0.39,0.0,0.09,0.22,0.0,0.71,0.52,0.79,0.04,1.9,0.36,0.03,0.0,1.14,0.0
2935,414.5,0.106718,0.119653,-0.987064,-0.094928,0.194302,-0.976338,0.006,0.159,0.03,0.0,0.44,0.0,0.0,0.0,0.0,0.78,0.47,0.74,0.11,2.09,0.19,0.07,0.0,1.34,0.0
2936,414.53,0.109968,0.124843,-0.986063,-0.091539,0.164734,-0.982081,0.009,0.146,0.08,0.0,0.48,0.01,0.0,0.0,0.0,0.61,0.31,0.48,0.21,2.21,0.14,0.05,0.0,1.63,0.0
2937,414.57,0.111711,0.133526,-0.984729,-0.053419,0.179082,-0.982383,0.03,0.158,0.18,0.0,0.46,0.05,0.0,0.0,0.0,0.4,0.15,0.19,0.36,2.45,0.08,0.08,0.0,1.9,0.0
2938,414.6,0.102586,0.132408,-0.985872,-0.05346,0.179779,-0.982253,0.025,0.157,0.3,0.0,0.47,0.05,0.0,0.0,0.0,0.14,0.04,0.03,0.39,2.72,0.06,0.14,0.0,2.1,0.0
2939,414.63,0.105269,0.136746,-0.984997,-0.061289,0.207492,-0.976315,0.022,0.174,0.7,0.0,0.53,0.04,0.0,0.0,0.0,0.06,0.01,0.03,0.67,3.05,0.02,0.14,0.0,2.33,0.12
2940,414.67,0.156535,0.25287,-0.954753,-0.23766,0.382001,-0.893081,-0.044,0.331,1.1,0.0,0.62,0.0,0.0,0.0,0.0,0.0,0.0,0.0,0.89,3.28,0.0,0.1,0.0,2.58,0.29
2941,414.7,0.154194,0.258463,-0.953636,-0.245478,0.385068,-0.889642,-0.049,0.336,1.43,0.08,0.69,0.0,0.0,0.05,0.0,0.0,0.0,0.0,1.1,3.16,0.0,0.0,0.0,2.64,0.58
2942,414.73,0.215477,0.303587,-0.928119,-0.201846,0.352888,-0.913635,0.007,0.342,1.38,0.08,0.53,0.1,0.0,0.05,0.0,0.0,0.0,0.0,1.02,3.04,0.0,0.27,0.0,2.46,0.47
2943,414.77,0.20877,0.144524,-0.967227,-0.297608,0.464813,-0.833894,-0.049,0.326,1.25,0.14,0.32,0.1,0.0,0.05,0.0,0.0,0.0,0.0,0.96,2.84,0.0,0.5,0.0,2.34,0.29
2944,414.8,0.222456,0.144806,-0.964129,-0.345341,0.396308,-0.850693,-0.068,0.29,0.81,0.07,0.15,0.33,0.0,0.0,0.0,0.0,0.0,0.0,0.84,3.07,0.03,1.01,0.0,2.28,0.0
2945,414.83,0.295971,-0.020896,-0.954968,-0.0443,0.007445,-0.998991,0.128,-0.007,0.48,0.07,0.19,0.63,0.0,0.0,0.0,0.0,0.0,0.0,0.68,3.2,0.08,1.43,0.0,2.17,0.0
2946,414.87,0.329354,-0.05052,-0.942854,-0.040883,-0.02644,-0.998814,0.147,-0.04,0.23,0.01,0.22,1.02,0.0,0.0,0.0,0.0,0.0,0.0,0.49,3.35,0.14,1.89,0.0,1.97,0.0
2947,414.9,0.326455,-0.051201,-0.943825,-0.042679,-0.033467,-0.998528,0.145,-0.044,0.22,0.03,0.21,1.41,0.0,0.0,0.0,0.0,0.0,0.0,0.36,3.19,0.21,2.13,0.0,1.73,0.0
2948,414.93,0.320432,-0.045752,-0.946166,-0.029436,-0.027614,-0.999185,0.148,-0.038,0.19,0.03,0.16,1.56,0.0,0.0,0.0,0.0,0.0,0.06,0.28,3.04,0.26,2.16,0.0,1.55,0.0
2949,414.97,0.320894,-0.056233,-0.945444,-0.01267,-0.033158,-0.99937,0.157,-0.046,0.07,0.02,0.1,1.66,0.0,0.0,0.0,0.0,0.0,0.14,0.27,3.01,0.36,2.25,0.0,1.35,0.0
2950,415.0,0.316227,-0.056327,-0.94701,-0.01682,-0.032116,-0.999343,0.153,-0.045,0.05,0.0,0.13,1.67,0.0,0.0,0.0,0.0,0.0,0.33,0.26,3.0,0.55,2.3,0.0,1.18,0.0
2951,415.03,0.324813,-0.073601,-0.94291,-0.019608,-0.03836,-0.999072,0.156,-0.058,0.01,0.0,0.17,1.83,0.0,0.0,0.0,0.0,0.0,0.48,0.39,3.11,0.75,2.32,0.0,1.21,0.0
2952,415.07,0.292482,-0.108201,-0.95013,-0.003639,-0.076595,-0.997056,0.147,-0.095,0.01,0.0,0.16,1.93,0.0,0.0,0.0,0.0,0.0,0.51,0.47,3.16,0.91,2.38,0.0,1.23,0.0
2953,415.1,0.294656,-0.109916,-0.949261,-0.015937,-0.070176,-0.997407,0.142,-0.092,0.0,0.0,0.11,1.99,0.0,0.0,0.0,0.0,0.0,0.54,0.65,3.36,0.87,2.45,0.0,1.36,0.0
2954,415.13,0.294744,-0.099908,-0.950339,-0.003965,-0.075485,-0.997139,0.148,-0.09,0.0,0.0,0.03,2.0,0.0,0.0,0.0,0.0,0.0,0.49,0.61,3.43,0.81,2.7,0.0,1.47,0.0
2955,415.17,0.31874,-0.078134,-0.944616,-0.028259,-0.038149,-0.998872,0.148,-0.06,0.0,0.0,0.01,2.07,0.0,0.0,0.0,0.0,0.0,0.51,0.58,3.52,0.72,2.88,0.0,1.65,0.0
2956,415.2,0.316298,-0.076817,-0.945545,-0.02822,-0.033985,-0.999024,0.147,-0.057,0.0,0.0,0.0,2.06,0.0,0.0,0.0,0.12,0.15,0.4,0.32,2.99,0.71,2.5,0.0,1.61,0.0
2957,415.23,0.340011,-0.068351,-0.937934,-0.024358,-0.039288,-0.998931,0.162,-0.056,0.0,0.0,0.0,1.6,0.0,0.0,0.0,0.31,0.35,0.24,0.16,2.36,0.59,1.82,0.07,1.57,0.0
2958,415.27,0.308778,0.059441,-0.949275,-0.190341,0.316084,-0.929442,0.063,0.197,0.0,0.0,0.0,1.25,0.0,0.0,0.0,0.55,0.54,0.1,0.0,1.77,0.49,1.11,0.17,1.57,0.0
2959,415.3,0.309855,0.056056,-0.94913,-0.196578,0.313213,-0.929115,0.06,0.194,0.0,0.0,0.0,0.56,0.15,0.44,0.0,0.62,0.62,0.0,0.0,1.65,0.39,0.64,0.57,2.05,0.21
2960,415.33,0.182912,0.239136,-0.953602,-0.236035,0.309561,-0.921119,-0.028,0.285,0.03,0.0,0.1,0.32,0.31,0.62,0.0,0.8,0.71,0.0,0.0,1.65,0.38,0.31,0.87,2.24,0.44
2961,415.37,0.186572,0.205108,-0.960792,-0.213858,0.292865,-0.931931,-0.014,0.257,0.07,0.04,0.23,0.0,0.53,0.94,0.0,0.86,0.8,0.01,0.08,1.67,0.28,0.0,1.15,2.44,0.75
2962,415.4,0.201551,0.198512,-0.959151,-0.218723,0.280575,-0.934579,-0.009,0.248,0.26,0.16,0.3,0.0,0.62,0.8,0.0,1.0,0.86,0.09,0.08,1.77,0.17,0.0,1.2,2.14,0.54
2963,415.43,0.105803,0.178088,-0.97831,-0.093869,0.226367,-0.969508,0.006,0.205,0.59,0.47,0.25,0.0,0.67,0.77,0.0,1.06,0.81,0.09,0.09,1.63,0.05,0.0,1.34,1.81,0.32
2964,415.47,0.017981,0.180734,-0.983368,-0.068429,0.196901,-0.978032,-0.026,0.19,0.92,0.81,0.15,0.0,0.63,0.69,0.0,1.15,0.76,0.08,0.04,1.45,0.03,0.0,1.5,1.47,0.0
2965,415.5,0.015322,0.176992,-0.984093,-0.068413,0.194247,-0.978564,-0.027,0.187,1.11,1.11,0.13,0.0,0.55,0.78,0.0,1.24,0.71,0.0,0.04,1.2,0.0,0.0,1.71,1.36,0.0
2966,415.53,0.022574,0.187989,-0.981912,-0.07923,0.195828,-0.977432,-0.029,0.193,1.1,1.12,0.11,0.0,0.48,0.88,0.0,1.2,0.71,0.0,0.02,1.38,0.0,0.0,1.7,1.39,0.0
2967,415.57,0.027227,0.181228,-0.983064,-0.078692,0.192253,-0.978185,-0.026,0.188,1.06,1.01,0.1,0.0,0.44,0.79,0.0,1.2,0.71,0.0,0.0,1.56,0.0,0.0,1.62,1.43,0.0
2968,415.6,0.025578,0.175751,-0.984102,-0.078007,0.18889,-0.978895,-0.027,0.184,1.0,0.88,0.12,0.0,0.42,0.4,0.0,1.14,0.64,0.11,0.04,1.99,0.13,0.13,0.97,1.29,0.0
2969,415.63,0.021021,0.169788,-0.985256,-0.096265,0.189214,-0.977206,-0.038,0.181,0.86,0.78,0.1,0.0,0.43,0.14,0.0,1.13,0.61,0.35,0.04,2.22,0.23,0.21,0.47,1.23,0.0
2970,415.67,0.029212,0.157844,-0.987032,-0.095954,0.190927,-0.976903,-0.034,0.176,0.78,0.77,0.11,0.0,0.43,0.0,0.0,1.11,0.58,0.62,0.05,2.47,0.37,0.32,0.0,1.13,0.0
2971,415.7,0.027388,0.157345,-0.987164,-0.096642,0.19069,-0.976881,-0.035,0.175,0.66,0.66,0.08,0.0,0.41,0.01,0.0,1.15,0.6,0.71,0.01,2.41,0.52,0.23,0.0,1.18,0.0
2972,415.73,0.018556,0.163159,-0.986425,-0.110327,0.207802,-0.971929,-0.047,0.187,0.79,0.72,0.13,0.0,0.42,0.11,0.0,1.05,0.6,0.6,0.01,2.25,0.66,0.15,0.0,1.32,0.0
2973,415.77,0.016801,0.160069,-0.986963,-0.125847,0.217877,-0.967829,-0.056,0.191,0.87,0.68,0.15,0.0,0.37,0.12,0.0,0.92,0.6,0.56,0.05,2.11,0.71,0.04,0.0,1.33,0.0
2974,415.8,0.019515,0.169642,-0.985313,-0.112596,0.186332,-0.976014,-0.047,0.18,0.96,0.67,0.23,0.0,0.38,0.3,0.0,0.81,0.61,0.51,0.05,1.94,0.57,0.0,0.26,1.38,0.0
2975,415.83,0.017167,0.167509,-0.985721,-0.126063,0.184503,-0.974714,-0.055,0.178,0.91,0.52,0.21,0.01,0.33,0.43,0.0,0.82,0.58,0.54,0.05,1.73,0.48,0.0,0.64,1.28,0.0
2976,415.87,0.027747,0.167045,-0.985559,-0.129464,0.186096,-0.973965,-0.052,0.178,0.88,0.44,0.21,0.01,0.33,0.62,0.0,0.85,0.56,0.49,0.0,1.5,0.45,0.0,1.01,1.29,0.0
2977,415.9,0.024722,0.162394,-0.986416,-0.129463,0.184322,-0.974302,-0.053,0.175,0.88,0.47,0.2,0.01,0.31,0.69,0.0,0.77,0.5,0.51,0.0,1.25,0.56,0.0,1.16,1.28,0.0
2978,415.93,0.028064,0.16975,-0.985087,-0.129538,0.182099,-0.97471,-0.052,0.178,0.73,0.42,0.31,0.0,0.34,0.58,0.0,0.77,0.58,0.5,0.0,1.12,0.59,0.0,1.14,1.23,0.0
2979,415.97,0.022793,0.162906,-0.986378,-0.127331,0.183704,-0.9747,-0.053,0.175,0.54,0.29,0.32,0.0,0.36,0.52,0.0,0.73,0.64,0.44,0.0,0.91,0.68,0.0,1.13,1.16,0.0
2980,416.0,0.021037,0.165452,-0.985993,-0.123298,0.182476,-0.975449,-0.052,0.176,0.24,0.16,0.21,0.0,0.39,0.36,0.0,0.76,0.77,0.52,0.02,0.95,0.62,0.07,1.04,1.04,0.0
2981,416.03,0.016004,0.161753,-0.986701,-0.115238,0.1743,-0.977926,-0.05,0.169,0.1,0.08,0.07,0.0,0.41,0.38,0.0,0.71,0.82,0.61,0.06,1.26,0.63,0.21,0.68,0.98,0.0
2982,416.07,0.017144,0.142489,-0.989648,-0.113733,0.171753,-0.978553,-0.049,0.158,0.0,0.08,0.04,0.0,0.41,0.33,0.0,0.62,0.84,0.78,0.15,1.61,0.61,0.36,0.34,1.0,0.0
2983,416.1,0.01759,0.142442,-0.989647,-0.112241,0.172639,-0.978569,-0.048,0.159,0.0,0.01,0.06,0.0,0.44,0.33,0.0,0.61,0.88,0.99,0.34,2.02,0.7,0.48,0.02,1.02,0.0
2984,416.13,0.019459,0.154195,-0.987849,-0.111353,0.174248,-0.978386,-0.047,0.166,0.0,0.01,0.06,0.0,0.46,0.29,0.0,0.64,0.93,1.14,0.51,2.18,0.64,0.51,0.02,0.99,0.0
2985,416.17,0.017277,0.150595,-0.988445,-0.111101,0.168683,-0.979389,-0.048,0.161,0.0,0.01,0.02,0.0,0.52,0.3,0.0,0.75,1.02,1.22,0.58,2.35,0.48,0.5,0.0,0.92,0.0
2986,416.2,0.021905,0.137641,-0.99024,-0.100054,0.167291,-0.980817,-0.04,0.153,0.0,0.0,0.0,0.0,0.51,0.34,0.0,0.75,1.03,1.06,0.53,2.3,0.35,0.44,0.0,0.83,0.0
2987,416.23,0.021867,0.141273,-0.989729,-0.093863,0.165655,-0.981707,-0.037,0.154,0.0,0.0,0.0,0.0,0.5,0.39,0.0,0.74,1.06,0.98,0.57,2.3,0.35,0.37,0.0,0.73,0.0
2988,416.27,0.01827,0.135781,-0.99057,-0.105588,0.170539,-0.979677,-0.044,0.154,0.0,0.0,0.0,0.0,0.48,0.49,0.0,0.73,1.07,0.93,0.65,2.22,0.35,0.33,0.0,0.54,0.0
2989,416.3,0.016423,0.133837,-0.990867,-0.106214,0.169544,-0.979782,-0.046,0.153,0.0,0.0,0.0,0.0,0.46,0.51,0.0,0.8,1.1,0.98,0.75,2.24,0.28,0.29,0.0,0.45,0.0
2990,416.33,0.019355,0.131394,-0.991141,-0.088112,0.168375,-0.981777,-0.035,0.151,0.0,0.0,0.01,0.0,0.47,0.35,0.01,0.84,1.11,0.96,0.62,2.03,0.16,0.21,0.02,0.4,0.0
2991,416.37,0.017239,0.127829,-0.991646,-0.087799,0.169907,-0.981541,-0.036,0.15,0.0,0.0,0.02,0.0,0.44,0.17,0.01,0.9,1.1,0.98,0.54,1.88,0.14,0.14,0.02,0.4,0.0
2992,416.4,0.018806,0.13021,-0.991308,-0.099413,0.174157,-0.979687,-0.041,0.153,0.0,0.0,0.04,0.0,0.44,0.06,0.01,0.86,1.12,0.97,0.45,1.6,0.13,0.06,0.02,0.39,0.0
2993,416.43,0.018597,0.126761,-0.991759,-0.080661,0.168163,-0.982454,-0.031,0.148,0.0,0.0,0.03,0.0,0.45,0.06,0.0,0.81,1.15,0.98,0.35,1.48,0.1,0.03,0.12,0.37,0.0
2994,416.47,0.037167,0.12652,-0.991268,-0.094564,0.164739,-0.981794,-0.029,0.147,0.0,0.0,0.03,0.0,0.48,0.04,0.01,0.76,1.16,0.96,0.21,1.38,0.06,0.0,0.21,0.39,0.0
2995,416.5,0.038173,0.129264,-0.990875,-0.093696,0.164836,-0.98186,-0.028,0.148,0.16,0.21,0.04,0.0,0.56,0.03,0.06,0.76,1.23,0.84,0.06,1.33,0.0,0.0,0.35,0.46,0.29
2996,416.53,0.092893,0.201003,-0.975176,-0.208582,0.273338,-0.939031,-0.06,0.243,0.27,0.39,0.07,0.0,0.62,0.05,0.13,0.74,1.31,0.73,0.04,1.32,0.05,0.0,0.39,0.58,0.97
2997,416.57,0.173291,0.250971,-0.952357,-0.242009,0.333315,-0.911226,-0.037,0.304,0.41,0.68,0.13,0.0,0.68,0.05,0.25,0.76,1.36,0.67,0.02,1.4,0.07,0.0,0.47,0.66,1.47
2998,416.6,0.158956,0.222045,-0.961992,-0.254857,0.294814,-0.920941,-0.051,0.268,0.41,0.74,0.14,0.0,0.71,0.02,0.3,0.79,1.37,0.76,0.02,1.45,0.17,0.0,0.47,0.7,1.65
2999,416.63,0.144235,0.223905,-0.963879,-0.248617,0.280713,-0.927033,-0.055,0.261,0.4,0.6,0.21,0.0,0.68,0.0,0.33,0.92,1.37,0.92,0.0,1.47,0.15,0.0,0.42,0.8,1.07
3000,416.67,0.017711,0.186641,-0.982269,-0.181105,0.264729,-0.947164,-0.084,0.23,0.35,0.39,0.27,0.0,0.62,0.05,0.31,0.96,1.37,1.01,0.0,1.42,0.17,0.0,0.36,0.91,0.71
3001,416.7,0.018632,0.185063,-0.98255,-0.175608,0.250948,-0.951939,-0.081,0.222,0.23,0.12,0.33,0.05,0.53,0.05,0.23,0.96,1.25,0.98,0.04,1.49,0.21,0.06,0.27,0.97,0.24
3002,416.73,0.000685,0.171855,-0.985122,-0.188402,0.197377,-0.962054,-0.096,0.187,0.2,0.15,0.33,0.08,0.51,0.05,0.12,0.93,1.1,1.01,0.04,1.61,0.27,0.07,0.2,1.0,0.14
3003,416.77,-0.003221,0.191567,-0.981474,-0.188751,0.20817,-0.959707,-0.099,0.203,0.25,0.15,0.42,0.08,0.52,0.0,0.03,0.95,0.9,1.02,0.04,1.64,0.34,0.1,0.15,1.0,0.0
3004,416.8,0.004803,0.180647,-0.983536,-0.212982,0.217215,-0.952605,-0.107,0.203,0.33,0.27,0.51,0.11,0.55,0.0,0.0,0.97,0.84,1.09,0.0,1.58,0.2,0.08,0.2,0.96,0.0
3005,416.83,0.004714,0.181122,-0.983449,-0.204724,0.215217,-0.954866,-0.103,0.202,0.35,0.2,0.63,0.14,0.53,0.0,0.0,0.96,0.79,1.01,0.01,1.47,0.36,0.08,0.25,1.08,0.0
3006,416.87,-0.000363,0.176669,-0.98427,-0.160117,0.194642,-0.967718,-0.082,0.188,0.33,0.12,0.62,0.14,0.48,0.0,0.0,0.95,0.78,1.0,0.02,1.44,0.48,0.04,0.3,1.21,0.0
3007,416.9,-0.002002,0.175957,-0.984396,-0.159998,0.195514,-0.967561,-0.083,0.188,0.28,0.01,0.59,0.21,0.34,0.01,0.0,0.8,0.64,0.89,0.02,1.36,0.59,0.0,0.25,1.48,0.0
3008,416.93,0.017589,0.19701,-0.980244,-0.151027,0.217435,-0.96432,-0.069,0.21,0.35,0.09,0.63,0.21,0.2,0.02,0.0,0.5,0.46,0.73,0.0,1.32,0.42,0.0,0.16,1.58,0.0
3009,416.97,0.017863,0.204233,-0.978759,-0.155472,0.223604,-0.9622,-0.071,0.217,0.35,0.11,0.64,0.38,0.06,0.02,0.0,0.28,0.26,0.38,0.0,1.32,0.19,0.0,0.1,1.76,0.0
3010,417.0,0.012414,0.194712,-0.980782,-0.139291,0.216529,-0.966289,-0.065,0.208,0.38,0.13,0.63,0.37,0.0,0.01,0.0,0.19,0.15,0.13,0.0,1.36,0.08,0.0,0.12,1.79,0.0
3011,417.03,0.0145,0.199872,-0.979715,-0.163928,0.223667,-0.960781,-0.077,0.215,0.29,0.09,0.5,0.53,0.0,0.09,0.0,0.21,0.08,0.05,0.0,1.41,0.01,0.01,0.11,1.75,0.0
3012,417.07,0.013699,0.203336,-0.979013,-0.168283,0.239275,-0.956258,-0.08,0.225,0.28,0.13,0.45,0.55,0.0,0.14,0.0,0.14,0.04,0.06,0.0,1.44,0.01,0.03,0.06,1.64,0.0
3013,417.1,0.013017,0.200296,-0.979649,-0.166748,0.235331,-0.957504,-0.079,0.221,0.25,0.1,0.45,0.63,0.0,0.14,0.0,0.17,0.01,0.09,0.0,1.49,0.07,0.07,0.0,1.64,0.0
3014,417.13,0.00973,0.195877,-0.98058,-0.191456,0.237394,-0.95236,-0.094,0.221,0.36,0.11,0.52,0.7,0.0,0.07,0.0,0.17,0.0,0.04,0.0,1.47,0.09,0.11,0.0,1.67,0.0
3015,417.17,0.005524,0.197188,-0.98035,-0.190783,0.224622,-0.955587,-0.095,0.215,0.45,0.11,0.57,0.71,0.0,0.06,0.0,0.16,0.0,0.03,0.0,1.41,0.09,0.09,0.0,1.73,0.0
3016,417.2,7.1e-05,0.187824,-0.982203,-0.190395,0.2208,-0.956555,-0.098,0.208,0.48,0.11,0.59,0.69,0.0,0.06,0.0,0.11,0.0,0.0,0.0,1.29,0.04,0.06,0.03,1.66,0.0
3017,417.23,0.001702,0.191245,-0.981541,-0.188266,0.221641,-0.956782,-0.096,0.21,0.38,0.06,0.46,0.44,0.0,0.1,0.0,0.09,0.0,0.0,0.0,1.23,0.0,0.03,0.08,1.69,0.0
3018,417.27,0.000332,0.184801,-0.982776,-0.185991,0.219587,-0.9577,-0.095,0.205,0.3,0.0,0.35,0.31,0.0,0.09,0.0,0.07,0.0,0.0,0.0,1.24,0.0,0.03,0.12,1.72,0.0
3019,417.3,0.001684,0.182811,-0.983147,-0.179947,0.218746,-0.959046,-0.092,0.204,0.28,0.0,0.21,0.17,0.0,0.14,0.0,0.02,0.0,0.0,0.0,1.29,0.0,0.03,0.13,1.79,0.0
3020,417.33,0.00026,0.183319,-0.983053,-0.181249,0.219117,-0.958716,-0.093,0.204,0.27,0.0,0.25,0.17,0.0,0.08,0.06,0.07,0.0,0.0,0.0,1.27,0.0,0.01,0.26,1.91,0.0
3021,417.37,-0.007995,0.182497,-0.983174,-0.177026,0.213705,-0.960725,-0.095,0.201,0.26,0.0,0.34,0.17,0.0,0.05,0.06,0.14,0.0,0.0,0.0,1.23,0.0,0.01,0.32,1.87,0.0
3022,417.4,-0.002625,0.188518,-0.982066,-0.18637,0.208899,-0.960014,-0.097,0.202,0.21,0.0,0.43,0.21,0.0,0.05,0.1,0.21,0.0,0.0,0.0,1.16,0.0,0.0,0.48,1.89,0.0
3023,417.43,-0.008687,0.186739,-0.982371,-0.187209,0.212181,-0.959131,-0.101,0.203,0.23,0.0,0.47,0.26,0.0,0.05,0.05,0.21,0.0,0.0,0.0,1.09,0.0,0.0,0.59,1.82,0.0
3024,417.47,-0.013144,0.183662,-0.982902,-0.187811,0.216681,-0.958006,-0.103,0.203,0.18,0.0,0.39,0.31,0.0,0.05,0.05,0.23,0.0,0.0,0.0,1.07,0.0,0.0,0.75,1.92,0.0
3025,417.5,-0.01269,0.183892,-0.982865,-0.187848,0.219627,-0.957328,-0.103,0.205,0.13,0.0,0.45,0.34,0.0,0.0,0.01,0.26,0.02,0.0,0.0,1.1,0.0,0.0,0.78,1.93,0.0
3026,417.53,0.1138,0.172091,-0.978486,-0.072868,0.18585,-0.979872,0.021,0.181,0.05,0.0,0.42,0.35,0.0,0.06,0.0,0.31,0.02,0.0,0.0,1.09,0.0,0.0,0.81,1.96,0.0
3027,417.57,0.123657,0.167691,-0.978054,-0.061985,0.186291,-0.980537,0.031,0.179,0.01,0.0,0.48,0.32,0.0,0.08,0.0,0.28,0.02,0.0,0.0,1.04,0.0,0.0,0.75,1.95,0.0
3028,417.6,0.099516,0.166878,-0.980943,-0.130423,0.260123,-0.956727,-0.016,0.217,0.19,0.0,0.44,0.18,0.0,0.21,0.07,0.18,0.01,0.0,0.0,1.05,0.0,0.0,0.77,2.16,0.62
3029,417.63,0.156667,0.2614,-0.952431,-0.27402,0.345549,-0.897502,-0.063,0.317,0.33,0.0,0.52,0.08,0.0,0.35,0.12,0.11,0.01,0.0,0.0,1.25,0.07,0.0,0.63,2.31,1.15
3030,417.67,0.083639,0.246786,-0.965454,-0.305195,0.326102,-0.894714,-0.119,0.299,0.49,0.0,0.52,0.0,0.0,0.56,0.17,0.07,0.01,0.0,0.0,1.47,0.12,0.0,0.62,2.5,1.69
3031,417.7,0.083834,0.248593,-0.964973,-0.300053,0.328941,-0.895414,-0.116,0.301,0.44,0.0,0.51,0.0,0.0,0.59,0.17,0.09,0.01,0.0,0.0,1.62,0.21,0.0,0.56,2.55,1.58
3032,417.73,0.090164,0.248542,-0.964415,-0.295603,0.328059,-0.897216,-0.11,0.3,0.3,0.0,0.51,0.0,0.0,0.41,0.12,0.06,0.01,0.02,0.0,1.48,0.22,0.05,0.43,2.32,1.05
3033,417.77,0.024786,0.157106,-0.987271,-0.158498,0.19118,-0.968674,-0.068,0.176,0.14,0.0,0.5,0.0,0.0,0.18,0.07,0.03,0.0,0.02,0.0,1.33,0.22,0.06,0.23,2.03,0.51
3034,417.8,0.019899,0.17902,-0.983644,-0.127764,0.215665,-0.968073,-0.055,0.2,0.0,0.0,0.5,0.0,0.0,0.01,0.0,0.01,0.0,0.02,0.0,1.17,0.15,0.06,0.05,1.76,0.0
3035,417.83,-0.00138,0.171866,-0.985119,-0.120867,0.194219,-0.973483,-0.062,0.185,0.0,0.0,0.43,0.02,0.0,0.0,0.0,0.0,0.0,0.0,0.0,1.19,0.17,0.03,0.0,1.81,0.0
3036,417.87,-0.000534,0.16856,-0.985691,-0.120053,0.19385,-0.973658,-0.061,0.183,0.0,0.0,0.38,0.02,0.0,0.0,0.0,0.0,0.0,0.0,0.0,1.22,0.24,0.04,0.0,1.9,0.0
3037,417.9,-0.000591,0.168589,-0.985686,-0.11971,0.193714,-0.973727,-0.061,0.183,0.0,0.0,0.37,0.12,0.0,0.0,0.0,0.02,0.0,0.05,0.0,1.17,0.26,0.04,0.0,1.87,0.0
3038,417.93,-0.008322,0.153223,-0.988157,-0.140458,0.173903,-0.974694,-0.076,0.165,0.0,0.0,0.39,0.19,0.03,0.05,0.0,0.05,0.06,0.08,0.0,1.06,0.17,0.02,0.17,1.77,0.0
3039,417.97,-0.003289,0.151051,-0.98852,-0.144668,0.171091,-0.974576,-0.075,0.163,0.0,0.0,0.46,0.22,0.12,0.11,0.0,0.14,0.16,0.08,0.0,0.95,0.06,0.0,0.54,1.54,0.0
3040,418.0,-0.00992,0.150813,-0.988513,-0.14464,0.168617,-0.975012,-0.079,0.161,0.0,0.0,0.49,0.17,0.22,0.18,0.0,0.3,0.3,0.06,0.01,0.81,0.0,0.0,1.0,1.41,0.0
3041,418.03,-0.007134,0.139683,-0.990171,-0.141832,0.153566,-0.977906,-0.076,0.148,0.0,0.0,0.54,0.11,0.31,0.23,0.0,0.44,0.42,0.1,0.09,0.83,0.0,0.0,1.28,1.32,0.0
3042,418.07,-0.007605,0.141536,-0.989904,-0.137188,0.165539,-0.976615,-0.073,0.155,0.0,0.0,0.55,0.16,0.33,0.29,0.0,0.54,0.49,0.13,0.15,0.89,0.0,0.0,1.41,1.4,0.0
3043,418.1,-0.008637,0.14152,-0.989898,-0.138092,0.165341,-0.976521,-0.074,0.155,0.0,0.0,0.64,0.19,0.33,0.27,0.0,0.53,0.53,0.16,0.18,1.0,0.0,0.0,1.38,1.51,0.0
3044,418.13,0.002376,0.142464,-0.989797,-0.128682,0.163656,-0.978089,-0.064,0.154,0.0,0.0,0.7,0.23,0.34,0.21,0.0,0.48,0.54,0.19,0.11,0.99,0.0,0.0,1.34,1.64,0.0
3045,418.17,0.003015,0.142144,-0.989841,-0.124148,0.166568,-0.978183,-0.061,0.156,0.0,0.0,0.78,0.16,0.29,0.12,0.0,0.42,0.53,0.39,0.05,1.08,0.03,0.0,1.16,1.94,0.0
3046,418.2,0.010473,0.136099,-0.99064,-0.129773,0.156518,-0.979113,-0.06,0.147,0.0,0.0,0.81,0.07,0.25,0.16,0.0,0.44,0.53,0.58,0.01,1.21,0.04,0.0,1.02,2.16,0.0
3047,418.23,0.010905,0.13598,-0.990652,-0.127249,0.152601,-0.980061,-0.059,0.145,0.0,0.0,0.84,0.0,0.17,0.13,0.0,0.4,0.49,0.71,0.0,1.24,0.04,0.0,0.8,2.36,0.0
3048,418.27,0.02476,0.148382,-0.98862,-0.112126,0.161837,-0.980427,-0.044,0.156,0.0,0.0,0.84,0.0,0.16,0.09,0.0,0.36,0.49,0.72,0.0,1.22,0.01,0.0,0.68,2.33,0.0
3049,418.3,0.0285,0.150673,-0.988173,-0.113931,0.161421,-0.980287,-0.043,0.157,0.0,0.0,0.81,0.0,0.16,0.0,0.0,0.22,0.46,0.69,0.0,1.23,0.0,0.0,0.59,2.29,0.0
3050,418.33,0.027647,0.153763,-0.987721,-0.114791,0.161748,-0.980133,-0.044,0.159,0.0,0.0,0.87,0.0,0.14,0.04,0.0,0.19,0.41,0.56,0.0,1.25,0.0,0.0,0.55,2.31,0.0
3051,418.37,0.040535,0.178085,-0.98318,-0.11236,0.179079,-0.977398,-0.037,0.18,0.0,0.0,0.97,0.0,0.1,0.13,0.0,0.11,0.31,0.33,0.0,1.17,0.0,0.0,0.53,2.34,0.0
3052,418.4,0.028525,0.159771,-0.986742,-0.110547,0.175827,-0.978194,-0.042,0.169,0.0,0.0,1.04,0.0,0.06,0.14,0.0,0.18,0.23,0.13,0.0,1.05,0.0,0.0,0.57,2.41,0.0
3053,418.43,0.038136,0.164894,-0.985574,-0.101984,0.179804,-0.978402,-0.032,0.174,0.0,0.0,1.04,0.0,0.05,0.09,0.0,0.15,0.21,0.08,0.0,1.02,0.0,0.0,0.65,2.38,0.0
3054,418.47,0.03927,0.16304,-0.985838,-0.100137,0.1778,-0.978959,-0.031,0.172,0.0,0.0,0.96,0.0,0.04,0.0,0.0,0.14,0.21,0.15,0.0,1.02,0.0,0.0,0.69,2.35,0.0
3055,418.5,0.040683,0.161959,-0.985958,-0.10212,0.178888,-0.978555,-0.031,0.172,0.0,0.0,0.92,0.0,0.01,0.0,0.0,0.12,0.2,0.17,0.0,1.05,0.0,0.0,0.66,2.32,0.0
3056,418.53,0.049879,0.166322,-0.984809,-0.097578,0.182876,-0.978282,-0.024,0.176,0.0,0.0,0.87,0.0,0.0,0.0,0.0,0.16,0.2,0.21,0.0,1.05,0.0,0.0,0.63,2.31,0.0
3057,418.57,0.04946,0.165564,-0.984958,-0.097987,0.181019,-0.978586,-0.025,0.175,0.0,0.0,0.83,0.0,0.0,0.0,0.0,0.26,0.22,0.21,0.0,1.06,0.0,0.0,0.52,2.16,0.0
3058,418.6,0.059803,0.168122,-0.983951,-0.089325,0.17843,-0.97989,-0.015,0.175,0.0,0.0,0.74,0.0,0.0,0.0,0.0,0.2,0.22,0.26,0.0,1.1,0.08,0.01,0.32,1.92,0.0
3059,418.63,0.06015,0.159236,-0.985406,-0.083857,0.176748,-0.980677,-0.012,0.169,0.0,0.0,0.64,0.0,0.0,0.0,0.0,0.19,0.28,0.28,0.0,1.18,0.12,0.03,0.12,1.54,0.0
3060,418.67,0.065745,0.153836,-0.985907,-0.075888,0.177262,-0.981234,-0.005,0.167,0.0,0.0,0.55,0.0,0.0,0.0,0.0,0.13,0.33,0.34,0.0,1.27,0.19,0.08,0.0,1.36,0.0
3061,418.7,0.065449,0.154478,-0.985826,-0.074266,0.176429,-0.981508,-0.004,0.167,0.0,0.0,0.56,0.0,0.0,0.0,0.0,0.16,0.38,0.39,0.0,1.32,0.11,0.11,0.0,1.14,0.0
3062,418.73,0.06104,0.159844,-0.985253,-0.071267,0.165378,-0.983652,-0.005,0.164,0.0,0.0,0.61,0.0,0.0,0.0,0.0,0.14,0.36,0.4,0.0,1.36,0.13,0.12,0.0,1.03,0.0
3063,418.77,0.060633,0.163481,-0.984681,-0.071868,0.166329,-0.983448,-0.006,0.166,0.0,0.0,0.65,0.0,0.0,0.0,0.0,0.16,0.33,0.43,0.0,1.4,0.12,0.11,0.0,0.79,0.0
3064,418.8,0.095894,0.157836,-0.982798,-0.104979,0.193329,-0.975501,-0.005,0.177,0.13,0.04,0.72,0.0,0.07,0.07,0.08,0.14,0.38,0.41,0.0,1.34,0.13,0.07,0.04,0.92,0.46
3065,418.83,0.153991,0.217903,-0.963745,-0.212623,0.283572,-0.935082,-0.031,0.258,0.34,0.07,0.78,0.0,0.1,0.15,0.18,0.23,0.35,0.29,0.0,1.08,0.07,0.04,0.13,1.21,0.46
3066,418.87,0.124063,0.255861,-0.95872,-0.163355,0.252274,-0.953768,-0.021,0.26,0.53,0.12,0.87,0.0,0.11,0.26,0.22,0.3,0.35,0.13,0.0,0.81,0.02,0.0,0.25,1.62,0.5
3067,418.9,0.126028,0.257778,-0.95795,-0.170139,0.258658,-0.950867,-0.023,0.264,0.45,0.09,0.87,0.04,0.04,0.19,0.14,0.34,0.23,0.04,0.0,0.67,0.0,0.0,0.48,1.81,0.04
3068,418.93,-0.012852,0.13409,-0.990886,-0.178342,0.165226,-0.969997,-0.097,0.151,0.25,0.05,0.79,0.24,0.01,0.11,0.05,0.3,0.17,0.1,0.0,0.79,0.0,0.0,0.53,1.87,0.04
3069,418.97,-0.019059,0.128936,-0.99147,-0.182773,0.165664,-0.969097,-0.103,0.149,0.06,0.0,0.71,0.49,0.0,0.0,0.0,0.27,0.08,0.14,0.0,0.9,0.0,0.0,0.53,1.89,0.0
3070,419.0,-0.023976,0.13006,-0.991216,-0.169405,0.169901,-0.970791,-0.098,0.152,0.01,0.0,0.68,0.79,0.0,0.0,0.0,0.21,0.03,0.18,0.0,1.05,0.0,0.0,0.27,1.87,0.0
3071,419.03,-0.030713,0.126904,-0.991439,-0.154237,0.167554,-0.973723,-0.094,0.149,0.0,0.0,0.65,0.89,0.0,0.0,0.0,0.17,0.01,0.11,0.0,1.11,0.0,0.0,0.19,1.8,0.0
3072,419.07,-0.027451,0.129899,-0.991147,-0.150709,0.169105,-0.974007,-0.09,0.151,0.0,0.0,0.62,0.99,0.0,0.0,0.0,0.11,0.0,0.08,0.0,1.19,0.0,0.0,0.15,1.71,0.0
3073,419.1,-0.033372,0.131155,-0.9908,-0.153125,0.169557,-0.973552,-0.095,0.152,0.0,0.0,0.55,0.98,0.0,0.0,0.0,0.11,0.0,0.05,0.0,1.17,0.0,0.0,0.22,1.66,0.0
3074,419.13,-0.030491,0.129405,-0.991123,-0.152734,0.170683,-0.973417,-0.093,0.152,0.17,0.0,0.64,0.68,0.1,0.33,0.13,0.38,0.17,0.05,0.0,0.92,0.0,0.0,0.64,1.76,0.3
3075,419.17,0.156741,0.232594,-0.959861,-0.191336,0.269084,-0.94392,-0.018,0.258,0.32,0.0,0.76,0.33,0.22,0.69,0.27,0.65,0.35,0.04,0.0,0.66,0.0,0.0,1.07,1.91,0.55
3076,419.2,0.154562,0.233151,-0.960079,-0.199262,0.272031,-0.941432,-0.024,0.26,0.32,0.0,0.96,0.0,0.46,0.96,0.41,1.2,0.54,0.0,0.0,0.6,0.0,0.0,1.51,1.94,0.57
3077,419.23,0.075209,0.171387,-0.982329,-0.153189,0.209408,-0.965754,-0.04,0.193,0.15,0.0,1.07,0.0,0.59,0.89,0.41,1.43,0.58,0.0,0.0,0.8,0.0,0.0,1.53,1.9,0.27
3078,419.27,0.07697,0.169704,-0.982485,-0.154087,0.206079,-0.966327,-0.04,0.19,0.0,0.0,1.1,0.0,0.69,0.75,0.37,1.67,0.61,0.0,0.0,1.0,0.0,0.0,1.56,1.84,0.05
3079,419.3,0.078613,0.169632,-0.982367,-0.153105,0.205021,-0.966708,-0.038,0.19,0.0,0.0,1.01,0.0,0.62,0.78,0.32,1.5,0.57,0.0,0.0,1.13,0.16,0.0,1.42,2.03,0.02
3080,419.33,0.028268,0.121389,-0.992202,-0.119815,0.169874,-0.978155,-0.046,0.147,0.0,0.0,0.92,0.0,0.6,0.81,0.32,1.33,0.51,0.0,0.0,1.22,0.32,0.0,1.33,2.16,0.02
3081,419.37,0.029335,0.124231,-0.99182,-0.118936,0.175292,-0.977306,-0.045,0.151,0.0,0.0,0.63,0.0,0.61,0.88,0.21,1.14,0.49,0.12,0.12,1.58,0.57,0.0,1.01,2.09,0.0
3082,419.4,-0.000241,0.133352,-0.991069,-0.09915,0.187423,-0.977262,-0.05,0.162,0.0,0.0,0.41,0.0,0.63,0.86,0.12,1.08,0.47,0.23,0.22,1.7,0.62,0.0,0.91,1.86,0.0
3083,419.43,-0.008203,0.128185,-0.991716,-0.097757,0.187339,-0.977419,-0.054,0.159,0.0,0.0,0.21,0.0,0.6,0.95,0.0,1.02,0.45,0.39,0.31,1.95,0.67,0.11,0.58,1.62,0.0
3084,419.47,-0.033122,0.128451,-0.991163,-0.130229,0.200515,-0.970996,-0.083,0.166,0.0,0.0,0.25,0.04,0.55,0.99,0.01,0.98,0.42,0.41,0.2,1.89,0.62,0.23,0.44,1.58,0.0
3085,419.5,-0.036031,0.12509,-0.991491,-0.128524,0.199382,-0.971457,-0.084,0.164,0.0,0.0,0.22,0.4,0.52,0.97,0.01,0.84,0.43,0.3,0.13,1.9,0.69,0.36,0.2,1.55,0.0
3086,419.53,-0.065997,0.09109,-0.993653,-0.150489,0.219745,-0.96388,-0.11,0.157,0.0,0.0,0.17,0.97,0.39,0.66,0.01,0.69,0.33,0.15,0.04,1.78,0.48,0.29,0.13,1.46,0.0
3087,419.57,-0.069402,0.066246,-0.995387,-0.192575,0.258358,-0.946661,-0.134,0.166,0.0,0.0,0.1,1.58,0.27,0.4,0.0,0.55,0.22,0.0,0.03,1.59,0.27,0.18,0.19,1.35,0.0
3088,419.6,-0.07326,0.064396,-0.995232,-0.192109,0.256761,-0.947189,-0.136,0.164,0.0,0.0,0.16,1.78,0.16,0.25,0.0,0.46,0.19,0.01,0.07,1.64,0.11,0.15,0.22,1.34,0.0
3089,419.63,-0.082975,0.073809,-0.993815,-0.247659,0.223204,-0.942786,-0.169,0.152,0.0,0.0,0.22,1.76,0.15,0.3,0.0,0.37,0.21,0.06,0.14,1.7,0.19,0.19,0.3,1.36,0.0
3090,419.67,-0.087859,0.069451,-0.993709,-0.251664,0.218692,-0.942783,-0.174,0.148,0.0,0.0,0.27,1.74,0.16,0.37,0.0,0.3,0.27,0.12,0.19,1.86,0.27,0.29,0.23,1.46,0.0
3091,419.7,-0.089508,0.067864,-0.993671,-0.250093,0.21773,-0.943423,-0.174,0.146,0.0,0.0,0.32,1.75,0.19,0.4,0.0,0.27,0.31,0.14,0.27,1.87,0.4,0.27,0.27,1.55,0.0
3092,419.73,-0.097427,0.063896,-0.99319,-0.264088,0.222185,-0.938558,-0.185,0.147,0.0,0.0,0.33,1.53,0.24,0.39,0.0,0.34,0.41,0.09,0.27,1.74,0.41,0.17,0.26,1.58,0.0
3093,419.77,-0.108005,0.073225,-0.99145,-0.210716,0.247815,-0.945614,-0.163,0.164,0.0,0.0,0.39,1.43,0.31,0.37,0.0,0.5,0.51,0.03,0.27,1.51,0.32,0.08,0.51,1.64,0.0
3094,419.8,-0.11375,0.09253,-0.989191,-0.250881,0.23852,-0.938172,-0.187,0.17,0.0,0.0,0.38,1.43,0.33,0.51,0.0,0.63,0.52,0.0,0.12,1.26,0.09,0.0,0.89,1.55,0.0
3095,419.83,-0.116575,0.09196,-0.988915,-0.247861,0.246926,-0.936799,-0.187,0.174,0.0,0.0,0.42,1.64,0.32,0.61,0.0,0.64,0.51,0.0,0.06,1.14,0.0,0.0,1.23,1.6,0.0
3096,419.87,-0.104962,0.080171,-0.991239,-0.296711,0.233138,-0.926072,-0.207,0.162,0.0,0.0,0.44,1.72,0.3,0.81,0.0,0.56,0.49,0.0,0.0,1.11,0.0,0.0,1.33,1.59,0.0
3097,419.9,-0.103151,0.080268,-0.991422,-0.301375,0.228145,-0.92581,-0.208,0.159,0.0,0.0,0.42,1.48,0.29,0.68,0.0,0.55,0.49,0.0,0.11,1.25,0.0,0.0,1.2,1.61,0.0
3098,419.93,-0.082316,0.09586,-0.991985,-0.246766,0.213751,-0.945207,-0.168,0.158,0.0,0.0,0.43,1.27,0.34,0.75,0.03,0.57,0.48,0.0,0.24,1.36,0.0,0.0,1.13,1.6,0.0
3099,419.97,-0.083632,0.094153,-0.992039,-0.245873,0.212394,-0.945746,-0.168,0.157,0.0,0.0,0.45,0.66,0.36,0.74,0.06,0.45,0.44,0.06,0.24,1.48,0.16,0.0,0.92,1.56,0.0
3100,420.0,-0.0333,0.146418,-0.988662,-0.198493,0.195053,-0.960497,-0.118,0.173,0.0,0.0,0.54,0.35,0.39,0.97,0.09,0.24,0.42,0.1,0.13,1.42,0.31,0.0,0.82,1.57,0.0
3101,420.03,-0.048776,0.132576,-0.989972,-0.1995,0.192641,-0.960775,-0.127,0.165,0.0,0.0,0.59,0.14,0.32,0.96,0.06,0.15,0.36,0.16,0.0,1.4,0.39,0.0,0.61,1.52,0.0
3102,420.07,-0.089638,0.077576,-0.992949,-0.182805,0.181098,-0.966326,-0.138,0.131,0.0,0.0,0.64,0.3,0.24,0.84,0.06,0.22,0.31,0.14,0.0,1.36,0.3,0.0,0.57,1.5,0.0
3103,420.1,-0.090351,0.076334,-0.99298,-0.180692,0.178969,-0.96712,-0.137,0.13,0.0,0.0,0.59,0.58,0.16,0.47,0.03,0.26,0.27,0.1,0.0,1.38,0.32,0.0,0.47,1.47,0.0
3104,420.13,-0.105384,0.08869,-0.990469,-0.20372,0.197371,-0.958928,-0.157,0.146,0.0,0.0,0.66,0.89,0.1,0.21,0.04,0.26,0.25,0.04,0.0,1.38,0.31,0.0,0.52,1.46,0.0
3105,420.17,-0.108242,0.060586,-0.992277,-0.229525,0.195954,-0.953373,-0.172,0.131,0.0,0.0,0.64,1.16,0.04,0.0,0.01,0.24,0.23,0.02,0.0,1.44,0.32,0.0,0.57,1.43,0.0
3106,420.2,-0.104503,0.060543,-0.99268,-0.258486,0.182759,-0.94857,-0.185,0.125,0.0,0.0,0.71,1.29,0.0,0.0,0.01,0.31,0.22,0.02,0.0,1.44,0.2,0.0,0.65,1.4,0.0
3107,420.23,-0.107952,0.070247,-0.991671,-0.247714,0.19318,-0.949378,-0.181,0.135,0.0,0.0,0.66,1.23,0.05,0.0,0.0,0.32,0.24,0.02,0.0,1.43,0.19,0.0,0.68,1.38,0.0
3108,420.27,-0.107828,0.073097,-0.991479,-0.249093,0.19029,-0.949601,-0.182,0.135,0.0,0.0,0.67,1.15,0.07,0.0,0.0,0.37,0.26,0.0,0.0,1.41,0.17,0.0,0.73,1.44,0.0
3109,420.3,-0.107453,0.071599,-0.991629,-0.248039,0.190248,-0.949885,-0.181,0.134,0.0,0.0,0.69,1.23,0.07,0.0,0.0,0.31,0.24,0.03,0.0,1.42,0.18,0.0,0.69,1.43,0.0
3110,420.33,-0.108936,0.074336,-0.991265,-0.238355,0.197401,-0.950905,-0.177,0.139,0.0,0.0,0.7,1.31,0.02,0.0,0.0,0.3,0.23,0.06,0.0,1.39,0.21,0.0,0.69,1.48,0.0
3111,420.37,-0.109946,0.070359,-0.991444,-0.237469,0.195774,-0.951463,-0.177,0.136,0.0,0.0,0.77,1.15,0.0,0.01,0.0,0.26,0.24,0.12,0.0,1.37,0.28,0.0,0.64,1.46,0.0
3112,420.4,-0.053416,0.163246,-0.985138,-0.20282,0.204231,-0.957682,-0.131,0.187,0.0,0.0,0.86,0.69,0.0,0.01,0.03,0.26,0.25,0.17,0.0,1.37,0.25,0.0,0.72,1.54,0.0
3113,420.43,-0.048765,0.170444,-0.98416,-0.187096,0.198367,-0.962105,-0.121,0.187,0.0,0.0,0.9,0.21,0.02,0.04,0.03,0.26,0.28,0.15,0.0,1.33,0.22,0.0,0.71,1.51,0.0
3114,420.47,-0.050777,0.170482,-0.984052,-0.195839,0.200209,-0.959981,-0.126,0.188,0.0,0.0,0.9,0.03,0.04,0.08,0.03,0.25,0.28,0.09,0.0,1.29,0.2,0.0,0.74,1.53,0.0
3115,420.5,-0.050405,0.169526,-0.984236,-0.19533,0.19788,-0.960567,-0.126,0.187,0.0,0.0,0.88,0.0,0.06,0.08,0.0,0.24,0.3,0.15,0.0,1.17,0.21,0.0,0.65,1.5,0.0
3116,420.53,-0.056073,0.150194,-0.987065,-0.197094,0.193197,-0.96116,-0.129,0.174,0.0,0.0,0.84,0.0,0.04,0.05,0.0,0.17,0.27,0.22,0.0,1.1,0.27,0.0,0.6,1.5,0.0
3117,420.57,-0.047757,0.150366,-0.987476,-0.184686,0.191557,-0.963949,-0.119,0.173,0.0,0.0,0.83,0.0,0.04,0.0,0.0,0.08,0.26,0.34,0.0,1.04,0.26,0.0,0.55,1.41,0.0
3118,420.6,-0.04791,0.151204,-0.987341,-0.187735,0.189443,-0.963777,-0.12,0.173,0.0,0.0,0.84,0.0,0.02,0.0,0.0,0.03,0.24,0.29,0.0,1.04,0.26,0.0,0.45,1.26,0.0
3119,420.63,-0.042053,0.146619,-0.988299,-0.180855,0.182294,-0.966468,-0.114,0.167,0.0,0.0,0.92,0.0,0.03,0.0,0.0,0.04,0.25,0.3,0.0,1.08,0.18,0.0,0.4,1.21,0.0
3120,420.67,-0.042593,0.143734,-0.988699,-0.180258,0.181094,-0.966805,-0.113,0.165,0.0,0.0,0.96,0.0,0.04,0.0,0.0,0.07,0.25,0.26,0.0,1.07,0.11,0.0,0.32,1.2,0.0
3121,420.7,-0.045065,0.14524,-0.98837,-0.182651,0.181813,-0.966221,-0.116,0.166,0.0,0.0,0.91,0.0,0.03,0.0,0.0,0.06,0.24,0.32,0.0,1.13,0.15,0.0,0.29,1.17,0.0
3122,420.73,-0.042785,0.142844,-0.98882,-0.160878,0.180447,-0.970339,-0.104,0.164,0.0,0.0,0.88,0.0,0.02,0.0,0.0,0.03,0.22,0.36,0.0,1.15,0.15,0.0,0.26,1.08,0.0
3123,420.77,-0.042107,0.144298,-0.988638,-0.158086,0.18209,-0.970491,-0.102,0.165,0.0,0.0,0.8,0.0,0.02,0.0,0.0,0.04,0.2,0.42,0.0,1.19,0.12,0.0,0.3,0.98,0.0
3124,420.8,-0.027117,0.136717,-0.990239,-0.160613,0.179245,-0.970605,-0.095,0.16,0.0,0.0,0.75,0.0,0.04,0.0,0.0,0.11,0.2,0.42,0.0,1.2,0.03,0.0,0.4,1.02,0.0
3125,420.83,-0.025538,0.135235,-0.990484,-0.15961,0.177766,-0.971043,-0.094,0.158,0.0,0.0,0.73,0.0,0.07,0.06,0.03,0.18,0.17,0.4,0.0,1.08,0.0,0.0,0.55,1.15,0.0
3126,420.87,-0.024737,0.142703,-0.989456,-0.15473,0.188234,-0.969859,-0.091,0.167,0.0,0.0,0.76,0.0,0.09,0.07,0.03,0.21,0.15,0.35,0.0,0.96,0.03,0.0,0.62,1.27,0.0
3127,420.9,-0.023192,0.14311,-0.989435,-0.160321,0.186769,-0.969234,-0.093,0.167,0.0,0.0,0.79,0.0,0.1,0.08,0.03,0.19,0.12,0.32,0.0,0.82,0.03,0.0,0.69,1.37,0.0
3128,420.93,-0.023924,0.140896,-0.989735,-0.155646,0.187003,-0.969951,-0.091,0.166,0.0,0.0,0.78,0.0,0.08,0.02,0.0,0.11,0.14,0.37,0.0,0.92,0.18,0.0,0.56,1.36,0.0
3129,420.97,-0.020283,0.133667,-0.990819,-0.154602,0.179051,-0.971617,-0.089,0.158,0.0,0.0,0.77,0.0,0.08,0.01,0.0,0.05,0.14,0.43,0.0,1.19,0.36,0.0,0.34,1.32,0.0
3130,421.0,-0.018891,0.147477,-0.988885,-0.149748,0.184855,-0.97129,-0.086,0.168,0.0,0.0,0.85,0.0,0.1,0.11,0.0,0.01,0.12,0.37,0.0,1.47,0.59,0.0,0.11,1.17,0.0
3131,421.03,-0.0203,0.158729,-0.987113,-0.166472,0.182244,-0.969059,-0.095,0.173,0.0,0.0,0.9,0.0,0.12,0.19,0.0,0.05,0.08,0.23,0.0,1.64,0.67,0.0,0.0,1.03,0.0
3132,421.07,-0.018558,0.159839,-0.986969,-0.165301,0.182256,-0.969257,-0.094,0.173,0.0,0.0,0.94,0.0,0.1,0.26,0.0,0.08,0.05,0.16,0.0,1.65,0.73,0.0,0.0,0.95,0.0
3133,421.1,-0.019993,0.157826,-0.987265,-0.164809,0.181094,-0.969558,-0.094,0.171,0.0,0.0,0.92,0.0,0.07,0.21,0.0,0.12,0.03,0.23,0.0,1.65,0.77,0.0,0.0,0.97,0.0
3134,421.13,-0.016331,0.150324,-0.988502,-0.169572,0.187745,-0.967469,-0.095,0.171,0.0,0.0,0.91,0.0,0.06,0.15,0.0,0.11,0.01,0.3,0.0,1.62,0.74,0.0,0.01,1.0,0.0
3135,421.17,-0.013892,0.151556,-0.988351,-0.168425,0.188591,-0.967505,-0.093,0.172,0.0,0.0,0.91,0.0,0.09,0.08,0.0,0.13,0.0,0.45,0.0,1.54,0.57,0.0,0.05,1.07,0.0
3136,421.2,-0.009879,0.141735,-0.989855,-0.172346,0.177917,-0.968836,-0.093,0.162,0.0,0.0,0.83,0.0,0.11,0.03,0.0,0.12,0.0,0.56,0.0,1.46,0.42,0.0,0.17,1.16,0.0
3137,421.23,-0.007955,0.138348,-0.990352,-0.170286,0.176742,-0.969415,-0.091,0.159,0.0,0.0,0.77,0.0,0.21,0.1,0.01,0.22,0.05,0.51,0.0,1.21,0.28,0.0,0.6,1.41,0.0
3138,421.27,-0.007151,0.134365,-0.990906,-0.173802,0.17604,-0.968918,-0.092,0.157,0.0,0.0,0.74,0.0,0.28,0.19,0.01,0.26,0.09,0.32,0.0,1.01,0.25,0.0,1.04,1.63,0.0
3139,421.3,-0.005049,0.136461,-0.990633,-0.172082,0.177789,-0.968906,-0.09,0.159,0.0,0.0,0.75,0.0,0.35,0.29,0.01,0.32,0.14,0.12,0.0,0.79,0.22,0.0,1.37,1.77,0.0
3140,421.33,-0.004465,0.136004,-0.990698,-0.171702,0.17745,-0.969036,-0.09,0.159,0.0,0.0,0.73,0.0,0.32,0.32,0.0,0.29,0.12,0.06,0.0,0.75,0.27,0.0,1.36,1.64,0.0
3141,421.37,-0.005357,0.143837,-0.989587,-0.176818,0.1821,-0.967251,-0.093,0.165,0.0,0.0,0.73,0.0,0.32,0.35,0.0,0.31,0.14,0.02,0.0,0.76,0.27,0.0,1.24,1.51,0.0
3142,421.4,-0.009561,0.133828,-0.990959,-0.172762,0.181544,-0.968088,-0.093,0.16,0.0,0.0,0.67,0.0,0.29,0.35,0.03,0.31,0.13,0.02,0.0,0.91,0.33,0.0,1.02,1.46,0.0
3143,421.43,-0.011715,0.12902,-0.991573,-0.1695,0.176802,-0.969542,-0.092,0.155,0.0,0.0,0.65,0.0,0.3,0.33,0.06,0.32,0.15,0.04,0.0,1.07,0.4,0.0,0.82,1.56,0.0
3144,421.47,-0.011473,0.128841,-0.991599,-0.171791,0.176917,-0.969117,-0.093,0.155,0.0,0.0,0.59,0.0,0.28,0.32,0.08,0.3,0.13,0.05,0.0,1.16,0.46,0.0,0.71,1.61,0.0
3145,421.5,-0.011211,0.129314,-0.99154,-0.17219,0.177634,-0.968915,-0.093,0.155,0.0,0.0,0.61,0.0,0.19,0.23,0.05,0.33,0.1,0.03,0.1,1.24,0.38,0.0,0.83,1.63,0.0
3146,421.53,0.016305,0.139715,-0.990057,-0.082308,0.15808,-0.98399,-0.033,0.15,0.0,0.0,0.58,0.0,0.12,0.19,0.02,0.33,0.08,0.04,0.21,1.26,0.21,0.0,0.94,1.61,0.0
3147,421.57,0.023821,0.151254,-0.988208,-0.090521,0.166311,-0.98191,-0.034,0.16,0.0,0.0,0.56,0.02,0.03,0.07,0.0,0.34,0.05,0.03,0.26,1.35,0.09,0.0,1.06,1.59,0.0
3148,421.6,0.044784,0.160059,-0.986091,-0.069991,0.168889,-0.983147,-0.013,0.166,0.0,0.0,0.56,0.03,0.1,0.16,0.0,0.36,0.09,0.03,0.19,1.2,0.0,0.0,1.2,1.57,0.0
3149,421.63,0.033343,0.172428,-0.984458,-0.077266,0.182839,-0.980102,-0.022,0.179,0.0,0.0,0.55,0.07,0.12,0.15,0.0,0.6,0.17,0.0,0.07,1.04,0.0,0.0,1.52,1.49,0.0
3150,421.67,0.031928,0.168708,-0.985149,-0.063087,0.192451,-0.979277,-0.016,0.182,0.0,0.0,0.54,0.13,0.18,0.2,0.0,0.83,0.27,0.0,0.02,0.8,0.0,0.0,1.83,1.42,0.0
3151,421.7,0.0327,0.168342,-0.985186,-0.066099,0.190065,-0.979544,-0.017,0.18,0.0,0.0,0.48,0.15,0.15,0.14,0.0,0.94,0.32,0.0,0.0,0.74,0.0,0.0,2.04,1.34,0.0
3152,421.73,0.032298,0.169884,-0.984935,-0.065507,0.191962,-0.979214,-0.017,0.182,0.0,0.0,0.43,0.11,0.2,0.19,0.0,0.94,0.31,0.0,0.0,0.76,0.0,0.0,2.07,1.33,0.0
3153,421.77,0.025464,0.15973,-0.986832,-0.06236,0.185543,-0.980655,-0.019,0.174,0.0,0.0,0.36,0.04,0.19,0.25,0.0,0.9,0.3,0.0,0.0,0.86,0.0,0.0,2.04,1.47,0.0
3154,421.8,0.019791,0.152555,-0.988097,-0.065951,0.176393,-0.982108,-0.023,0.165,0.0,0.0,0.33,0.05,0.15,0.29,0.0,0.7,0.23,0.0,0.0,0.92,0.0,0.0,1.72,1.58,0.0
3155,421.83,0.022984,0.148742,-0.988609,-0.068064,0.176231,-0.981993,-0.023,0.163,0.0,0.0,0.31,0.09,0.06,0.26,0.0,0.44,0.2,0.0,0.0,0.94,0.0,0.0,1.34,1.66,0.0
3156,421.87,0.022873,0.148815,-0.9886,-0.06889,0.175582,-0.982051,-0.023,0.163,0.0,0.0,0.33,0.16,0.06,0.28,0.0,0.24,0.18,0.0,0.0,0.92,0.0,0.0,1.01,1.62,0.0
3157,421.9,0.024507,0.148488,-0.988611,-0.069228,0.174917,-0.982146,-0.023,0.163,0.0,0.0,0.31,0.2,0.06,0.21,0.0,0.23,0.15,0.0,0.0,0.87,0.0,0.0,0.91,1.52,0.0
3158,421.93,0.009602,0.158984,-0.987234,-0.089996,0.185162,-0.978578,-0.041,0.173,0.0,0.0,0.32,0.25,0.04,0.13,0.0,0.23,0.08,0.0,0.0,0.85,0.0,0.0,0.9,1.47,0.0
3159,421.97,0.012051,0.158819,-0.987234,-0.089804,0.184175,-0.978782,-0.04,0.173,0.0,0.0,0.38,0.17,0.0,0.0,0.0,0.35,0.0,0.0,0.0,0.74,0.0,0.0,1.2,1.4,0.0
3160,422.0,-0.001039,0.148204,-0.988956,-0.098506,0.171145,-0.980309,-0.051,0.161,0.0,0.0,0.39,0.1,0.0,0.0,0.0,0.49,0.02,0.0,0.0,0.69,0.0,0.0,1.55,1.45,0.0
3161,422.03,0.002366,0.152967,-0.988228,-0.097886,0.173779,-0.979908,-0.048,0.165,0.0,0.0,0.39,0.04,0.0,0.0,0.0,0.58,0.02,0.0,0.0,0.75,0.0,0.0,1.7,1.62,0.0
3162,422.07,0.003759,0.132899,-0.991123,-0.090524,0.167461,-0.981714,-0.044,0.151,0.0,0.0,0.38,0.04,0.0,0.0,0.0,0.46,0.02,0.0,0.0,0.89,0.0,0.0,1.54,1.77,0.0
3163,422.1,0.005179,0.134928,-0.990842,-0.090122,0.169331,-0.98143,-0.043,0.153,0.0,0.0,0.35,0.04,0.0,0.01,0.0,0.31,0.0,0.0,0.0,1.1,0.0,0.0,1.21,1.97,0.0
3164,422.13,0.008381,0.147033,-0.989096,-0.095691,0.156783,-0.982987,-0.044,0.153,0.0,0.0,0.31,0.07,0.0,0.01,0.0,0.21,0.0,0.0,0.0,1.16,0.0,0.0,0.97,2.0,0.0
3165,422.17,0.012867,0.140601,-0.989983,-0.100676,0.161712,-0.981689,-0.045,0.152,0.0,0.0,0.26,0.1,0.0,0.04,0.0,0.1,0.0,0.0,0.0,1.27,0.0,0.0,0.63,2.04,0.0
3166,422.2,0.015537,0.144586,-0.98937,-0.095585,0.173177,-0.980241,-0.041,0.16,0.0,0.0,0.26,0.14,0.0,0.03,0.0,0.06,0.0,0.0,0.0,1.23,0.0,0.0,0.44,1.9,0.0
3167,422.23,-0.001653,0.138334,-0.990384,-0.097403,0.17494,-0.979749,-0.05,0.158,0.0,0.0,0.28,0.12,0.0,0.03,0.0,0.03,0.0,0.0,0.0,1.25,0.0,0.0,0.36,1.74,0.0
3168,422.27,-0.006427,0.138624,-0.990324,-0.100923,0.172373,-0.979848,-0.054,0.157,0.0,0.0,0.29,0.09,0.0,0.0,0.0,0.03,0.0,0.0,0.0,1.16,0.0,0.0,0.39,1.58,0.0
3169,422.3,-0.007344,0.131074,-0.991345,-0.101326,0.173518,-0.979604,-0.055,0.153,0.0,0.0,0.27,0.12,0.0,0.04,0.0,0.1,0.0,0.0,0.0,1.16,0.0,0.0,0.44,1.45,0.0
3170,422.33,-0.002364,0.125739,-0.992061,-0.111133,0.173251,-0.978588,-0.058,0.151,0.0,0.0,0.27,0.22,0.0,0.27,0.0,0.07,0.01,0.0,0.0,1.1,0.0,0.0,0.49,1.36,0.0
3171,422.37,0.002783,0.120962,-0.992653,-0.119535,0.160274,-0.979808,-0.059,0.142,0.0,0.0,0.28,0.26,0.0,0.39,0.0,0.06,0.02,0.0,0.0,1.11,0.0,0.0,0.55,1.25,0.0
3172,422.4,0.002806,0.123168,-0.992382,-0.119753,0.160651,-0.97972,-0.059,0.143,0.0,0.0,0.29,0.29,0.0,0.45,0.0,0.04,0.02,0.0,0.0,1.02,0.0,0.0,0.6,1.2,0.0
3173,422.43,0.000275,0.132493,-0.991184,-0.129097,0.167039,-0.977462,-0.065,0.151,0.0,0.0,0.31,0.21,0.0,0.22,0.0,0.1,0.04,0.0,0.0,1.07,0.0,0.0,0.59,1.23,0.0
3174,422.47,0.007302,0.132247,-0.99119,-0.12384,0.167707,-0.978028,-0.059,0.151,0.0,0.0,0.34,0.17,0.0,0.1,0.0,0.12,0.03,0.0,0.0,1.11,0.0,0.0,0.64,1.28,0.0
3175,422.5,0.011132,0.135937,-0.990655,-0.12329,0.168602,-0.977943,-0.057,0.153,0.0,0.0,0.43,0.07,0.0,0.0,0.0,0.16,0.08,0.02,0.0,1.17,0.0,0.0,0.59,1.28,0.0
3176,422.53,0.005032,0.130392,-0.99145,-0.123198,0.149215,-0.9811,-0.06,0.141,0.0,0.0,0.54,0.0,0.0,0.0,0.0,0.16,0.1,0.02,0.0,1.1,0.0,0.0,0.62,1.12,0.0
3177,422.57,0.009255,0.138372,-0.990337,-0.123326,0.152698,-0.980548,-0.058,0.147,0.0,0.0,0.63,0.0,0.0,0.0,0.0,0.24,0.15,0.05,0.0,1.01,0.0,0.0,0.57,1.0,0.0
3178,422.6,0.0107,0.132856,-0.991078,-0.124376,0.15173,-0.980565,-0.058,0.143,0.0,0.0,0.7,0.0,0.0,0.0,0.0,0.27,0.14,0.06,0.0,1.01,0.0,0.0,0.61,0.96,0.0
3179,422.63,0.022021,0.124685,-0.991952,-0.11783,0.148916,-0.981804,-0.049,0.138,0.0,0.0,0.71,0.03,0.0,0.0,0.0,0.3,0.13,0.06,0.0,0.99,0.0,0.0,0.62,1.03,0.0
3180,422.67,0.022207,0.121876,-0.992297,-0.117474,0.14867,-0.981884,-0.048,0.136,0.0,0.0,0.73,0.03,0.0,0.0,0.0,0.27,0.13,0.03,0.0,0.99,0.0,0.0,0.69,1.05,0.0
3181,422.7,0.024907,0.1214,-0.992291,-0.117656,0.148328,-0.981914,-0.047,0.136,0.0,0.0,0.69,0.03,0.0,0.0,0.0,0.21,0.12,0.0,0.0,1.0,0.0,0.0,0.75,1.04,0.0
3182,422.73,0.027025,0.126702,-0.991573,-0.105893,0.151784,-0.982725,-0.04,0.14,0.0,0.0,0.71,0.03,0.0,0.0,0.0,0.26,0.12,0.0,0.0,1.01,0.0,0.0,0.78,1.01,0.0
3183,422.77,0.032537,0.133576,-0.990504,-0.098937,0.149797,-0.983754,-0.034,0.143,0.0,0.0,0.68,0.03,0.0,0.0,0.0,0.34,0.1,0.0,0.0,1.03,0.0,0.0,0.82,1.05,0.0
3184,422.8,0.034628,0.132668,-0.990556,-0.099746,0.151826,-0.983361,-0.033,0.143,0.0,0.0,0.69,0.03,0.0,0.0,0.0,0.46,0.09,0.0,0.0,1.03,0.0,0.0,0.82,1.06,0.0
3185,422.83,0.036459,0.133739,-0.990346,-0.101532,0.149938,-0.983468,-0.033,0.143,0.0,0.0,0.65,0.0,0.0,0.0,0.03,0.39,0.07,0.0,0.0,1.03,0.0,0.0,0.84,1.04,0.0
3186,422.87,0.044997,0.129267,-0.990588,-0.087115,0.146493,-0.985368,-0.021,0.139,0.0,0.0,0.66,0.0,0.0,0.0,0.03,0.33,0.07,0.0,0.0,1.01,0.0,0.0,0.83,0.94,0.0
3187,422.9,0.046557,0.131943,-0.990163,-0.089753,0.14733,-0.985007,-0.022,0.14,0.0,0.0,0.68,0.0,0.0,0.0,0.03,0.23,0.06,0.0,0.0,0.97,0.0,0.0,0.83,0.87,0.0
3188,422.93,0.048093,0.12606,-0.990856,-0.088944,0.150023,-0.984674,-0.021,0.139,0.0,0.0,0.67,0.0,0.0,0.0,0.0,0.25,0.04,0.0,0.0,0.97,0.0,0.0,0.84,0.92,0.0
3189,422.97,0.052236,0.126298,-0.990616,-0.088572,0.152643,-0.984304,-0.018,0.14,0.0,0.0,0.65,0.0,0.0,0.0,0.0,0.26,0.01,0.0,0.0,1.05,0.0,0.0,0.87,0.99,0.0
3190,423.0,0.054993,0.129091,-0.990107,-0.08631,0.146904,-0.985378,-0.016,0.139,0.0,0.0,0.64,0.0,0.0,0.0,0.0,0.39,0.0,0.0,0.0,1.08,0.0,0.0,0.94,1.04,0.0
3191,423.03,0.080564,0.120138,-0.989483,-0.099751,0.161598,-0.981802,-0.01,0.142,0.07,0.0,0.61,0.0,0.0,0.0,0.15,0.53,0.08,0.0,0.0,1.0,0.0,0.0,1.06,1.13,0.49
3192,423.07,0.108019,0.202289,-0.97335,-0.229988,0.310946,-0.922181,-0.064,0.264,0.16,0.0,0.58,0.0,0.0,0.0,0.28,0.65,0.16,0.0,0.0,0.99,0.0,0.0,1.11,1.21,0.95
3193,423.1,0.104424,0.204854,-0.973206,-0.225494,0.307215,-0.924539,-0.064,0.264,0.3,0.0,0.58,0.0,0.0,0.0,0.44,0.71,0.25,0.0,0.0,1.0,0.0,0.0,1.23,1.26,1.59
3194,423.13,0.152605,0.248463,-0.956545,-0.225715,0.318897,-0.92052,-0.039,0.294,0.26,0.0,0.59,0.0,0.0,0.0,0.47,0.69,0.23,0.0,0.0,1.01,0.0,0.0,1.36,1.31,1.42
3195,423.17,0.094555,0.193252,-0.976582,-0.229002,0.297358,-0.926896,-0.071,0.252,0.22,0.0,0.62,0.0,0.04,0.05,0.49,0.69,0.2,0.0,0.0,0.97,0.0,0.0,1.49,1.37,1.38
3196,423.2,0.111476,0.194551,-0.974537,-0.213627,0.293824,-0.931682,-0.054,0.251,0.08,0.0,0.66,0.0,0.04,0.05,0.37,0.65,0.12,0.0,0.0,0.98,0.0,0.0,1.46,1.4,0.74
3197,423.23,0.115488,0.139131,-0.983517,-0.083042,0.191519,-0.97797,0.017,0.167,0.05,0.0,0.66,0.0,0.04,0.05,0.27,0.57,0.06,0.0,0.0,1.12,0.0,0.0,1.13,1.34,0.42
3198,423.27,0.086761,0.121103,-0.988841,-0.017649,0.150069,-0.988518,0.035,0.136,0.0,0.0,0.61,0.0,0.0,0.0,0.15,0.42,0.01,0.0,0.0,1.21,0.0,0.0,0.9,1.32,0.0
3199,423.3,0.088542,0.12615,-0.988052,-0.020175,0.153462,-0.987949,0.035,0.141,0.0,0.0,0.54,0.0,0.0,0.0,0.14,0.23,0.0,0.0,0.0,1.24,0.0,0.0,0.72,1.39,0.0
3200,423.33,0.082096,0.115709,-0.989885,-0.019679,0.154584,-0.987784,0.032,0.136,0.0,0.0,0.59,0.0,0.0,0.0,0.1,0.17,0.0,0.0,0.0,1.21,0.0,0.0,0.78,1.5,0.0
3201,423.37,0.076571,0.111846,-0.990771,-0.02405,0.147632,-0.98875,0.027,0.13,0.0,0.0,0.65,0.0,0.0,0.0,0.11,0.15,0.0,0.0,0.0,1.19,0.0,0.0,0.8,1.52,0.0
3202,423.4,0.078086,0.111122,-0.990734,-0.025186,0.1464,-0.988905,0.027,0.129,0.0,0.0,0.68,0.0,0.0,0.0,0.09,0.22,0.0,0.0,0.0,1.18,0.0,0.0,0.86,1.54,0.0
3203,423.43,0.072584,0.109693,-0.991312,-0.022772,0.142714,-0.989502,0.025,0.127,0.0,0.0,0.65,0.05,0.0,0.0,0.08,0.24,0.0,0.0,0.0,1.2,0.0,0.0,0.89,1.3,0.0
3204,423.47,0.078327,0.111951,-0.990622,-0.026446,0.137629,-0.990131,0.026,0.125,0.0,0.0,0.61,0.05,0.0,0.0,0.07,0.28,0.0,0.0,0.0,1.28,0.0,0.0,0.84,1.16,0.0
3205,423.5,0.078782,0.114079,-0.990343,-0.028537,0.142202,-0.989426,0.025,0.129,0.0,0.0,0.55,0.13,0.0,0.0,0.08,0.29,0.0,0.0,0.0,1.38,0.0,0.0,0.63,0.99,0.0
3206,423.53,0.069782,0.096585,-0.992876,-0.027074,0.134595,-0.990531,0.022,0.116,0.0,0.0,0.47,0.08,0.0,0.0,0.13,0.35,0.0,0.0,0.0,1.56,0.0,0.0,0.35,1.0,0.0
3207,423.57,0.06651,0.08983,-0.993734,-0.03082,0.128035,-0.991291,0.018,0.109,0.0,0.0,0.36,0.08,0.0,0.0,0.14,0.41,0.03,0.0,0.0,1.76,0.0,0.0,0.12,0.92,0.0
3208,423.6,0.068233,0.094875,-0.993148,-0.040237,0.121815,-0.991737,0.014,0.109,0.0,0.0,0.28,0.0,0.0,0.0,0.15,0.45,0.03,0.0,0.0,1.94,0.0,0.0,0.01,0.8,0.0
3209,423.63,0.059437,0.08601,-0.99452,-0.043709,0.120805,-0.991713,0.008,0.104,0.0,0.0,0.23,0.02,0.0,0.0,0.15,0.43,0.03,0.0,0.02,2.0,0.0,0.0,0.0,0.73,0.0
3210,423.67,0.054428,0.092583,-0.994216,-0.041506,0.116603,-0.992311,0.007,0.105,0.0,0.0,0.23,0.02,0.0,0.0,0.18,0.37,0.0,0.0,0.06,1.98,0.0,0.0,0.0,0.66,0.0
3211,423.7,0.055492,0.091982,-0.994213,-0.044095,0.119017,-0.991913,0.006,0.106,0.0,0.0,0.19,0.01,0.0,0.0,0.17,0.41,0.0,0.0,0.11,2.01,0.0,0.0,0.0,0.58,0.0
3212,423.73,0.062402,0.115871,-0.991302,-0.03376,0.155495,-0.98726,0.014,0.136,0.0,0.0,0.23,0.0,0.0,0.0,0.14,0.5,0.0,0.0,0.17,2.03,0.0,0.0,0.0,0.46,0.0
3213,423.77,0.063706,0.128885,-0.989611,-0.085171,0.177863,-0.980362,-0.011,0.154,0.0,0.0,0.26,0.0,0.0,0.0,0.06,0.57,0.0,0.0,0.24,2.07,0.0,0.0,0.0,0.4,0.0
3214,423.8,0.062944,0.135866,-0.988726,-0.119539,0.224265,-0.967169,-0.029,0.182,0.0,0.0,0.3,0.0,0.0,0.0,0.03,0.52,0.0,0.0,0.23,1.94,0.0,0.0,0.0,0.29,0.0
3215,423.83,0.063108,0.136937,-0.988568,-0.129764,0.224925,-0.965697,-0.034,0.183,0.0,0.0,0.36,0.0,0.0,0.0,0.0,0.44,0.0,0.0,0.15,1.8,0.0,0.0,0.0,0.26,0.0
3216,423.87,0.058652,0.140373,-0.98836,-0.134843,0.226595,-0.96461,-0.039,0.186,0.0,0.0,0.39,0.0,0.0,0.0,0.01,0.42,0.0,0.0,0.06,1.61,0.0,0.0,0.0,0.25,0.0
3217,423.9,0.059466,0.139561,-0.988426,-0.135645,0.223594,-0.965198,-0.039,0.184,0.04,0.0,0.49,0.0,0.0,0.0,0.01,0.37,0.0,0.0,0.04,1.59,0.0,0.0,0.0,0.32,0.15
3218,423.93,0.116932,0.164894,-0.979355,-0.19756,0.271713,-0.941882,-0.042,0.223,0.16,0.0,0.38,0.0,0.0,0.0,0.05,0.34,0.07,0.0,0.27,1.62,0.0,0.0,0.04,0.5,0.89
3219,423.97,0.184441,0.234011,-0.954579,-0.231474,0.317338,-0.919628,-0.025,0.286,0.27,0.0,0.31,0.0,0.0,0.0,0.08,0.33,0.16,0.0,0.44,1.69,0.0,0.0,0.14,0.6,1.65
3220,424.0,0.179864,0.236121,-0.954932,-0.224254,0.319185,-0.920777,-0.024,0.288,0.24,0.0,0.2,0.0,0.0,0.0,0.13,0.38,0.28,0.0,0.59,1.84,0.0,0.0,0.14,0.76,2.02
3221,424.03,0.153366,0.189562,-0.969817,-0.294775,0.26999,-0.916632,-0.075,0.239,0.12,0.0,0.3,0.0,0.0,0.0,0.12,0.47,0.21,0.0,0.52,1.97,0.0,0.0,0.1,0.61,1.3
3222,424.07,0.068892,0.116006,-0.990856,-0.12795,0.182075,-0.974924,-0.03,0.15,0.0,0.0,0.39,0.0,0.0,0.0,0.11,0.54,0.12,0.0,0.55,2.14,0.0,0.0,0.0,0.56,0.6
3223,424.1,0.071595,0.124344,-0.989653,-0.135004,0.196273,-0.971211,-0.032,0.162,0.0,0.0,0.49,0.0,0.0,0.0,0.14,0.59,0.0,0.0,0.47,2.17,0.0,0.0,0.0,0.5,0.08
3224,424.13,0.04107,0.133704,-0.99017,-0.140591,0.170129,-0.975341,-0.051,0.153,0.0,0.0,0.48,0.0,0.0,0.0,0.11,0.48,0.0,0.0,0.37,2.21,0.0,0.0,0.0,0.46,0.06
3225,424.17,0.041749,0.129087,-0.990754,-0.15448,0.176094,-0.972176,-0.057,0.154,0.24,0.0,0.4,0.0,0.0,0.01,0.08,0.3,0.05,0.0,0.49,2.09,0.0,0.0,0.04,0.59,0.45
3226,424.2,0.15075,0.190437,-0.970056,-0.295188,0.281574,-0.913006,-0.077,0.246,0.46,0.06,0.35,0.0,0.0,0.01,0.0,0.11,0.09,0.0,0.62,1.99,0.0,0.0,0.04,0.64,0.99
3227,424.23,0.147877,0.20224,-0.968107,-0.314279,0.301033,-0.900338,-0.089,0.263,0.79,0.1,0.28,0.0,0.0,0.01,0.02,0.11,0.09,0.0,0.61,1.74,0.0,0.0,0.04,0.65,1.77
3228,424.27,0.238315,0.244878,-0.939809,-0.28269,0.357456,-0.890119,-0.024,0.318,0.87,0.12,0.3,0.0,0.0,0.0,0.06,0.15,0.04,0.0,0.3,1.56,0.0,0.0,0.0,0.46,2.1
3229,424.3,0.237723,0.243074,-0.940427,-0.283624,0.352857,-0.891655,-0.025,0.314,0.9,0.06,0.28,0.0,0.0,0.0,0.08,0.14,0.01,0.0,0.09,1.35,0.0,0.0,0.0,0.3,2.34
3230,424.33,0.241471,0.245639,-0.938804,-0.284946,0.351172,-0.891899,-0.024,0.315,0.63,0.02,0.33,0.0,0.0,0.04,0.06,0.08,0.0,0.0,0.07,1.36,0.0,0.0,0.0,0.23,1.89
3231,424.37,0.127308,0.162199,-0.978511,-0.258875,0.259528,-0.930392,-0.069,0.217,0.32,0.0,0.29,0.0,0.0,0.04,0.02,0.16,0.01,0.0,0.1,1.4,0.0,0.0,0.0,0.18,1.11
3232,424.4,0.070422,0.121787,-0.990055,-0.144351,0.202653,-0.968553,-0.038,0.164,0.06,0.0,0.35,0.0,0.0,0.04,0.0,0.35,0.04,0.0,0.09,1.46,0.0,0.0,0.0,0.15,0.34
3233,424.43,0.037847,0.099096,-0.994358,-0.126959,0.176365,-0.976103,-0.045,0.139,0.0,0.0,0.27,0.0,0.0,0.0,0.0,0.41,0.05,0.0,0.06,1.55,0.0,0.0,0.0,0.23,0.0
3234,424.47,0.029314,0.091431,-0.99538,-0.135499,0.163018,-0.977274,-0.054,0.128,0.0,0.0,0.3,0.0,0.0,0.0,0.0,0.4,0.07,0.0,0.04,1.64,0.0,0.0,0.0,0.27,0.0
3235,424.5,0.033065,0.097651,-0.994671,-0.143122,0.175345,-0.974048,-0.056,0.138,0.0,0.0,0.28,0.0,0.0,0.0,0.0,0.27,0.08,0.0,0.14,1.73,0.0,0.0,0.0,0.4,0.0
3236,424.53,0.016338,0.113905,-0.993357,-0.12956,0.153457,-0.979625,-0.057,0.135,0.0,0.0,0.33,0.0,0.0,0.0,0.0,0.36,0.13,0.0,0.25,1.67,0.0,0.0,0.0,0.48,0.0
3237,424.57,0.01566,0.110335,-0.993771,-0.125183,0.157812,-0.979502,-0.055,0.135,0.07,0.0,0.39,0.0,0.0,0.0,0.0,0.43,0.12,0.0,0.23,1.59,0.0,0.0,0.0,0.41,0.0
3238,424.6,0.015429,0.112191,-0.993567,-0.128037,0.155315,-0.979532,-0.057,0.135,0.1,0.0,0.43,0.0,0.0,0.0,0.0,0.54,0.08,0.0,0.16,1.47,0.0,0.0,0.0,0.2,0.0
3239,424.63,0.01529,0.111184,-0.993682,-0.127046,0.154053,-0.979861,-0.057,0.134,0.14,0.0,0.5,0.0,0.0,0.0,0.0,0.55,0.07,0.0,0.06,1.4,0.0,0.0,0.0,0.13,0.0
3240,424.67,0.023054,0.118298,-0.99271,-0.142331,0.179679,-0.973374,-0.061,0.15,0.07,0.0,0.51,0.0,0.0,0.0,0.0,0.52,0.15,0.0,0.05,1.35,0.0,0.0,0.0,0.13,0.0
3241,424.7,0.02442,0.11362,-0.993224,-0.142123,0.17732,-0.973837,-0.06,0.147,0.07,0.0,0.46,0.0,0.0,0.0,0.0,0.51,0.22,0.0,0.02,1.31,0.0,0.0,0.0,0.25,0.0
3242,424.73,0.020873,0.115741,-0.99306,-0.142147,0.172444,-0.974709,-0.062,0.145,0.06,0.0,0.49,0.0,0.0,0.0,0.0,0.44,0.22,0.0,0.07,1.28,0.0,0.0,0.0,0.14,0.0
3243,424.77,0.021571,0.105179,-0.994219,-0.133746,0.162842,-0.977545,-0.057,0.135,0.06,0.0,0.51,0.0,0.0,0.0,0.0,0.4,0.18,0.0,0.09,1.33,0.0,0.0,0.0,0.22,0.0
3244,424.8,0.026596,0.094704,-0.99515,-0.125876,0.1462,-0.981214,-0.05,0.121,0.03,0.0,0.63,0.02,0.0,0.0,0.0,0.28,0.16,0.0,0.09,1.42,0.0,0.0,0.0,0.15,0.0
3245,424.83,0.015628,0.102229,-0.994638,-0.119728,0.153039,-0.980941,-0.053,0.128,0.0,0.0,0.62,0.12,0.0,0.0,0.04,0.2,0.14,0.0,0.04,1.6,0.0,0.0,0.0,0.35,0.0
3246,424.87,0.005519,0.085411,-0.99633,-0.110697,0.133989,-0.984781,-0.053,0.11,0.0,0.0,0.66,0.18,0.0,0.0,0.08,0.15,0.11,0.0,0.0,1.72,0.0,0.0,0.0,0.5,0.0
3247,424.9,0.006409,0.089531,-0.995963,-0.111503,0.138546,-0.984059,-0.053,0.115,0.0,0.0,0.59,0.16,0.0,0.0,0.08,0.14,0.09,0.0,0.0,1.84,0.0,0.0,0.0,0.73,0.0
3248,424.93,-0.001224,0.096267,-0.995355,-0.113478,0.14507,-0.982892,-0.058,0.121,0.06,0.0,0.55,0.07,0.0,0.0,0.05,0.17,0.06,0.0,0.05,1.84,0.0,0.0,0.0,0.78,0.0
3249,424.97,0.008744,0.099058,-0.995043,-0.121986,0.1556,-0.980259,-0.057,0.128,0.21,0.0,0.58,0.0,0.0,0.0,0.01,0.21,0.07,0.0,0.05,1.66,0.0,0.0,0.08,0.87,0.0
3250,425.0,0.009553,0.113053,-0.993543,-0.1174,0.173307,-0.977846,-0.055,0.144,0.29,0.0,0.67,0.0,0.0,0.0,0.0,0.3,0.06,0.08,0.05,1.44,0.0,0.0,0.14,0.93,0.0
3251,425.03,0.021711,0.11301,-0.993357,-0.121989,0.177028,-0.976617,-0.051,0.146,0.36,0.0,0.83,0.0,0.0,0.0,0.0,0.46,0.19,0.08,0.0,1.08,0.0,0.0,0.59,1.08,0.0
3252,425.07,0.025987,0.147624,-0.988702,-0.137229,0.203415,-0.969428,-0.057,0.177,0.29,0.0,0.9,0.0,0.0,0.0,0.0,0.54,0.28,0.08,0.0,0.86,0.0,0.0,1.01,1.17,0.0
3253,425.1,0.024519,0.1429,-0.989433,-0.134941,0.200865,-0.97028,-0.056,0.174,0.29,0.0,0.94,0.0,0.0,0.0,0.0,0.7,0.49,0.07,0.0,0.49,0.0,0.0,1.69,1.34,0.0
3254,425.13,0.029324,0.122695,-0.992011,-0.122201,0.203773,-0.971362,-0.047,0.165,0.26,0.0,0.95,0.0,0.0,0.0,0.0,0.79,0.64,0.14,0.0,0.32,0.0,0.0,1.96,1.45,0.0
3255,425.17,0.027103,0.111099,-0.99344,-0.107989,0.188577,-0.976103,-0.041,0.151,0.25,0.0,0.93,0.0,0.03,0.0,0.06,0.9,0.81,0.17,0.0,0.21,0.0,0.0,2.22,1.5,0.0
3256,425.2,0.030587,0.108848,-0.993588,-0.113549,0.17143,-0.978631,-0.042,0.141,0.17,0.0,0.87,0.0,0.09,0.0,0.11,0.94,0.91,0.1,0.0,0.29,0.0,0.0,2.23,1.48,0.0
3257,425.23,0.021863,0.096529,-0.99509,-0.138566,0.181979,-0.97349,-0.059,0.141,0.11,0.0,0.7,0.0,0.2,0.0,0.16,0.92,1.02,0.03,0.0,0.41,0.0,0.0,2.28,1.53,0.0
3258,425.27,0.035613,0.108039,-0.993509,-0.117098,0.18263,-0.976184,-0.041,0.147,0.07,0.0,0.55,0.0,0.29,0.0,0.16,0.89,1.09,0.0,0.0,0.48,0.0,0.0,2.26,1.56,0.0
3259,425.3,0.039062,0.113339,-0.992788,-0.117205,0.188835,-0.974989,-0.04,0.152,0.11,0.0,0.47,0.0,0.34,0.0,0.12,0.83,1.12,0.0,0.02,0.59,0.0,0.0,2.24,1.59,0.0
3260,425.33,0.03863,0.118902,-0.992154,-0.129773,0.191772,-0.972822,-0.046,0.157,0.16,0.0,0.54,0.0,0.43,0.0,0.07,0.93,1.23,0.0,0.02,0.59,0.0,0.0,2.23,1.52,0.07
3261,425.37,0.097423,0.182835,-0.978305,-0.158377,0.281803,-0.946311,-0.032,0.237,0.24,0.0,0.56,0.0,0.55,0.06,0.02,1.08,1.46,0.0,0.02,0.49,0.0,0.0,2.25,1.35,0.19
3262,425.4,0.092953,0.183894,-0.978541,-0.157951,0.288022,-0.944508,-0.034,0.241,0.29,0.0,0.53,0.0,0.69,0.25,0.0,1.17,1.81,0.08,0.0,0.25,0.0,0.0,2.17,0.97,0.3
3263,425.43,0.102121,0.192281,-0.976012,-0.17071,0.303918,-0.937279,-0.036,0.254,0.32,0.0,0.45,0.0,0.79,0.32,0.0,1.13,2.1,0.08,0.0,0.08,0.0,0.0,2.03,0.49,0.38
3264,425.47,0.112396,0.19438,-0.974466,-0.154122,0.307286,-0.939054,-0.022,0.256,0.3,0.0,0.4,0.0,0.89,0.42,0.0,1.08,2.3,0.08,0.0,0.01,0.0,0.0,1.92,0.15,0.36
3265,425.5,0.109969,0.193758,-0.974866,-0.149456,0.304066,-0.940854,-0.021,0.254,0.21,0.0,0.44,0.0,0.94,0.23,0.0,0.92,2.39,0.04,0.0,0.0,0.0,0.0,2.0,0.03,0.25
3266,425.53,0.101887,0.190079,-0.976468,-0.149281,0.300143,-0.942141,-0.025,0.25,0.09,0.0,0.47,0.0,0.98,0.24,0.0,0.94,2.43,0.12,0.01,0.0,0.0,0.0,2.1,0.02,0.13
3267,425.57,0.111758,0.184685,-0.976423,-0.141788,0.289737,-0.946546,-0.016,0.242,0.01,0.0,0.52,0.0,1.02,0.22,0.0,0.97,2.43,0.18,0.02,0.0,0.0,0.0,2.2,0.05,0.07
3268,425.6,0.112394,0.175675,-0.978011,-0.132281,0.283799,-0.949716,-0.01,0.234,0.03,0.0,0.47,0.0,1.09,0.33,0.0,1.22,2.43,0.21,0.02,0.02,0.0,0.0,2.23,0.03,0.11
3269,425.63,0.115968,0.167113,-0.979094,-0.123675,0.272541,-0.954163,-0.004,0.224,0.03,0.0,0.44,0.0,1.13,0.34,0.0,1.3,2.38,0.25,0.05,0.15,0.0,0.0,2.29,0.1,0.22
3270,425.67,0.129161,0.15474,-0.979476,-0.131372,0.259404,-0.956792,-0.001,0.211,0.02,0.0,0.35,0.0,1.13,0.3,0.0,1.39,2.39,0.28,0.04,0.3,0.0,0.0,2.36,0.16,0.33
3271,425.7,0.127393,0.15946,-0.97895,-0.126332,0.255578,-0.958499,0.001,0.211,0.0,0.0,0.36,0.0,1.16,0.31,0.01,1.44,2.39,0.31,0.04,0.4,0.0,0.0,2.29,0.26,0.46
3272,425.73,0.129657,0.163871,-0.977924,-0.121888,0.25032,-0.96046,0.004,0.211,0.0,0.0,0.38,0.0,1.2,0.41,0.01,1.49,2.41,0.26,0.07,0.34,0.0,0.0,2.19,0.28,0.35
3273,425.77,0.110041,0.155267,-0.981725,-0.121652,0.222815,-0.967241,-0.006,0.192,0.09,0.0,0.56,0.0,1.18,0.43,0.01,1.43,2.39,0.21,0.07,0.2,0.0,0.0,1.99,0.19,0.21
3274,425.8,0.095651,0.14742,-0.984438,-0.13634,0.238825,-0.961444,-0.021,0.196,0.23,0.0,0.7,0.0,1.12,0.56,0.0,1.3,2.38,0.19,0.09,0.08,0.0,0.0,1.88,0.09,0.04
3275,425.83,0.097453,0.145356,-0.984568,-0.129111,0.236491,-0.963017,-0.016,0.194,0.54,0.09,0.74,0.0,1.03,0.63,0.0,1.14,2.44,0.13,0.17,0.0,0.0,0.0,1.91,0.0,0.54
3276,425.87,0.203658,0.276522,-0.93918,-0.240742,0.340706,-0.908825,-0.02,0.322,0.77,0.19,0.66,0.0,1.0,0.69,0.0,1.09,2.51,0.12,0.34,0.0,0.0,0.0,2.04,0.0,1.09
3277,425.9,0.202479,0.278801,-0.938761,-0.240065,0.345941,-0.907024,-0.02,0.326,0.88,0.25,0.6,0.0,1.05,0.76,0.0,1.0,2.58,0.04,0.43,0.0,0.0,0.0,2.21,0.0,1.67
3278,425.93,0.201428,0.286714,-0.936601,-0.268537,0.341922,-0.900543,-0.037,0.33,0.86,0.2,0.71,0.0,1.16,0.78,0.0,1.05,2.52,0.05,0.56,0.0,0.0,0.0,2.23,0.1,1.51
3279,425.97,0.085393,0.211697,-0.973598,-0.18563,0.249571,-0.950398,-0.052,0.235,0.77,0.16,0.78,0.0,1.27,1.0,0.0,1.08,2.47,0.06,0.64,0.0,0.0,0.0,2.26,0.24,1.33
3280,426.0,0.074545,0.211324,-0.974569,-0.1878,0.249403,-0.950015,-0.059,0.235,0.62,0.1,0.79,0.0,1.19,0.71,0.0,1.21,2.31,0.26,0.67,0.11,0.0,0.0,2.32,0.56,0.75
3281,426.03,0.006334,0.159014,-0.987256,-0.201174,0.226934,-0.952906,-0.1,0.196,0.42,0.06,0.63,0.0,1.06,0.42,0.0,1.25,2.16,0.35,0.39,0.23,0.0,0.0,2.41,0.8,0.37
3282,426.07,0.000173,0.159095,-0.987263,-0.209201,0.230932,-0.950213,-0.107,0.199,0.29,0.0,0.45,0.0,0.92,0.01,0.0,1.24,2.01,0.42,0.15,0.3,0.0,0.0,2.46,1.0,0.0
3283,426.1,-0.001595,0.160046,-0.987108,-0.206691,0.233136,-0.950225,-0.107,0.2,0.28,0.0,0.37,0.0,0.91,0.0,0.0,1.16,1.92,0.33,0.07,0.28,0.0,0.0,2.38,1.01,0.0
3284,426.13,0.001609,0.158871,-0.987298,-0.206833,0.232035,-0.950463,-0.106,0.199,0.34,0.0,0.32,0.0,0.87,0.04,0.0,1.06,1.93,0.3,0.11,0.24,0.0,0.0,2.34,0.93,0.0
3285,426.17,0.018725,0.183562,-0.98283,-0.193052,0.241269,-0.951063,-0.09,0.216,0.46,0.0,0.24,0.0,0.82,0.15,0.0,0.93,1.99,0.2,0.26,0.2,0.0,0.0,2.37,0.98,0.62
3286,426.2,0.149445,0.243861,-0.958227,-0.231343,0.336632,-0.912776,-0.044,0.301,0.64,0.09,0.2,0.0,0.76,0.15,0.0,0.98,2.12,0.11,0.27,0.14,0.0,0.0,2.39,0.94,1.36
3287,426.23,0.19907,0.245187,-0.948817,-0.27196,0.372429,-0.887319,-0.04,0.324,0.68,0.09,0.24,0.0,0.83,0.23,0.0,1.0,2.18,0.1,0.22,0.06,0.0,0.0,2.4,1.06,1.89
3288,426.27,0.104179,0.263726,-0.958955,-0.318561,0.352714,-0.879836,-0.116,0.323,0.63,0.09,0.33,0.0,0.92,0.19,0.0,1.09,2.17,0.08,0.12,0.07,0.0,0.0,2.36,1.0,1.89
3289,426.3,0.105364,0.2615,-0.959435,-0.32419,0.350128,-0.878813,-0.118,0.321,0.53,0.0,0.43,0.0,0.91,0.38,0.01,0.97,2.05,0.17,0.04,0.03,0.0,0.0,2.35,1.12,1.5
3290,426.33,0.017582,0.238153,-0.971068,-0.25068,0.287301,-0.924455,-0.122,0.27,0.63,0.0,0.44,0.0,0.71,0.33,0.01,0.67,1.84,0.13,0.04,0.03,0.0,0.0,2.31,1.31,0.98
3291,426.37,-0.036916,0.200055,-0.979089,-0.233496,0.267906,-0.934722,-0.14,0.24,0.48,0.0,0.56,0.0,0.48,0.24,0.01,0.4,1.58,0.34,0.0,0.0,0.0,0.0,2.25,1.43,0.39
3292,426.4,-0.056032,0.225166,-0.972708,-0.232939,0.276541,-0.932344,-0.151,0.258,0.46,0.08,0.56,0.0,0.23,0.05,0.0,0.15,1.3,0.45,0.0,0.02,0.0,0.0,2.02,1.55,0.04
3293,426.43,-0.10529,0.20178,-0.973755,-0.268733,0.312549,-0.911096,-0.196,0.266,0.36,0.11,0.45,0.0,0.1,0.0,0.0,0.09,1.11,0.58,0.0,0.18,0.0,0.16,1.6,1.76,0.13
3294,426.47,-0.045515,0.190648,-0.980603,-0.240542,0.324553,-0.914771,-0.15,0.265,0.67,0.21,0.25,0.0,0.0,0.06,0.0,0.0,0.92,0.37,0.0,0.43,0.0,0.18,1.28,2.02,0.14
3295,426.5,-0.041086,0.18494,-0.981891,-0.243712,0.322167,-0.914775,-0.149,0.261,0.77,0.13,0.1,0.0,0.0,0.06,0.0,0.05,0.87,0.21,0.09,0.74,0.0,0.2,1.16,2.22,0.17
3296,426.53,-0.072932,0.186106,-0.979819,-0.241859,0.317374,-0.91694,-0.164,0.259,0.84,0.1,0.17,0.0,0.0,0.06,0.0,0.09,0.79,0.05,0.17,0.98,0.03,0.03,1.17,2.06,0.07
3297,426.57,-0.063324,0.180764,-0.981486,-0.238186,0.328445,-0.913998,-0.158,0.262,0.8,0.16,0.25,0.0,0.01,0.0,0.02,0.18,0.8,0.05,0.36,1.12,0.1,0.01,1.33,1.95,0.04
3298,426.6,-0.074046,0.190607,-0.97887,-0.254975,0.338264,-0.90585,-0.173,0.274,0.77,0.16,0.41,0.0,0.02,0.0,0.02,0.34,0.73,0.03,0.4,1.1,0.23,0.0,1.42,1.72,0.0
3299,426.63,-0.091466,0.188398,-0.977824,-0.295944,0.341296,-0.892152,-0.204,0.276,0.7,0.21,0.42,0.07,0.03,0.0,0.02,0.44,0.69,0.18,0.42,0.95,0.22,0.02,1.69,1.73,0.0
3300,426.67,-0.106968,0.220322,-0.969544,-0.28193,0.352246,-0.892434,-0.206,0.298,0.54,0.06,0.39,0.1,0.02,0.0,0.0,0.47,0.63,0.3,0.3,0.82,0.18,0.1,1.64,1.73,0.0
3301,426.7,-0.107289,0.219693,-0.969652,-0.281892,0.351019,-0.892929,-0.206,0.297,0.45,0.06,0.3,0.1,0.02,0.0,0.0,0.33,0.65,0.49,0.23,0.84,0.05,0.2,1.68,1.86,0.0
3302,426.73,-0.107207,0.218736,-0.969877,-0.283566,0.345752,-0.894453,-0.207,0.294,0.38,0.01,0.43,0.02,0.01,0.0,0.05,0.3,0.74,0.44,0.13,0.6,0.05,0.17,1.89,1.74,0.06
3303,426.77,-0.151818,0.22261,-0.963014,-0.304048,0.328631,-0.894179,-0.241,0.289,0.26,0.13,0.5,0.0,0.0,0.0,0.05,0.23,0.76,0.38,0.16,0.33,0.01,0.09,2.21,1.7,0.07
3304,426.8,-0.152947,0.227944,-0.961587,-0.308681,0.337939,-0.889108,-0.244,0.297,0.26,0.27,0.46,0.0,0.0,0.0,0.05,0.17,0.69,0.4,0.09,0.0,0.03,0.06,2.07,1.62,0.07
3305,426.83,-0.16557,0.227589,-0.959578,-0.324099,0.335148,-0.884667,-0.26,0.296,0.22,0.35,0.29,0.0,0.0,0.0,0.0,0.06,0.63,0.44,0.09,0.0,0.06,0.23,1.59,1.74,0.01
3306,426.87,-0.186823,0.240095,-0.952602,-0.317292,0.33329,-0.887831,-0.267,0.302,0.25,0.32,0.21,0.0,0.0,0.0,0.0,0.0,0.63,0.61,0.0,0.0,0.06,0.43,1.1,1.79,0.0
3307,426.9,-0.191071,0.238724,-0.952104,-0.317489,0.329417,-0.889205,-0.269,0.299,0.21,0.19,0.21,0.0,0.0,0.0,0.0,0.0,0.66,0.6,0.0,0.0,0.04,0.56,1.09,1.76,0.04
3308,426.93,-0.191176,0.24334,-0.950914,-0.341033,0.339155,-0.876738,-0.283,0.309,0.24,0.21,0.27,0.0,0.0,0.0,0.0,0.0,0.63,0.62,0.0,0.0,0.02,0.53,1.35,1.65,0.04
3309,426.97,-0.185637,0.236737,-0.953674,-0.328422,0.322937,-0.88761,-0.272,0.295,0.19,0.15,0.29,0.0,0.0,0.0,0.0,0.0,0.61,0.51,0.0,0.0,0.02,0.39,1.64,1.44,0.04
3310,427.0,-0.201027,0.2414,-0.949376,-0.325588,0.313274,-0.892105,-0.279,0.293,0.11,0.15,0.23,0.0,0.04,0.0,0.0,0.0,0.75,0.64,0.0,0.0,0.03,0.23,1.86,1.23,0.0
3311,427.03,-0.188634,0.234891,-0.953543,-0.322885,0.307943,-0.89494,-0.27,0.286,0.0,0.2,0.15,0.0,0.12,0.0,0.0,0.0,0.93,0.83,0.0,0.0,0.01,0.09,1.8,0.99,0.0
3312,427.07,-0.187431,0.229272,-0.955146,-0.320021,0.307453,-0.896136,-0.268,0.282,0.0,0.22,0.08,0.0,0.23,0.0,0.0,0.0,1.12,1.13,0.0,0.0,0.04,0.08,1.66,0.84,0.0
3313,427.1,-0.189683,0.225702,-0.955552,-0.315876,0.301937,-0.899476,-0.266,0.277,0.0,0.22,0.14,0.0,0.27,0.0,0.0,0.0,1.17,1.19,0.0,0.0,0.11,0.12,1.57,0.79,0.0
3314,427.13,-0.178916,0.230378,-0.956512,-0.31977,0.293182,-0.900995,-0.262,0.275,0.0,0.06,0.16,0.0,0.34,0.0,0.0,0.04,1.24,1.19,0.0,0.0,0.19,0.12,1.36,0.55,0.11
3315,427.17,-0.090222,0.229594,-0.969096,-0.303276,0.303798,-0.903178,-0.207,0.278,0.04,0.13,0.24,0.0,0.36,0.0,0.0,0.1,1.27,1.1,0.0,0.0,0.16,0.09,1.23,0.33,0.13
3316,427.2,-0.087799,0.240077,-0.966775,-0.303366,0.310574,-0.90084,-0.206,0.287,0.06,0.23,0.34,0.0,0.47,0.0,0.0,0.1,1.31,1.04,0.0,0.0,0.14,0.02,1.02,0.08,0.25
3317,427.23,-0.046341,0.244244,-0.968606,-0.309738,0.324436,-0.893758,-0.189,0.296,0.17,0.26,0.45,0.0,0.45,0.0,0.0,0.06,1.29,0.94,0.0,0.0,0.11,0.02,1.09,0.09,0.68
3318,427.27,0.07173,0.266156,-0.961257,-0.325072,0.380108,-0.865936,-0.138,0.34,0.19,0.13,0.46,0.0,0.42,0.0,0.0,0.0,1.33,0.93,0.0,0.0,0.14,0.0,1.04,0.09,1.24
3319,427.3,0.071442,0.265555,-0.961445,-0.321842,0.376984,-0.868505,-0.136,0.338,0.17,0.03,0.35,0.0,0.3,0.0,0.0,0.0,1.35,0.97,0.0,0.0,0.17,0.0,1.13,0.21,1.65
3320,427.33,0.178439,0.276043,-0.944436,-0.365831,0.361778,-0.857487,-0.104,0.34,0.07,0.0,0.21,0.0,0.24,0.0,0.0,0.0,1.38,1.08,0.0,0.0,0.19,0.0,1.03,0.28,1.6
3321,427.37,0.187294,0.279081,-0.941825,-0.374101,0.360672,-0.854379,-0.104,0.342,0.0,0.0,0.15,0.0,0.13,0.0,0.0,0.0,1.31,1.23,0.0,0.0,0.16,0.24,0.94,0.31,1.01
3322,427.4,0.054881,0.171562,-0.983644,-0.2743,0.283729,-0.918835,-0.115,0.235,0.0,0.0,0.11,0.0,0.12,0.0,0.0,0.0,1.25,1.23,0.0,0.0,0.17,0.34,0.73,0.45,0.48
3323,427.43,0.064361,0.156758,-0.985538,-0.121433,0.192127,-0.973828,-0.029,0.176,0.0,0.0,0.07,0.0,0.12,0.0,0.0,0.03,1.16,1.16,0.0,0.03,0.27,0.39,0.57,0.49,0.0
3324,427.47,0.082572,0.166242,-0.982622,-0.118715,0.19089,-0.974406,-0.018,0.181,0.0,0.0,0.02,0.0,0.21,0.0,0.0,0.07,1.18,0.99,0.0,0.11,0.4,0.21,0.57,0.47,0.0
3325,427.5,0.082975,0.163953,-0.982972,-0.118548,0.191822,-0.974244,-0.018,0.18,0.0,0.0,0.0,0.0,0.25,0.0,0.0,0.18,1.14,0.92,0.0,0.19,0.35,0.19,0.56,0.34,0.0
3326,427.53,0.079349,0.175555,-0.981267,-0.102897,0.18839,-0.976689,-0.012,0.184,0.0,0.0,0.0,0.0,0.29,0.02,0.0,0.28,1.15,0.88,0.0,0.18,0.28,0.23,0.57,0.29,0.0
3327,427.57,0.094868,0.171161,-0.980665,-0.106088,0.194468,-0.975155,-0.006,0.185,0.0,0.0,0.0,0.0,0.37,0.2,0.0,0.44,1.16,0.77,0.0,0.25,0.32,0.2,0.53,0.5,0.47
3328,427.6,0.101408,0.221711,-0.969825,-0.244179,0.331574,-0.911282,-0.076,0.286,0.07,0.13,0.0,0.0,0.43,0.33,0.0,0.51,1.24,0.74,0.0,0.38,0.51,0.12,0.54,0.76,1.34
3329,427.63,0.236823,0.242208,-0.940877,-0.233145,0.339627,-0.911206,0.002,0.304,0.22,0.26,0.03,0.0,0.46,0.44,0.0,0.52,1.3,0.72,0.0,0.71,0.63,0.03,0.5,0.98,2.26
3330,427.67,0.273656,0.247567,-0.929421,-0.199011,0.30216,-0.932252,0.04,0.287,0.4,0.38,0.06,0.0,0.44,0.33,0.0,0.48,1.3,0.76,0.05,0.93,0.66,0.0,0.43,1.09,2.72
3331,427.7,0.274085,0.244912,-0.929998,-0.205548,0.307164,-0.929193,0.037,0.289,0.47,0.35,0.1,0.0,0.47,0.44,0.0,0.53,1.27,0.68,0.06,1.14,0.56,0.01,0.37,1.12,2.75
3332,427.73,0.296746,0.263469,-0.917892,-0.239056,0.335395,-0.911242,0.032,0.316,0.32,0.22,0.16,0.0,0.58,0.52,0.0,0.7,1.23,0.67,0.06,1.18,0.41,0.1,0.45,1.08,1.84
3333,427.77,0.143975,0.170673,-0.974752,-0.071321,0.240175,-0.968106,0.037,0.208,0.14,0.1,0.21,0.0,0.67,0.66,0.0,0.83,1.21,0.64,0.01,1.19,0.26,0.19,0.59,1.0,0.9
3334,427.8,0.146304,0.173885,-0.973837,-0.074982,0.245544,-0.966481,0.037,0.213,0.15,0.04,0.32,0.0,0.74,0.55,0.0,0.9,1.18,0.76,0.0,1.16,0.24,0.29,0.78,0.73,0.0
3335,427.83,0.150996,0.149164,-0.977216,-0.061392,0.185946,-0.98064,0.046,0.17,0.27,0.04,0.37,0.0,0.76,0.5,0.0,0.81,1.16,0.8,0.0,1.2,0.28,0.31,0.9,0.64,0.0
3336,427.87,0.149201,0.155146,-0.97656,-0.061583,0.189174,-0.980011,0.045,0.174,0.36,0.04,0.4,0.0,0.78,0.48,0.0,0.77,1.14,0.89,0.0,1.22,0.33,0.35,0.95,0.44,0.0
3337,427.9,0.149479,0.156944,-0.97623,-0.062565,0.189674,-0.979852,0.044,0.175,0.24,0.0,0.32,0.0,0.81,0.63,0.0,0.74,1.14,0.87,0.0,1.2,0.38,0.37,0.95,0.39,0.0
3338,427.93,0.150208,0.155774,-0.976305,-0.064177,0.190381,-0.97961,0.044,0.175,0.18,0.0,0.24,0.0,0.8,0.58,0.0,0.78,1.2,0.9,0.0,1.17,0.37,0.26,0.99,0.51,0.0
3339,427.97,0.137121,0.14912,-0.979266,-0.041803,0.19321,-0.980266,0.049,0.173,0.11,0.0,0.19,0.0,0.77,0.59,0.0,0.88,1.29,0.87,0.0,1.16,0.45,0.13,1.13,0.66,0.0
3340,428.0,0.132759,0.145624,-0.980392,-0.035997,0.186348,-0.981824,0.049,0.168,0.08,0.0,0.16,0.0,0.72,0.5,0.0,0.95,1.34,0.83,0.01,1.16,0.48,0.0,1.27,0.78,0.0
3341,428.03,0.130124,0.141723,-0.981317,-0.037556,0.190284,-0.98101,0.047,0.168,0.02,0.0,0.16,0.0,0.75,0.49,0.0,1.0,1.36,0.76,0.01,1.2,0.45,0.0,1.35,0.71,0.0
3342,428.07,0.128383,0.151818,-0.980035,-0.036518,0.201611,-0.978785,0.047,0.179,0.01,0.0,0.14,0.0,0.78,0.42,0.0,0.98,1.36,0.79,0.01,1.2,0.37,0.0,1.34,0.69,0.0
3343,428.1,0.129849,0.149924,-0.980134,-0.041168,0.203203,-0.978271,0.045,0.178,0.01,0.0,0.18,0.0,0.81,0.23,0.0,1.03,1.39,0.76,0.0,1.29,0.23,0.0,1.36,0.77,0.0
3344,428.13,0.140574,0.160671,-0.976946,-0.030863,0.204658,-0.978347,0.056,0.185,0.0,0.0,0.12,0.0,0.85,0.14,0.0,1.06,1.42,0.61,0.0,1.21,0.14,0.0,1.43,0.72,0.0
3345,428.17,0.140491,0.161678,-0.976792,-0.030958,0.22105,-0.974771,0.056,0.194,0.0,0.0,0.08,0.0,0.91,0.19,0.0,1.13,1.49,0.46,0.0,1.15,0.04,0.0,1.49,0.76,0.0
3346,428.2,0.138825,0.16775,-0.976006,-0.039066,0.227837,-0.972915,0.051,0.2,0.0,0.0,0.0,0.0,0.97,0.28,0.0,1.05,1.44,0.37,0.0,0.99,0.0,0.0,1.58,0.46,0.0
3347,428.23,0.145342,0.175674,-0.97366,-0.068952,0.215436,-0.97408,0.039,0.198,0.0,0.0,0.0,0.0,0.96,0.43,0.0,0.99,1.4,0.39,0.0,0.99,0.0,0.0,1.58,0.36,0.0
3348,428.27,0.144626,0.179913,-0.972993,-0.071467,0.213146,-0.974403,0.038,0.199,0.0,0.0,0.0,0.0,0.9,0.42,0.0,0.9,1.29,0.29,0.0,1.03,0.0,0.0,1.56,0.17,0.0
3349,428.3,0.139956,0.179848,-0.973687,-0.074917,0.216239,-0.973462,0.033,0.201,0.0,0.0,0.0,0.0,0.85,0.56,0.0,0.87,1.32,0.28,0.0,1.07,0.0,0.02,1.44,0.15,0.0
3350,428.33,0.134928,0.176548,-0.975,-0.066834,0.215491,-0.974216,0.035,0.198,0.0,0.0,0.0,0.0,0.87,0.61,0.0,0.88,1.32,0.21,0.0,1.05,0.0,0.02,1.43,0.17,0.0
3351,428.37,0.127331,0.176587,-0.976014,-0.067453,0.223612,-0.972341,0.031,0.203,0.0,0.0,0.0,0.0,0.89,0.61,0.0,0.9,1.33,0.19,0.0,0.93,0.01,0.02,1.46,0.22,0.0
3352,428.4,0.121376,0.180747,-0.976011,-0.085114,0.226782,-0.970219,0.019,0.206,0.0,0.0,0.0,0.0,0.92,0.52,0.0,0.99,1.32,0.13,0.0,0.86,0.01,0.0,1.56,0.33,0.0
3353,428.43,0.11994,0.17755,-0.976775,-0.086043,0.226035,-0.970312,0.017,0.204,0.0,0.0,0.0,0.0,0.88,0.61,0.0,0.99,1.35,0.14,0.0,0.85,0.01,0.0,1.59,0.32,0.0
3354,428.47,0.103303,0.175197,-0.979099,-0.094364,0.235241,-0.967345,0.005,0.208,0.0,0.0,0.0,0.0,0.88,0.72,0.0,1.05,1.35,0.17,0.0,0.88,0.0,0.0,1.58,0.25,0.0
3355,428.5,0.100559,0.173969,-0.979603,-0.096738,0.235801,-0.966974,0.002,0.207,0.0,0.0,0.0,0.0,0.88,0.85,0.0,1.01,1.34,0.19,0.0,0.91,0.01,0.0,1.52,0.22,0.0
3356,428.53,0.09968,0.174195,-0.979653,-0.096307,0.234194,-0.967408,0.002,0.207,0.0,0.0,0.02,0.0,0.89,0.88,0.0,1.03,1.35,0.21,0.0,0.81,0.04,0.0,1.48,0.27,0.0
3357,428.57,0.101591,0.172748,-0.979713,-0.094203,0.234635,-0.967508,0.004,0.206,0.0,0.0,0.02,0.0,0.87,0.9,0.0,0.99,1.34,0.27,0.0,0.76,0.05,0.0,1.49,0.35,0.0
3358,428.6,0.092208,0.173608,-0.980489,-0.09882,0.228156,-0.968597,-0.003,0.203,0.0,0.0,0.02,0.0,0.84,0.91,0.0,0.97,1.33,0.33,0.0,0.69,0.06,0.0,1.58,0.42,0.0
3359,428.63,0.083515,0.179947,-0.980125,-0.112181,0.225635,-0.967732,-0.015,0.205,0.0,0.0,0.0,0.0,0.83,0.92,0.0,0.92,1.3,0.41,0.01,0.71,0.06,0.0,1.69,0.39,0.0
3360,428.67,0.081421,0.178738,-0.980522,-0.113104,0.227497,-0.967188,-0.016,0.206,0.0,0.0,0.0,0.0,0.85,0.89,0.0,0.89,1.3,0.45,0.01,0.71,0.05,0.0,1.76,0.39,0.0
3361,428.7,0.081581,0.177395,-0.980753,-0.113943,0.228034,-0.966963,-0.017,0.205,0.0,0.0,0.0,0.0,0.84,0.91,0.0,0.93,1.33,0.49,0.01,0.7,0.09,0.0,1.75,0.37,0.0
3362,428.73,0.080198,0.181369,-0.98014,-0.124826,0.236512,-0.963577,-0.023,0.212,0.0,0.0,0.0,0.0,0.81,0.74,0.0,0.92,1.32,0.5,0.0,0.63,0.07,0.0,1.78,0.35,0.0
3363,428.77,0.06638,0.181863,-0.981081,-0.138086,0.226845,-0.964092,-0.037,0.207,0.0,0.0,0.0,0.0,0.83,0.8,0.0,0.94,1.38,0.56,0.0,0.65,0.07,0.0,1.74,0.38,0.0
3364,428.8,0.069136,0.175649,-0.982022,-0.160255,0.228554,-0.960251,-0.047,0.205,0.0,0.0,0.0,0.0,0.86,0.84,0.0,0.89,1.42,0.6,0.06,0.7,0.01,0.0,1.73,0.4,0.0
3365,428.83,0.066948,0.173782,-0.982506,-0.158464,0.229949,-0.960215,-0.047,0.205,0.0,0.0,0.0,0.0,0.9,0.91,0.0,0.93,1.47,0.61,0.11,0.7,0.0,0.0,1.74,0.38,0.0
3366,428.87,0.057225,0.165623,-0.984527,-0.178104,0.220543,-0.958979,-0.062,0.196,0.0,0.0,0.0,0.0,0.88,0.86,0.0,0.91,1.45,0.59,0.16,0.65,0.0,0.0,1.83,0.32,0.0
3367,428.9,0.054536,0.163741,-0.984995,-0.176084,0.221348,-0.959166,-0.062,0.196,0.0,0.0,0.0,0.0,0.87,0.76,0.0,0.95,1.45,0.59,0.16,0.57,0.0,0.0,1.9,0.24,0.0
3368,428.93,0.055594,0.163286,-0.985011,-0.177729,0.219667,-0.959249,-0.063,0.194,0.0,0.0,0.0,0.0,0.84,0.74,0.0,0.92,1.46,0.63,0.12,0.62,0.0,0.0,1.88,0.23,0.0
3369,428.97,0.056485,0.167855,-0.984192,-0.176755,0.221549,-0.958996,-0.062,0.198,0.0,0.0,0.0,0.0,0.86,0.74,0.0,0.95,1.49,0.71,0.07,0.63,0.0,0.0,1.87,0.25,0.0
3370,429.0,0.049283,0.174795,-0.983371,-0.18731,0.227995,-0.955475,-0.071,0.205,0.0,0.0,0.0,0.0,0.87,0.66,0.01,0.93,1.54,0.65,0.01,0.55,0.0,0.0,1.87,0.17,0.0
3371,429.03,0.052994,0.176252,-0.982917,-0.173869,0.224098,-0.958932,-0.062,0.203,0.0,0.0,0.0,0.0,0.88,0.58,0.01,0.89,1.56,0.67,0.01,0.51,0.0,0.0,1.85,0.19,0.0
3372,429.07,0.052224,0.179932,-0.982292,-0.174723,0.226379,-0.95824,-0.063,0.206,0.0,0.0,0.0,0.0,0.85,0.49,0.01,0.83,1.6,0.58,0.0,0.43,0.02,0.0,1.76,0.1,0.0
3373,429.1,0.052948,0.177898,-0.982624,-0.177142,0.227337,-0.957569,-0.064,0.206,0.0,0.0,0.0,0.0,0.8,0.42,0.0,0.84,1.65,0.65,0.0,0.4,0.02,0.0,1.77,0.13,0.0
3374,429.13,0.042799,0.185617,-0.98169,-0.170473,0.223388,-0.959706,-0.066,0.208,0.0,0.0,0.0,0.0,0.8,0.34,0.0,0.93,1.75,0.64,0.0,0.3,0.02,0.0,1.62,0.11,0.0
3375,429.17,0.036412,0.20476,-0.978135,-0.174384,0.231658,-0.95704,-0.071,0.222,0.0,0.0,0.0,0.0,0.83,0.36,0.0,0.99,1.83,0.64,0.0,0.29,0.0,0.0,1.65,0.14,0.0
3376,429.2,0.024411,0.190235,-0.981435,-0.223012,0.228324,-0.947699,-0.103,0.214,0.0,0.0,0.02,0.0,0.9,0.41,0.05,1.13,1.88,0.56,0.0,0.36,0.0,0.0,1.56,0.11,0.0
3377,429.23,0.035486,0.195078,-0.980146,-0.199903,0.220406,-0.954704,-0.085,0.212,0.0,0.0,0.06,0.0,0.9,0.39,0.06,1.18,1.89,0.55,0.03,0.34,0.0,0.0,1.71,0.04,0.0
3378,429.27,0.032591,0.19902,-0.979453,-0.189492,0.223652,-0.956072,-0.081,0.215,0.0,0.0,0.09,0.0,0.86,0.27,0.07,1.23,1.89,0.59,0.04,0.33,0.01,0.0,1.71,0.0,0.0
3379,429.3,0.030555,0.200824,-0.979151,-0.189272,0.223615,-0.956124,-0.082,0.216,0.0,0.0,0.07,0.0,0.82,0.15,0.06,1.15,1.89,0.64,0.04,0.29,0.01,0.0,1.7,0.0,0.0
3380,429.33,0.034181,0.201095,-0.978975,-0.191372,0.227245,-0.954849,-0.081,0.218,0.0,0.0,0.05,0.0,0.8,0.11,0.1,1.14,1.9,0.57,0.01,0.3,0.01,0.0,1.62,0.0,0.0
3381,429.37,0.038572,0.214435,-0.975976,-0.191145,0.234845,-0.953054,-0.079,0.229,0.0,0.0,0.02,0.0,0.84,0.15,0.16,1.11,1.91,0.44,0.0,0.28,0.0,0.0,1.62,0.01,0.0
3382,429.4,0.055212,0.209871,-0.976169,-0.191778,0.244571,-0.950477,-0.071,0.232,0.0,0.0,0.02,0.0,0.88,0.33,0.18,1.1,1.95,0.32,0.0,0.18,0.0,0.0,1.63,0.01,0.0
3383,429.43,0.063465,0.215542,-0.97443,-0.170908,0.238995,-0.955862,-0.056,0.231,0.0,0.0,0.0,0.0,0.97,0.47,0.12,1.12,2.03,0.3,0.0,0.1,0.0,0.0,1.76,0.01,0.0
3384,429.47,0.061834,0.212602,-0.975181,-0.156253,0.242397,-0.957512,-0.049,0.231,0.0,0.0,0.0,0.0,1.02,0.39,0.06,1.16,2.08,0.29,0.0,0.0,0.0,0.0,1.85,0.0,0.0
3385,429.5,0.06188,0.210838,-0.97556,-0.155802,0.243668,-0.957263,-0.049,0.231,0.0,0.0,0.0,0.0,1.05,0.3,0.06,1.03,2.16,0.27,0.0,0.0,0.0,0.0,1.91,0.0,0.0
3386,429.53,0.06943,0.220292,-0.97296,-0.158688,0.266621,-0.950648,-0.046,0.248,0.0,0.0,0.0,0.0,1.08,0.32,0.1,0.94,2.18,0.18,0.0,0.0,0.0,0.0,1.93,0.0,0.0
3387,429.57,0.063826,0.195774,-0.97857,-0.152165,0.224166,-0.962598,-0.045,0.213,0.0,0.0,0.0,0.0,1.08,0.43,0.11,0.83,2.25,0.15,0.0,0.0,0.0,0.0,2.02,0.0,0.0
3388,429.6,0.067617,0.196648,-0.97814,-0.144085,0.216141,-0.965672,-0.039,0.209,0.0,0.0,0.0,0.0,1.15,0.51,0.08,0.89,2.28,0.07,0.0,0.0,0.0,0.0,2.18,0.0,0.0
3389,429.63,0.084091,0.202413,-0.975683,-0.153727,0.218684,-0.963611,-0.036,0.214,0.0,0.0,0.02,0.0,1.24,0.62,0.09,0.95,2.33,0.18,0.0,0.0,0.0,0.0,2.32,0.04,0.0
3390,429.67,0.093842,0.198518,-0.975594,-0.154457,0.213829,-0.964583,-0.031,0.209,0.0,0.0,0.03,0.0,1.36,0.62,0.09,1.07,2.37,0.24,0.0,0.0,0.0,0.0,2.38,0.15,0.0
3391,429.7,0.093529,0.200865,-0.975144,-0.153953,0.215386,-0.964317,-0.031,0.211,0.0,0.0,0.08,0.0,1.43,0.76,0.13,1.15,2.42,0.28,0.0,0.0,0.0,0.0,2.4,0.15,0.0
3392,429.73,0.093526,0.205129,-0.974256,-0.139435,0.216406,-0.966295,-0.024,0.214,0.0,0.0,0.14,0.0,1.49,0.84,0.12,1.13,2.4,0.18,0.02,0.0,0.0,0.0,2.43,0.11,0.0
3393,429.77,0.110219,0.21057,-0.971345,-0.148102,0.216082,-0.965077,-0.02,0.217,0.0,0.0,0.17,0.0,1.55,0.99,0.09,1.09,2.44,0.18,0.02,0.0,0.0,0.0,2.45,0.0,0.0
3394,429.8,0.114986,0.193398,-0.974359,-0.06475,0.190748,-0.979501,0.026,0.194,0.0,0.0,0.12,0.0,1.6,1.02,0.04,1.12,2.44,0.24,0.02,0.0,0.0,0.0,2.43,0.01,0.0
3395,429.83,0.120844,0.186295,-0.975034,-0.056307,0.189865,-0.980194,0.033,0.19,0.0,0.0,0.04,0.0,1.61,0.98,0.0,1.2,2.45,0.22,0.0,0.0,0.0,0.0,2.36,0.01,0.0
3396,429.87,0.116165,0.186735,-0.975518,-0.05844,0.192558,-0.979544,0.03,0.192,0.0,0.0,0.0,0.0,1.61,1.08,0.0,1.29,2.43,0.13,0.0,0.0,0.0,0.0,2.37,0.01,0.0
3397,429.9,0.115032,0.185382,-0.97591,-0.060104,0.18863,-0.980207,0.028,0.189,0.0,0.0,0.0,0.0,1.58,0.91,0.03,1.33,2.4,0.06,0.09,0.0,0.0,0.0,2.38,0.0,0.0
3398,429.93,0.115631,0.176081,-0.977561,-0.061282,0.184937,-0.980838,0.028,0.182,0.0,0.0,0.0,0.0,1.61,0.89,0.04,1.33,2.43,0.1,0.21,0.0,0.0,0.0,2.41,0.0,0.0
3399,429.97,0.119248,0.178254,-0.976732,-0.06146,0.186243,-0.980579,0.03,0.184,0.0,0.0,0.02,0.0,1.6,0.82,0.04,1.32,2.42,0.09,0.32,0.01,0.0,0.0,2.33,0.0,0.0
3400,430.0,0.115545,0.182436,-0.976405,-0.062343,0.189593,-0.979881,0.027,0.188,0.0,0.0,0.02,0.0,1.61,0.89,0.03,1.34,2.44,0.08,0.3,0.04,0.0,0.0,2.34,0.0,0.0
3401,430.03,0.096958,0.179625,-0.978945,-0.079303,0.18375,-0.979769,0.009,0.183,0.0,0.0,0.02,0.0,1.64,0.95,0.06,1.42,2.46,0.05,0.23,0.04,0.0,0.0,2.29,0.0,0.0
3402,430.07,0.097421,0.182013,-0.978458,-0.102393,0.168356,-0.980394,-0.003,0.177,0.0,0.0,0.0,0.0,1.67,0.94,0.1,1.49,2.48,0.09,0.16,0.03,0.0,0.0,2.36,0.0,0.0
3403,430.1,0.096334,0.1856,-0.977892,-0.101133,0.170729,-0.980114,-0.002,0.18,0.0,0.0,0.0,0.0,1.68,0.97,0.17,1.6,2.47,0.12,0.09,0.0,0.0,0.0,2.29,0.0,0.0
3404,430.13,0.080488,0.179496,-0.98046,-0.107185,0.166376,-0.980219,-0.014,0.175,0.0,0.0,0.0,0.0,1.66,0.94,0.21,1.62,2.48,0.1,0.1,0.0,0.0,0.0,2.29,0.0,0.0
3405,430.17,0.05587,0.175291,-0.98293,-0.109846,0.155695,-0.981679,-0.027,0.167,0.0,0.0,0.0,0.0,1.65,0.98,0.18,1.62,2.46,0.05,0.1,0.0,0.0,0.0,2.28,0.0,0.0
3406,430.2,0.055061,0.174038,-0.983198,-0.10502,0.155627,-0.982217,-0.025,0.166,0.0,0.0,0.01,0.0,1.71,1.14,0.22,1.61,2.51,0.09,0.11,0.0,0.0,0.0,2.29,0.0,0.0
3407,430.23,0.05358,0.186675,-0.98096,-0.112053,0.156814,-0.981251,-0.03,0.173,0.0,0.0,0.03,0.0,1.7,1.19,0.23,1.58,2.49,0.19,0.06,0.0,0.0,0.0,2.17,0.0,0.0
3408,430.27,0.079759,0.188611,-0.978808,-0.194935,0.242105,-0.950466,-0.06,0.22,0.0,0.0,0.05,0.0,1.67,1.2,0.28,1.55,2.52,0.25,0.01,0.0,0.0,0.0,2.06,0.0,0.0
3409,430.3,0.080445,0.188041,-0.978861,-0.19638,0.238492,-0.951082,-0.06,0.218,0.0,0.0,0.04,0.0,1.57,1.05,0.29,1.45,2.55,0.23,0.0,0.0,0.0,0.0,1.95,0.0,0.57
3410,430.33,0.229123,0.290026,-0.929186,-0.376467,0.263258,-0.888239,-0.081,0.296,0.0,0.0,0.02,0.0,1.52,0.96,0.34,1.44,2.57,0.19,0.0,0.0,0.0,0.0,1.98,0.0,1.29
3411,430.37,0.202878,0.277433,-0.93908,-0.320207,0.282466,-0.904257,-0.064,0.295,0.0,0.0,0.0,0.0,1.47,0.88,0.4,1.46,2.57,0.16,0.02,0.0,0.0,0.0,2.0,0.0,2.03
3412,430.4,0.197418,0.278467,-0.939937,-0.336485,0.287161,-0.896837,-0.076,0.299,0.0,0.0,0.02,0.0,1.47,0.9,0.32,1.49,2.53,0.25,0.04,0.0,0.0,0.0,1.97,0.0,1.5
3413,430.43,0.077978,0.241251,-0.967325,-0.196337,0.250053,-0.948117,-0.062,0.251,0.0,0.0,0.08,0.0,1.46,0.97,0.26,1.58,2.53,0.4,0.11,0.0,0.0,0.0,1.93,0.0,0.8
3414,430.47,0.085552,0.250899,-0.964225,-0.172962,0.251028,-0.952402,-0.046,0.256,0.0,0.0,0.08,0.0,1.5,0.86,0.19,1.56,2.53,0.59,0.15,0.0,0.0,0.0,1.86,0.0,0.08
3415,430.5,0.085851,0.246248,-0.965397,-0.180549,0.251954,-0.950748,-0.049,0.254,0.0,0.0,0.14,0.0,1.49,0.84,0.16,1.65,2.47,0.62,0.2,0.0,0.0,0.0,1.91,0.0,0.15
3416,430.53,0.084219,0.253435,-0.963679,-0.165947,0.253208,-0.953073,-0.043,0.258,0.0,0.0,0.08,0.0,1.47,0.86,0.09,1.57,2.41,0.64,0.19,0.0,0.0,0.0,1.95,0.01,0.23
3417,430.57,0.086646,0.270532,-0.958804,-0.174116,0.259271,-0.94998,-0.046,0.271,0.0,0.0,0.07,0.0,1.41,1.03,0.02,1.52,2.38,0.67,0.24,0.01,0.0,0.0,1.95,0.01,0.32
3418,430.6,0.077728,0.26881,-0.960052,-0.177822,0.258622,-0.949471,-0.052,0.269,0.0,0.0,0.09,0.0,1.38,1.04,0.0,1.35,2.38,0.74,0.17,0.04,0.0,0.0,1.9,0.05,0.36
3419,430.63,0.075879,0.267404,-0.960592,-0.182883,0.26751,-0.94604,-0.056,0.274,0.0,0.0,0.11,0.0,1.39,1.14,0.0,1.32,2.4,0.79,0.2,0.16,0.0,0.0,1.87,0.11,0.47
3420,430.67,0.075802,0.253733,-0.964299,-0.196954,0.293631,-0.935409,-0.064,0.281,0.0,0.0,0.13,0.0,1.4,1.21,0.0,1.39,2.4,0.81,0.19,0.21,0.0,0.0,1.87,0.11,0.63
3421,430.7,0.074201,0.249936,-0.965415,-0.198216,0.286492,-0.937354,-0.065,0.275,0.0,0.0,0.06,0.0,1.43,1.34,0.0,1.46,2.45,0.79,0.29,0.17,0.0,0.0,1.92,0.14,0.75
3422,430.73,0.07436,0.247893,-0.965929,-0.197953,0.287794,-0.937011,-0.065,0.274,0.21,0.0,0.04,0.0,1.34,0.99,0.0,1.38,2.45,0.74,0.22,0.15,0.06,0.0,1.93,0.2,1.48
3423,430.77,0.154555,0.366703,-0.91741,-0.348873,0.378066,-0.857527,-0.109,0.397,0.45,0.0,0.02,0.0,1.25,0.71,0.0,1.24,2.45,0.63,0.24,0.2,0.12,0.0,1.94,0.34,2.17
3424,430.8,0.152516,0.359382,-0.920643,-0.354227,0.363749,-0.861516,-0.113,0.385,0.45,0.0,0.11,0.0,1.3,0.77,0.0,1.2,2.46,0.68,0.2,0.35,0.13,0.0,1.94,0.42,2.4
3425,430.83,0.109878,0.262762,-0.958584,-0.227707,0.271866,-0.935007,-0.062,0.275,0.24,0.0,0.13,0.0,1.39,1.1,0.0,1.25,2.44,0.74,0.32,0.35,0.07,0.0,1.96,0.4,1.56
3426,430.87,0.09452,0.238156,-0.966617,-0.194343,0.28081,-0.939881,-0.052,0.266,0.0,0.0,0.15,0.0,1.51,1.34,0.0,1.29,2.41,0.82,0.3,0.37,0.01,0.0,1.97,0.27,0.76
3427,430.9,0.093137,0.236499,-0.967158,-0.196012,0.278013,-0.940366,-0.054,0.263,0.0,0.0,0.05,0.0,1.48,1.27,0.0,1.28,2.38,0.84,0.32,0.31,0.0,0.0,1.96,0.19,0.31
3428,430.93,0.088178,0.229453,-0.969317,-0.196853,0.262716,-0.944579,-0.057,0.252,0.0,0.0,0.03,0.0,1.51,1.27,0.0,1.36,2.39,0.88,0.28,0.37,0.0,0.0,1.97,0.13,0.19
3429,430.97,0.101143,0.228498,-0.968276,-0.215838,0.272053,-0.937764,-0.06,0.257,0.0,0.0,0.01,0.0,1.54,1.34,0.0,1.46,2.39,0.91,0.28,0.36,0.0,0.0,2.03,0.15,0.06
3430,431.0,0.10013,0.227551,-0.968604,-0.216659,0.272518,-0.937439,-0.061,0.257,0.0,0.0,0.0,0.0,1.54,1.32,0.0,1.45,2.34,1.0,0.27,0.38,0.0,0.0,1.99,0.17,0.03
3431,431.03,0.107757,0.229104,-0.967419,-0.202797,0.272749,-0.940469,-0.05,0.257,0.0,0.0,0.0,0.0,1.56,1.31,0.0,1.4,2.31,0.98,0.25,0.31,0.0,0.0,1.91,0.13,0.03
3432,431.07,0.105758,0.238961,-0.965253,-0.187059,0.276499,-0.942633,-0.043,0.264,0.0,0.0,0.05,0.0,1.53,1.33,0.0,1.37,2.28,1.04,0.2,0.24,0.0,0.0,1.8,0.16,0.1
3433,431.1,0.104144,0.235338,-0.966318,-0.187049,0.274488,-0.943223,-0.043,0.261,0.04,0.0,0.07,0.0,1.56,1.46,0.0,1.41,2.27,0.95,0.22,0.24,0.01,0.0,1.81,0.1,0.1
3434,431.13,0.120613,0.23816,-0.963708,-0.193174,0.271365,-0.942892,-0.038,0.261,0.14,0.0,0.13,0.0,1.49,1.57,0.0,1.44,2.27,0.99,0.32,0.27,0.01,0.0,1.8,0.14,0.1
3435,431.17,0.121681,0.236463,-0.963991,-0.197054,0.285156,-0.938006,-0.04,0.268,0.14,0.0,0.09,0.0,1.49,1.55,0.0,1.48,2.27,0.98,0.39,0.36,0.01,0.0,1.86,0.19,0.0
3436,431.2,0.126099,0.232187,-0.964463,-0.197358,0.281096,-0.939167,-0.037,0.263,0.14,0.0,0.21,0.0,1.47,1.52,0.0,1.46,2.27,1.05,0.42,0.35,0.07,0.0,1.84,0.28,0.01
3437,431.23,0.130008,0.23636,-0.962929,-0.19658,0.329879,-0.923329,-0.035,0.292,0.04,0.0,0.19,0.0,1.45,1.34,0.0,1.47,2.29,1.05,0.32,0.36,0.2,0.0,1.88,0.29,0.03
3438,431.27,0.128917,0.233091,-0.963872,-0.189485,0.32553,-0.926351,-0.032,0.287,0.04,0.0,0.3,0.0,1.42,1.25,0.0,1.43,2.31,1.09,0.35,0.3,0.25,0.0,1.87,0.24,0.04
3439,431.3,0.126457,0.230561,-0.964806,-0.186863,0.324304,-0.927313,-0.032,0.285,0.0,0.0,0.28,0.0,1.41,1.09,0.0,1.45,2.32,0.96,0.3,0.32,0.22,0.0,1.83,0.15,0.04
3440,431.33,0.139298,0.232161,-0.962651,-0.183939,0.322461,-0.92854,-0.024,0.285,0.02,0.0,0.33,0.0,1.44,1.08,0.0,1.45,2.29,0.83,0.32,0.3,0.14,0.0,1.76,0.09,0.02
3441,431.37,0.142465,0.225222,-0.963835,-0.166372,0.320126,-0.932652,-0.013,0.28,0.03,0.0,0.33,0.0,1.45,1.11,0.0,1.43,2.23,0.72,0.3,0.28,0.16,0.0,1.68,0.05,0.05
3442,431.4,0.132657,0.232347,-0.963544,-0.168775,0.327982,-0.929485,-0.019,0.288,0.04,0.0,0.3,0.0,1.39,1.09,0.0,1.41,2.21,0.74,0.28,0.18,0.12,0.0,1.68,0.03,0.08
3443,431.43,0.129349,0.233165,-0.963796,-0.150168,0.324082,-0.934034,-0.011,0.286,0.02,0.0,0.28,0.0,1.33,1.2,0.0,1.36,2.23,0.73,0.22,0.13,0.07,0.0,1.57,0.07,0.09
3444,431.47,0.14021,0.242246,-0.96003,-0.148295,0.337219,-0.929673,-0.004,0.298,0.02,0.0,0.28,0.0,1.32,1.32,0.0,1.34,2.24,0.72,0.14,0.13,0.0,0.0,1.47,0.11,0.06
3445,431.5,0.138677,0.239861,-0.960851,-0.148405,0.336072,-0.930071,-0.005,0.296,0.04,0.0,0.31,0.0,1.34,1.4,0.0,1.27,2.2,0.74,0.12,0.19,0.0,0.0,1.41,0.17,0.02
3446,431.53,0.158184,0.246823,-0.956063,-0.147212,0.345102,-0.926948,0.006,0.305,0.08,0.0,0.3,0.0,1.34,1.36,0.0,1.24,2.11,0.74,0.08,0.27,0.0,0.0,1.45,0.14,0.06
3447,431.57,0.166058,0.246422,-0.95483,-0.150726,0.345005,-0.92642,0.008,0.305,0.17,0.0,0.31,0.0,1.29,1.28,0.0,1.24,2.06,0.71,0.09,0.28,0.0,0.0,1.45,0.09,0.12
3448,431.6,0.161875,0.243555,-0.956283,-0.150348,0.338465,-0.92889,0.006,0.299,0.16,0.0,0.29,0.0,1.26,1.23,0.0,1.24,2.04,0.58,0.07,0.28,0.0,0.0,1.34,0.03,0.19
3449,431.63,0.175465,0.248136,-0.952702,-0.143471,0.341258,-0.928956,0.017,0.304,0.15,0.0,0.38,0.0,1.26,1.21,0.0,1.24,2.05,0.56,0.05,0.24,0.0,0.0,1.27,0.02,0.28
3450,431.67,0.192486,0.250157,-0.948879,-0.139747,0.349944,-0.926288,0.028,0.31,0.1,0.02,0.4,0.0,1.24,1.18,0.0,1.17,2.05,0.54,0.04,0.22,0.0,0.0,1.23,0.0,0.37
3451,431.7,0.192114,0.252227,-0.948406,-0.139038,0.348398,-0.926977,0.028,0.31,0.16,0.05,0.44,0.0,1.23,1.14,0.0,1.15,2.09,0.58,0.04,0.24,0.0,0.0,1.22,0.0,0.34
3452,431.73,0.198366,0.253506,-0.946776,-0.123522,0.304735,-0.944393,0.04,0.287,0.13,0.05,0.45,0.0,1.22,1.16,0.0,1.11,2.13,0.6,0.08,0.3,0.0,0.0,1.16,0.05,0.24
3453,431.77,0.182237,0.244618,-0.95234,-0.132471,0.339687,-0.931163,0.026,0.301,0.12,0.03,0.46,0.0,1.24,1.16,0.0,1.11,2.15,0.56,0.05,0.4,0.0,0.0,1.13,0.1,0.1
3454,431.8,0.181779,0.244305,-0.952508,-0.131623,0.34198,-0.930444,0.027,0.302,0.03,0.0,0.47,0.0,1.26,1.25,0.0,1.11,2.14,0.57,0.03,0.45,0.0,0.0,1.15,0.1,0.08
3455,431.83,0.175296,0.242275,-0.95424,-0.13792,0.344042,-0.92877,0.02,0.302,0.03,0.08,0.42,0.0,1.24,1.14,0.0,1.13,2.13,0.53,0.0,0.39,0.0,0.0,1.16,0.05,0.07
3456,431.87,0.154088,0.234673,-0.959784,-0.129776,0.34321,-0.93025,0.013,0.297,0.03,0.19,0.42,0.0,1.22,1.04,0.0,1.11,2.14,0.59,0.0,0.33,0.0,0.0,1.13,0.0,0.08
3457,431.9,0.155759,0.236226,-0.959133,-0.127156,0.344899,-0.929987,0.015,0.298,0.07,0.19,0.36,0.0,1.25,1.0,0.0,1.15,2.16,0.66,0.0,0.22,0.0,0.0,1.14,0.0,0.08
3458,431.93,0.176956,0.237387,-0.955162,-0.125652,0.342967,-0.930905,0.027,0.299,0.07,0.12,0.34,0.0,1.25,1.07,0.0,1.17,2.18,0.77,0.0,0.17,0.0,0.0,1.25,0.0,0.11
3459,431.97,0.179528,0.233001,-0.955762,-0.114896,0.344325,-0.931794,0.034,0.297,0.04,0.01,0.2,0.0,1.29,0.95,0.0,1.24,2.22,0.83,0.0,0.08,0.0,0.0,1.37,0.0,0.16
3460,432.0,0.183094,0.235723,-0.954417,-0.11957,0.339615,-0.932933,0.034,0.296,0.01,0.01,0.09,0.0,1.29,0.79,0.0,1.24,2.24,0.85,0.0,0.03,0.0,0.0,1.43,0.0,0.22
3461,432.03,0.183195,0.236516,-0.954201,-0.119594,0.342382,-0.931918,0.034,0.298,0.03,0.0,0.0,0.0,1.29,0.66,0.0,1.26,2.27,0.78,0.0,0.0,0.0,0.0,1.46,0.0,0.15
3462,432.07,0.183271,0.233823,-0.95485,-0.127611,0.346092,-0.929482,0.03,0.299,0.06,0.0,0.0,0.0,1.29,0.77,0.0,1.22,2.26,0.71,0.0,0.0,0.0,0.0,1.51,0.0,0.06
3463,432.1,0.182998,0.233324,-0.955024,-0.125948,0.342462,-0.931052,0.03,0.296,0.06,0.0,0.0,0.0,1.28,0.78,0.0,1.28,2.26,0.65,0.0,0.0,0.0,0.0,1.55,0.0,0.09
3464,432.13,0.179602,0.24013,-0.953981,-0.12359,0.345036,-0.930417,0.03,0.301,0.04,0.0,0.0,0.0,1.3,0.76,0.0,1.28,2.25,0.66,0.0,0.0,0.0,0.0,1.63,0.0,0.09
3465,432.17,0.192202,0.258411,-0.946722,-0.109873,0.339863,-0.934035,0.044,0.308,0.0,0.0,0.0,0.0,1.33,0.76,0.0,1.28,2.26,0.63,0.0,0.0,0.0,0.0,1.61,0.09,0.16
3466,432.2,0.176897,0.233288,-0.956182,-0.12317,0.338378,-0.932915,0.028,0.294,0.0,0.0,0.0,0.0,1.33,0.79,0.0,1.16,2.23,0.55,0.0,0.0,0.0,0.0,1.64,0.09,0.18
3467,432.23,0.17027,0.249395,-0.953315,-0.119548,0.305872,-0.944537,0.027,0.285,0.0,0.0,0.0,0.0,1.31,0.88,0.0,1.09,2.21,0.39,0.0,0.0,0.0,0.0,1.6,0.08,0.26
3468,432.27,0.17821,0.240525,-0.954143,-0.139526,0.315974,-0.938452,0.02,0.286,0.0,0.0,0.0,0.0,1.29,0.9,0.0,1.06,2.19,0.26,0.0,0.0,0.0,0.0,1.63,0.0,0.3
3469,432.3,0.17695,0.236993,-0.955261,-0.138638,0.304089,-0.942502,0.02,0.278,0.0,0.0,0.0,0.0,1.28,0.88,0.0,1.07,2.19,0.23,0.0,0.0,0.0,0.0,1.66,0.0,0.3
3470,432.33,0.184107,0.256952,-0.948726,-0.145243,0.358496,-0.922163,0.021,0.318,0.0,0.0,0.0,0.0,1.3,0.7,0.0,1.13,2.18,0.28,0.0,0.0,0.0,0.0,1.71,0.0,0.32
3471,432.37,0.192119,0.277014,-0.941464,-0.147494,0.347221,-0.926112,0.024,0.323,0.0,0.0,0.0,0.0,1.32,0.65,0.0,1.19,2.18,0.37,0.0,0.0,0.0,0.0,1.77,0.0,0.34
3472,432.4,0.173326,0.263025,-0.949092,-0.144927,0.319414,-0.936467,0.015,0.3,0.0,0.0,0.0,0.0,1.31,0.67,0.0,1.2,2.17,0.44,0.0,0.0,0.0,0.0,1.84,0.0,0.41
3473,432.43,0.174605,0.261601,-0.949251,-0.151815,0.319287,-0.935419,0.012,0.299,0.0,0.0,0.0,0.0,1.31,0.73,0.0,1.18,2.14,0.48,0.0,0.0,0.0,0.0,1.87,0.0,0.41
3474,432.47,0.18342,0.265704,-0.946445,-0.155882,0.35918,-0.920158,0.015,0.323,0.0,0.0,0.0,0.0,1.29,0.64,0.0,1.14,2.11,0.47,0.0,0.0,0.0,0.0,1.87,0.0,0.33
3475,432.5,0.186286,0.271383,-0.944271,-0.154615,0.361915,-0.9193,0.017,0.328,0.0,0.0,0.0,0.0,1.31,0.72,0.0,1.12,2.12,0.47,0.0,0.0,0.0,0.0,1.78,0.0,0.21
3476,432.53,0.174896,0.273914,-0.945718,-0.151862,0.36571,-0.918256,0.012,0.331,0.0,0.0,0.0,0.0,1.33,0.82,0.0,1.14,2.15,0.51,0.0,0.0,0.0,0.0,1.73,0.0,0.19
3477,432.57,0.158227,0.269007,-0.950052,-0.150093,0.368369,-0.917484,0.004,0.329,0.0,0.0,0.01,0.0,1.32,1.1,0.0,1.07,2.17,0.54,0.0,0.03,0.0,0.0,1.62,0.0,0.33
3478,432.6,0.157296,0.269812,-0.949979,-0.165121,0.38259,-0.909043,-0.004,0.338,0.24,0.09,0.01,0.0,1.16,1.05,0.0,0.96,2.22,0.58,0.0,0.03,0.0,0.0,1.58,0.0,1.05
3479,432.63,0.331447,0.276462,-0.90206,-0.25149,0.432483,-0.865859,0.045,0.381,0.48,0.19,0.01,0.0,1.0,1.0,0.0,0.8,2.25,0.54,0.0,0.05,0.01,0.0,1.51,0.0,1.75
3480,432.67,0.335622,0.277464,-0.900207,-0.256237,0.433389,-0.864012,0.045,0.383,0.73,0.32,0.0,0.0,0.9,0.82,0.0,0.77,2.31,0.56,0.0,0.03,0.01,0.0,1.49,0.0,2.39
3481,432.7,0.333047,0.281442,-0.899928,-0.25554,0.433942,-0.86394,0.044,0.385,0.7,0.43,0.0,0.0,0.91,0.76,0.0,0.89,2.32,0.4,0.0,0.02,0.0,0.0,1.46,0.0,2.4
3482,432.73,0.274233,0.308918,-0.910695,-0.248609,0.412462,-0.876395,0.014,0.384,0.46,0.45,0.04,0.0,0.96,0.89,0.0,1.08,2.26,0.41,0.0,0.01,0.0,0.0,1.41,0.0,2.03
3483,432.77,0.188401,0.258087,-0.947574,-0.182243,0.39196,-0.901751,0.003,0.338,0.21,0.42,0.04,0.0,0.98,0.95,0.0,1.28,2.2,0.4,0.0,0.02,0.0,0.0,1.31,0.0,1.42
3484,432.8,0.169381,0.264542,-0.949383,-0.127459,0.321453,-0.938308,0.022,0.301,0.0,0.23,0.08,0.0,0.99,0.84,0.0,1.4,2.13,0.48,0.0,0.08,0.0,0.0,1.22,0.0,0.68
3485,432.83,0.137741,0.239275,-0.961132,-0.115133,0.34186,-0.932671,0.012,0.298,0.0,0.1,0.12,0.0,0.94,0.58,0.0,1.4,2.1,0.55,0.0,0.14,0.0,0.0,1.16,0.0,0.32
3486,432.87,0.139214,0.237606,-0.961334,-0.11388,0.341459,-0.932972,0.013,0.297,0.0,0.0,0.18,0.0,0.91,0.34,0.0,1.37,2.09,0.6,0.0,0.16,0.0,0.0,1.16,0.0,0.13
3487,432.9,0.136756,0.237633,-0.96168,-0.112734,0.341852,-0.932967,0.013,0.297,0.0,0.0,0.16,0.0,0.9,0.32,0.0,1.35,2.1,0.63,0.0,0.11,0.0,0.0,1.26,0.0,0.16
3488,432.93,0.163448,0.231334,-0.959046,-0.113535,0.342543,-0.932617,0.026,0.295,0.0,0.0,0.14,0.0,0.89,0.31,0.0,1.38,2.09,0.59,0.0,0.13,0.0,0.0,1.32,0.0,0.27
3489,432.97,0.168702,0.245976,-0.954482,-0.101237,0.345674,-0.932878,0.036,0.304,0.0,0.0,0.08,0.0,0.92,0.21,0.0,1.45,2.07,0.55,0.0,0.15,0.0,0.0,1.37,0.0,0.31
3490,433.0,0.170778,0.256622,-0.951304,-0.093663,0.348231,-0.932718,0.041,0.311,0.0,0.0,0.12,0.0,0.91,0.17,0.0,1.46,2.04,0.56,0.0,0.2,0.0,0.0,1.35,0.0,0.29
3491,433.03,0.182941,0.252653,-0.950105,-0.086923,0.340431,-0.936243,0.051,0.305,0.0,0.0,0.08,0.0,0.93,0.21,0.0,1.48,2.04,0.51,0.0,0.17,0.0,0.0,1.34,0.0,0.21
3492,433.07,0.179021,0.235943,-0.955135,-0.088499,0.336256,-0.937603,0.048,0.294,0.0,0.0,0.12,0.0,0.89,0.35,0.0,1.47,2.05,0.56,0.0,0.15,0.0,0.0,1.34,0.0,0.24
3493,433.1,0.181417,0.234998,-0.954916,-0.091097,0.334351,-0.938035,0.048,0.292,0.0,0.0,0.06,0.0,0.89,0.31,0.0,1.47,2.05,0.55,0.0,0.14,0.0,0.0,1.39,0.0,0.26
3494,433.13,0.182267,0.235808,-0.954554,-0.091076,0.339952,-0.936022,0.048,0.296,0.0,0.0,0.07,0.0,0.84,0.18,0.0,1.4,2.0,0.45,0.0,0.12,0.0,0.0,1.42,0.0,0.31
3495,433.17,0.175157,0.235896,-0.955862,-0.084866,0.344297,-0.935017,0.048,0.298,0.0,0.0,0.05,0.0,0.85,0.11,0.0,1.36,1.96,0.31,0.0,0.08,0.0,0.0,1.43,0.0,0.28
3496,433.2,0.177334,0.239427,-0.954582,-0.086639,0.344589,-0.934747,0.048,0.3,0.0,0.0,0.04,0.0,0.86,0.24,0.0,1.31,1.91,0.28,0.0,0.07,0.0,0.0,1.34,0.0,0.21
3497,433.23,0.191093,0.239752,-0.951842,-0.086375,0.339901,-0.936486,0.055,0.298,0.0,0.0,0.04,0.0,0.88,0.42,0.0,1.29,1.94,0.4,0.0,0.04,0.0,0.0,1.39,0.0,0.11
3498,433.27,0.197027,0.233989,-0.952066,-0.084601,0.340169,-0.936551,0.059,0.295,0.0,0.0,0.05,0.0,0.85,0.52,0.0,1.23,1.97,0.47,0.0,0.04,0.0,0.0,1.44,0.0,0.11
3499,433.3,0.198992,0.233069,-0.951883,-0.084938,0.339432,-0.936788,0.06,0.294,0.0,0.0,0.05,0.0,0.8,0.57,0.0,1.19,1.98,0.51,0.0,0.0,0.0,0.0,1.51,0.0,0.16
3500,433.33,0.197753,0.235357,-0.951578,-0.083485,0.341305,-0.936238,0.06,0.296,0.0,0.0,0.02,0.0,0.8,0.56,0.0,1.15,1.98,0.45,0.0,0.0,0.0,0.0,1.53,0.0,0.19
3501,433.37,0.19684,0.230797,-0.952883,-0.098498,0.334013,-0.937408,0.052,0.29,0.0,0.0,0.0,0.0,0.82,0.56,0.0,1.12,1.98,0.43,0.0,0.0,0.0,0.0,1.45,0.0,0.22
3502,433.4,0.19278,0.227997,-0.954386,-0.097516,0.332504,-0.938047,0.05,0.288,0.0,0.0,0.0,0.0,0.86,0.6,0.0,1.17,1.99,0.42,0.0,0.03,0.0,0.0,1.53,0.0,0.21
3503,433.43,0.194922,0.233476,-0.952625,-0.091628,0.331345,-0.93905,0.055,0.29,0.0,0.0,0.0,0.0,0.87,0.62,0.0,1.21,1.94,0.38,0.0,0.1,0.0,0.0,1.53,0.0,0.27
3504,433.47,0.184594,0.236894,-0.953838,-0.086969,0.32896,-0.940331,0.051,0.29,0.0,0.0,0.0,0.0,0.87,0.71,0.0,1.29,1.88,0.3,0.0,0.22,0.0,0.0,1.65,0.0,0.3
3505,433.5,0.184717,0.236898,-0.953813,-0.084994,0.329979,-0.940154,0.053,0.291,0.0,0.0,0.0,0.0,0.88,0.84,0.0,1.3,1.85,0.16,0.0,0.25,0.0,0.0,1.6,0.0,0.32
3506,433.53,0.18233,0.239808,-0.953545,-0.08613,0.328389,-0.940607,0.051,0.291,0.0,0.0,0.0,0.0,0.89,0.87,0.0,1.33,1.88,0.27,0.0,0.32,0.0,0.0,1.55,0.01,0.24
3507,433.57,0.184163,0.22835,-0.956002,-0.090568,0.326132,-0.940976,0.049,0.284,0.0,0.0,0.0,0.0,0.9,0.91,0.0,1.35,1.92,0.4,0.0,0.36,0.0,0.0,1.49,0.01,0.21
3508,433.6,0.182682,0.228104,-0.956345,-0.088324,0.327126,-0.940844,0.05,0.285,0.0,0.0,0.0,0.0,0.89,0.84,0.0,1.39,1.9,0.52,0.0,0.49,0.0,0.0,1.39,0.01,0.25
3509,433.63,0.182886,0.241617,-0.952982,-0.098993,0.328453,-0.939318,0.044,0.293,0.0,0.0,0.0,0.0,0.89,0.89,0.0,1.42,1.84,0.49,0.0,0.5,0.0,0.0,1.38,0.0,0.3
3510,433.67,0.176398,0.225695,-0.958095,-0.110497,0.322596,-0.940065,0.035,0.281,0.0,0.0,0.0,0.0,0.89,0.88,0.0,1.41,1.75,0.46,0.0,0.54,0.0,0.0,1.42,0.04,0.36
3511,433.7,0.175322,0.227902,-0.95777,-0.113334,0.323855,-0.939294,0.033,0.283,0.0,0.0,0.0,0.0,0.87,0.78,0.0,1.34,1.72,0.49,0.0,0.59,0.0,0.0,1.46,0.04,0.39
3512,433.73,0.158591,0.251474,-0.954782,-0.13,0.335661,-0.932969,0.015,0.302,0.0,0.0,0.0,0.0,0.86,0.67,0.0,1.33,1.72,0.46,0.0,0.63,0.0,0.0,1.53,0.05,0.49
3513,433.77,0.157104,0.249651,-0.955507,-0.133253,0.334033,-0.933095,0.013,0.3,0.0,0.0,0.0,0.0,0.85,0.62,0.0,1.36,1.73,0.5,0.0,0.73,0.0,0.0,1.48,0.1,0.51
3514,433.8,0.134289,0.257361,-0.956939,-0.155396,0.340968,-0.927142,-0.011,0.307,0.0,0.0,0.0,0.0,0.84,0.7,0.0,1.39,1.72,0.51,0.0,0.73,0.0,0.0,1.52,0.13,0.54
3515,433.83,0.126131,0.251724,-0.959545,-0.15679,0.340959,-0.926911,-0.016,0.304,0.0,0.0,0.0,0.0,0.83,0.69,0.0,1.45,1.71,0.62,0.0,0.72,0.01,0.0,1.5,0.19,0.58
3516,433.87,0.114267,0.250164,-0.961437,-0.157724,0.34769,-0.924248,-0.023,0.307,0.0,0.0,0.0,0.0,0.81,0.69,0.0,1.44,1.7,0.68,0.0,0.7,0.03,0.0,1.54,0.18,0.64
3517,433.9,0.113328,0.249025,-0.961844,-0.157693,0.34739,-0.924366,-0.024,0.306,0.0,0.0,0.0,0.0,0.84,0.54,0.0,1.46,1.69,0.73,0.0,0.7,0.05,0.0,1.47,0.23,0.65
3518,433.93,0.095358,0.253441,-0.962639,-0.164111,0.343939,-0.92454,-0.036,0.307,0.0,0.0,0.0,0.0,0.87,0.46,0.0,1.36,1.68,0.72,0.0,0.7,0.07,0.0,1.43,0.15,0.64
3519,433.97,0.087593,0.238244,-0.967247,-0.180956,0.350446,-0.918936,-0.049,0.303,0.0,0.0,0.0,0.0,0.85,0.37,0.0,1.31,1.66,0.64,0.0,0.6,0.07,0.0,1.39,0.09,0.66
3520,434.0,0.082407,0.23508,-0.968476,-0.185694,0.350601,-0.917931,-0.055,0.301,0.0,0.0,0.0,0.0,0.83,0.38,0.0,1.2,1.61,0.66,0.0,0.53,0.05,0.0,1.44,0.04,0.48
3521,434.03,0.028619,0.213366,-0.976553,-0.194801,0.249267,-0.94864,-0.086,0.236,0.0,0.0,0.0,0.0,0.82,0.38,0.0,1.14,1.54,0.72,0.0,0.53,0.06,0.0,1.51,0.08,0.24
3522,434.07,0.027421,0.211248,-0.977048,-0.196343,0.248508,-0.948521,-0.088,0.234,0.0,0.0,0.01,0.0,0.82,0.37,0.0,1.11,1.48,0.8,0.0,0.54,0.04,0.0,1.55,0.12,0.0
3523,434.1,0.02675,0.210449,-0.977239,-0.195809,0.247271,-0.948955,-0.088,0.233,0.0,0.0,0.01,0.0,0.83,0.24,0.0,1.22,1.53,0.78,0.0,0.43,0.08,0.0,1.63,0.13,0.0
3524,434.13,0.023213,0.206337,-0.978206,-0.204564,0.246369,-0.947341,-0.094,0.231,0.0,0.0,0.0,0.0,0.82,0.13,0.0,1.29,1.55,0.71,0.0,0.34,0.09,0.0,1.66,0.15,0.0
3525,434.17,0.022542,0.206055,-0.978281,-0.205326,0.247529,-0.946874,-0.095,0.231,0.0,0.0,0.0,0.0,0.77,0.19,0.0,1.23,1.57,0.68,0.07,0.4,0.09,0.0,1.81,0.19,0.14
3526,434.2,0.005751,0.20728,-0.978265,-0.21956,0.311967,-0.924375,-0.112,0.266,0.0,0.0,0.03,0.0,0.7,0.35,0.0,1.11,1.51,0.66,0.12,0.56,0.05,0.0,1.88,0.28,0.29
3527,434.23,0.002514,0.206101,-0.978527,-0.228733,0.310908,-0.922506,-0.118,0.266,0.05,0.0,0.03,0.0,0.66,0.5,0.0,0.94,1.53,0.49,0.18,0.56,0.14,0.0,1.9,0.4,1.13
3528,434.27,0.148765,0.246992,-0.95753,-0.314092,0.362461,-0.877479,-0.09,0.321,0.12,0.0,0.03,0.0,0.67,0.49,0.0,0.88,1.59,0.31,0.17,0.46,0.33,0.0,1.82,0.51,1.83
3529,434.3,0.147932,0.248142,-0.957362,-0.314174,0.361532,-0.877832,-0.09,0.321,0.21,0.0,0.0,0.0,0.66,0.57,0.0,0.82,1.65,0.15,0.2,0.36,0.52,0.0,1.77,0.61,2.54
3530,434.33,0.148156,0.24877,-0.957164,-0.312848,0.363137,-0.877643,-0.09,0.322,0.16,0.0,0.0,0.0,0.72,0.51,0.0,0.87,1.59,0.28,0.14,0.44,0.43,0.0,1.81,0.58,2.19
3531,434.37,0.0721,0.221666,-0.972453,-0.293769,0.316544,-0.901942,-0.118,0.28,0.09,0.0,0.0,0.0,0.77,0.47,0.0,0.95,1.52,0.42,0.08,0.42,0.25,0.0,1.83,0.52,1.85
3532,434.4,0.057459,0.223725,-0.972957,-0.285529,0.31205,-0.906145,-0.121,0.278,0.0,0.0,0.0,0.0,0.79,0.36,0.0,1.0,1.45,0.59,0.0,0.45,0.12,0.0,1.78,0.43,1.03
3533,434.43,0.007419,0.211467,-0.977357,-0.234241,0.319965,-0.918016,-0.119,0.273,0.0,0.0,0.0,0.0,0.72,0.41,0.0,1.05,1.45,0.49,0.0,0.39,0.07,0.0,1.73,0.37,0.54
3534,434.47,0.008865,0.19796,-0.98017,-0.231544,0.298842,-0.925786,-0.116,0.255,0.0,0.0,0.0,0.0,0.66,0.4,0.0,1.01,1.44,0.39,0.0,0.38,0.07,0.0,1.67,0.28,0.04
3535,434.5,0.007984,0.19517,-0.980737,-0.231968,0.296264,-0.926509,-0.117,0.252,0.0,0.0,0.0,0.0,0.65,0.4,0.0,1.08,1.41,0.29,0.0,0.35,0.0,0.0,1.7,0.28,0.0
3536,434.53,0.004899,0.194161,-0.980957,-0.235031,0.296744,-0.925583,-0.12,0.252,0.0,0.0,0.0,0.0,0.66,0.35,0.0,1.13,1.38,0.32,0.0,0.33,0.0,0.0,1.67,0.32,0.12
3537,434.57,0.004389,0.202654,-0.979241,-0.235453,0.300846,-0.92415,-0.121,0.259,0.0,0.0,0.0,0.0,0.7,0.44,0.0,1.18,1.35,0.34,0.0,0.34,0.0,0.0,1.73,0.42,0.2
3538,434.6,0.000529,0.197381,-0.980327,-0.235542,0.305776,-0.922508,-0.123,0.259,0.0,0.0,0.0,0.0,0.72,0.54,0.0,1.17,1.33,0.34,0.0,0.31,0.0,0.0,1.76,0.48,0.27
3539,434.63,0.002155,0.198351,-0.980129,-0.236985,0.306238,-0.921985,-0.123,0.259,0.0,0.0,0.0,0.0,0.74,0.66,0.0,1.19,1.33,0.34,0.0,0.25,0.0,0.0,1.89,0.46,0.15
3540,434.67,-0.000375,0.194948,-0.980814,-0.238184,0.299218,-0.923979,-0.125,0.254,0.0,0.0,0.0,0.0,0.74,0.67,0.0,1.22,1.33,0.33,0.0,0.2,0.0,0.0,1.95,0.47,0.08
3541,434.7,-0.00415,0.19194,-0.981398,-0.236746,0.297662,-0.924851,-0.126,0.251,0.07,0.0,0.02,0.0,0.64,0.43,0.0,1.22,1.36,0.26,0.0,0.18,0.01,0.0,2.01,0.58,0.56
3542,434.73,0.061133,0.194425,-0.979011,-0.306968,0.314999,-0.898079,-0.13,0.265,0.34,0.04,0.02,0.0,0.47,0.22,0.0,1.14,1.36,0.16,0.0,0.14,0.01,0.0,2.04,0.75,1.52
3543,434.77,0.155213,0.321698,-0.934034,-0.357134,0.400659,-0.843758,-0.113,0.386,0.62,0.14,0.03,0.0,0.29,0.0,0.0,1.1,1.36,0.07,0.0,0.08,0.01,0.0,2.04,0.79,2.44
3544,434.8,0.150138,0.328953,-0.932335,-0.357519,0.401321,-0.84328,-0.116,0.39,0.64,0.14,0.02,0.0,0.31,0.25,0.0,1.13,1.36,0.05,0.0,0.0,0.0,0.0,2.01,0.73,2.51
3545,434.83,0.067243,0.254882,-0.964631,-0.34218,0.367728,-0.86469,-0.149,0.328,0.37,0.1,0.02,0.0,0.36,0.25,0.0,1.27,1.36,0.2,0.0,0.0,0.0,0.0,1.89,0.57,1.54
3546,434.87,-0.001592,0.194865,-0.980829,-0.238051,0.276696,-0.931005,-0.125,0.242,0.09,0.0,0.04,0.0,0.45,0.25,0.0,1.41,1.36,0.33,0.0,0.0,0.0,0.0,1.78,0.51,0.6
3547,434.9,0.001114,0.195638,-0.980675,-0.243665,0.280245,-0.928488,-0.126,0.244,0.0,0.0,0.09,0.0,0.4,0.0,0.0,1.5,1.32,0.59,0.0,0.0,0.0,0.0,1.63,0.4,0.0
3548,434.93,-0.011002,0.197293,-0.980283,-0.224261,0.221058,-0.949126,-0.121,0.214,0.0,0.0,0.12,0.0,0.37,0.0,0.0,1.45,1.32,0.65,0.0,0.0,0.0,0.0,1.62,0.38,0.0
3549,434.97,-0.009505,0.201009,-0.979543,-0.223834,0.221176,-0.949199,-0.12,0.215,0.0,0.0,0.11,0.0,0.32,0.0,0.02,1.34,1.31,0.74,0.0,0.0,0.0,0.0,1.61,0.46,0.0
3550,435.0,-0.005128,0.202226,-0.979325,-0.190819,0.222796,-0.956007,-0.101,0.216,0.0,0.0,0.11,0.0,0.3,0.0,0.02,1.24,1.29,0.7,0.0,0.0,0.0,0.0,1.63,0.53,0.0
3551,435.03,-0.001596,0.206857,-0.97837,-0.193434,0.221688,-0.955739,-0.1,0.218,0.0,0.0,0.12,0.0,0.31,0.0,0.02,1.15,1.31,0.79,0.0,0.0,0.0,0.0,1.78,0.6,0.0
3552,435.07,-0.020311,0.185811,-0.982375,-0.183661,0.211117,-0.960051,-0.105,0.202,0.0,0.0,0.12,0.0,0.34,0.0,0.0,1.1,1.33,0.94,0.0,0.0,0.0,0.0,1.88,0.57,0.0
3553,435.1,-0.022252,0.187809,-0.981954,-0.182927,0.208567,-0.960748,-0.105,0.201,0.0,0.0,0.09,0.0,0.28,0.0,0.0,1.08,1.38,0.97,0.0,0.0,0.0,0.0,2.06,0.47,0.0
3554,435.13,0.034516,0.205775,-0.97799,-0.206218,0.259137,-0.943569,-0.089,0.237,0.18,0.25,0.05,0.0,0.27,0.0,0.0,1.13,1.41,0.83,0.0,0.0,0.0,0.0,2.13,0.56,1.03
3555,435.17,0.119875,0.369337,-0.921531,-0.338765,0.43948,-0.831923,-0.124,0.432,0.29,0.26,0.06,0.0,0.29,0.0,0.0,1.07,1.46,0.66,0.0,0.0,0.0,0.0,2.19,0.58,2.0
3556,435.2,0.12733,0.373293,-0.918934,-0.342046,0.443268,-0.828564,-0.122,0.437,0.29,0.26,0.16,0.0,0.37,0.0,0.0,1.03,1.41,0.75,0.0,0.0,0.0,0.15,2.07,0.77,2.0
3557,435.23,0.00392,0.239843,-0.970804,-0.276751,0.336924,-0.899939,-0.145,0.299,0.11,0.02,0.28,0.0,0.44,0.0,0.0,1.07,1.39,0.9,0.0,0.0,0.0,0.15,1.8,0.78,1.02
3558,435.27,0.013226,0.231574,-0.972727,-0.254849,0.336717,-0.906462,-0.128,0.294,0.0,0.08,0.32,0.0,0.49,0.0,0.0,1.17,1.4,1.01,0.0,0.0,0.0,0.15,1.63,0.82,0.17
3559,435.3,0.009515,0.233072,-0.972413,-0.253786,0.335522,-0.907203,-0.129,0.294,0.02,0.23,0.33,0.12,0.46,0.0,0.0,1.1,1.41,0.93,0.0,0.0,0.0,0.02,1.68,0.81,0.17
3560,435.33,-0.01159,0.194107,-0.980912,-0.233227,0.219318,-0.947367,-0.126,0.211,0.02,0.22,0.31,0.23,0.39,0.0,0.0,0.95,1.36,0.85,0.0,0.0,0.0,0.18,1.79,0.84,0.12
3561,435.37,-0.018151,0.195587,-0.980518,-0.234356,0.23041,-0.944452,-0.13,0.218,0.02,0.15,0.35,0.23,0.3,0.0,0.0,0.79,1.3,0.79,0.0,0.0,0.0,0.34,1.92,0.88,0.0
3562,435.4,-0.023991,0.196188,-0.980273,-0.263246,0.26306,-0.928171,-0.149,0.236,0.0,0.0,0.32,0.17,0.3,0.0,0.0,0.77,1.28,0.87,0.0,0.0,0.0,0.54,1.95,0.85,0.0
3563,435.43,-0.02356,0.19545,-0.980431,-0.266425,0.258978,-0.928412,-0.151,0.234,0.01,0.18,0.29,0.19,0.33,0.0,0.0,0.72,1.28,0.86,0.0,0.0,0.0,0.66,2.06,0.83,0.0
3564,435.47,-0.022518,0.205407,-0.978418,-0.261358,0.241122,-0.93464,-0.147,0.229,0.01,0.19,0.23,0.28,0.37,0.0,0.0,0.7,1.28,0.83,0.0,0.0,0.0,0.79,1.97,0.81,0.0
3565,435.5,-0.021089,0.201712,-0.979218,-0.259195,0.233844,-0.937089,-0.145,0.223,0.01,0.23,0.21,0.28,0.35,0.0,0.0,0.63,1.25,0.67,0.0,0.0,0.0,0.88,1.98,0.91,0.0
3566,435.53,-0.020951,0.192053,-0.981161,-0.279215,0.243848,-0.92875,-0.156,0.224,0.0,0.13,0.17,0.14,0.31,0.0,0.0,0.61,1.25,0.57,0.0,0.0,0.0,0.93,1.93,0.82,0.0
3567,435.57,-0.020944,0.194147,-0.980749,-0.282963,0.227518,-0.931755,-0.158,0.217,0.08,0.35,0.31,0.08,0.24,0.0,0.0,0.56,1.24,0.56,0.0,0.0,0.0,0.83,2.1,0.75,0.0
3568,435.6,-0.038461,0.22989,-0.972456,-0.322175,0.326948,-0.88843,-0.191,0.291,0.1,0.38,0.3,0.03,0.28,0.0,0.0,0.56,1.37,0.53,0.0,0.0,0.0,0.52,2.19,0.65,0.38
3569,435.63,0.006145,0.316692,-0.948509,-0.429585,0.393436,-0.812813,-0.236,0.383,0.1,0.31,0.34,0.03,0.36,0.0,0.0,0.6,1.48,0.5,0.0,0.0,0.0,0.19,2.21,0.66,0.72
3570,435.67,-0.003404,0.313141,-0.949701,-0.443468,0.376195,-0.813519,-0.248,0.373,0.01,0.09,0.2,0.0,0.44,0.0,0.0,0.64,1.59,0.38,0.0,0.0,0.0,0.0,2.1,0.68,1.06
3571,435.7,-0.001185,0.312624,-0.949876,-0.443386,0.377927,-0.812761,-0.247,0.373,0.01,0.08,0.16,0.0,0.49,0.0,0.0,0.69,1.59,0.3,0.0,0.0,0.0,0.01,1.94,0.6,1.1
3572,435.73,0.023894,0.306112,-0.951696,-0.437385,0.38832,-0.811112,-0.23,0.375,0.01,0.35,0.16,0.0,0.45,0.0,0.0,0.74,1.5,0.29,0.0,0.0,0.0,0.25,1.81,0.59,0.75
3573,435.77,-0.139254,0.220697,-0.96535,-0.33184,0.287014,-0.898613,-0.248,0.266,0.01,0.5,0.24,0.0,0.41,0.0,0.0,0.89,1.45,0.36,0.0,0.0,0.0,0.57,1.66,0.48,0.41
3574,435.8,-0.112724,0.212305,-0.97068,-0.311961,0.228755,-0.922145,-0.221,0.229,0.0,0.51,0.3,0.0,0.37,0.0,0.0,0.97,1.42,0.48,0.0,0.0,0.0,0.91,1.6,0.42,0.0
3575,435.83,-0.091247,0.197918,-0.975962,-0.305242,0.191628,-0.932795,-0.205,0.201,0.0,0.41,0.28,0.0,0.45,0.0,0.0,0.89,1.47,0.71,0.0,0.0,0.0,1.0,1.52,0.24,0.0
3576,435.87,-0.095698,0.197343,-0.975652,-0.295845,0.19282,-0.935573,-0.202,0.201,0.0,0.46,0.18,0.0,0.53,0.0,0.0,0.76,1.48,0.81,0.0,0.0,0.0,1.0,1.5,0.12,0.0
3577,435.9,-0.094647,0.198549,-0.97551,-0.29572,0.191051,-0.935975,-0.201,0.201,0.0,0.62,0.07,0.0,0.6,0.0,0.0,0.72,1.54,0.88,0.0,0.0,0.0,0.95,1.43,0.03,0.0
3578,435.93,-0.104493,0.193034,-0.975612,-0.283203,0.199479,-0.938085,-0.2,0.202,0.0,0.62,0.06,0.0,0.63,0.0,0.0,0.82,1.57,0.9,0.0,0.0,0.0,0.92,1.43,0.03,0.0
3579,435.97,-0.108982,0.199072,-0.973906,-0.295573,0.208829,-0.932216,-0.209,0.211,0.0,0.7,0.04,0.0,0.64,0.0,0.0,0.9,1.59,0.93,0.0,0.0,0.0,0.85,1.47,0.03,0.0
3580,436.0,-0.124302,0.196022,-0.972689,-0.29071,0.212387,-0.932941,-0.214,0.211,0.01,0.86,0.04,0.0,0.64,0.0,0.0,0.95,1.56,1.0,0.0,0.0,0.0,0.82,1.5,0.0,0.0
3581,436.03,-0.127199,0.191037,-0.973306,-0.292706,0.192187,-0.93669,-0.216,0.198,0.01,0.9,0.01,0.0,0.6,0.0,0.0,0.88,1.49,0.94,0.0,0.0,0.0,0.76,1.51,0.0,0.0
3582,436.07,-0.133906,0.194548,-0.97171,-0.296765,0.189444,-0.935971,-0.222,0.199,0.01,0.82,0.0,0.0,0.57,0.0,0.0,0.85,1.45,0.92,0.0,0.0,0.0,0.76,1.46,0.0,0.0
3583,436.1,-0.133268,0.193836,-0.97194,-0.294219,0.186765,-0.937312,-0.22,0.197,0.0,0.66,0.0,0.0,0.53,0.0,0.0,0.77,1.41,0.85,0.0,0.0,0.0,0.72,1.46,0.0,0.0
3584,436.13,-0.135365,0.195126,-0.971392,-0.294064,0.177769,-0.939108,-0.221,0.193,0.0,0.67,0.0,0.0,0.52,0.0,0.0,0.78,1.39,0.77,0.0,0.0,0.0,0.76,1.45,0.0,0.0
3585,436.17,-0.137292,0.191713,-0.971801,-0.300317,0.166505,-0.939194,-0.225,0.185,0.0,0.73,0.0,0.0,0.49,0.0,0.0,0.78,1.39,0.8,0.0,0.0,0.0,0.67,1.52,0.06,0.0
3586,436.2,-0.142724,0.195918,-0.970178,-0.305902,0.191215,-0.932663,-0.232,0.201,0.0,0.73,0.13,0.06,0.42,0.0,0.0,0.75,1.4,0.8,0.0,0.0,0.0,0.55,1.47,0.11,0.0
3587,436.23,-0.133811,0.225565,-0.964995,-0.345223,0.279692,-0.895876,-0.252,0.265,0.11,0.69,0.14,0.06,0.43,0.0,0.0,0.74,1.53,0.82,0.0,0.0,0.0,0.28,1.44,0.25,0.6
3588,436.27,-0.057483,0.307477,-0.949818,-0.438927,0.389933,-0.809503,-0.275,0.377,0.26,0.69,0.21,0.06,0.48,0.0,0.0,0.71,1.67,0.82,0.0,0.0,0.0,0.11,1.35,0.44,1.22
3589,436.3,-0.054002,0.305303,-0.950723,-0.43189,0.390803,-0.812861,-0.269,0.376,0.41,0.67,0.11,0.0,0.58,0.0,0.0,0.72,1.81,0.91,0.0,0.0,0.0,0.0,1.32,0.55,1.86
3590,436.33,-0.055852,0.30986,-0.94914,-0.420066,0.38958,-0.819617,-0.263,0.377,0.47,0.79,0.1,0.0,0.52,0.0,0.0,0.67,1.84,1.02,0.0,0.0,0.0,0.0,1.24,0.61,1.96
3591,436.37,-0.010348,0.307608,-0.951457,-0.380958,0.417889,-0.824767,-0.217,0.388,0.46,0.71,0.03,0.0,0.45,0.0,0.0,0.62,1.81,0.95,0.0,0.0,0.0,0.01,1.09,0.54,1.96
3592,436.4,0.009635,0.298185,-0.95446,-0.383478,0.421953,-0.821524,-0.207,0.385,0.48,0.7,0.04,0.0,0.44,0.0,0.0,0.66,1.75,0.92,0.0,0.0,0.0,0.01,0.98,0.43,1.94
3593,436.43,0.035183,0.308432,-0.950596,-0.438473,0.394348,-0.807608,-0.225,0.38,0.31,0.52,0.18,0.0,0.55,0.0,0.0,0.62,1.61,0.99,0.0,0.0,0.0,0.14,0.9,0.31,1.4
3594,436.47,-0.07623,0.226038,-0.971131,-0.415979,0.333209,-0.846128,-0.265,0.299,0.16,0.51,0.33,0.0,0.68,0.0,0.0,0.65,1.52,1.16,0.0,0.0,0.0,0.24,0.82,0.23,0.97
3595,436.5,-0.078558,0.226176,-0.970913,-0.419248,0.333534,-0.844385,-0.268,0.299,0.0,0.66,0.45,0.0,0.74,0.0,0.0,0.61,1.42,1.25,0.0,0.0,0.0,0.39,0.7,0.25,0.43
3596,436.53,-0.081419,0.217782,-0.972595,-0.427866,0.328289,-0.842114,-0.274,0.292,0.01,0.83,0.43,0.0,0.61,0.0,0.0,0.66,1.35,1.18,0.0,0.0,0.0,0.52,0.66,0.19,0.27
3597,436.57,-0.0844,0.192455,-0.977669,-0.363105,0.26339,-0.893745,-0.235,0.239,0.1,0.94,0.33,0.28,0.48,0.0,0.0,0.57,1.26,1.11,0.0,0.0,0.0,0.77,0.66,0.09,0.08
3598,436.6,-0.074258,0.185386,-0.979856,-0.264336,0.186347,-0.946256,-0.174,0.191,0.1,0.7,0.24,0.5,0.37,0.0,0.0,0.47,1.17,1.07,0.0,0.0,0.0,1.0,0.73,0.05,0.0
3599,436.63,-0.064452,0.186013,-0.980431,-0.256904,0.201801,-0.945133,-0.165,0.199,0.14,0.72,0.21,0.64,0.39,0.0,0.0,0.39,1.11,1.0,0.0,0.0,0.0,1.11,0.69,0.12,0.0
3600,436.67,-0.072017,0.209379,-0.975179,-0.264302,0.170788,-0.949198,-0.173,0.195,0.11,0.75,0.28,0.53,0.41,0.0,0.0,0.36,1.11,0.94,0.0,0.0,0.0,1.13,0.68,0.15,0.0
3601,436.7,-0.066313,0.210427,-0.975358,-0.264994,0.166661,-0.949738,-0.17,0.193,0.13,0.75,0.36,0.52,0.42,0.0,0.0,0.37,1.13,0.93,0.0,0.0,0.0,1.14,0.67,0.19,0.0
3602,436.73,-0.083243,0.208929,-0.974382,-0.261403,0.173731,-0.949466,-0.177,0.196,0.08,0.59,0.38,0.57,0.46,0.0,0.0,0.32,1.14,0.99,0.0,0.0,0.0,1.18,0.73,0.21,0.0
3603,436.77,-0.084105,0.203605,-0.975434,-0.263906,0.179567,-0.947686,-0.179,0.197,0.16,0.47,0.41,0.53,0.43,0.0,0.0,0.35,1.14,1.0,0.0,0.0,0.0,1.12,0.72,0.3,0.0
3604,436.8,-0.128003,0.198621,-0.971682,-0.274209,0.214303,-0.937488,-0.208,0.213,0.17,0.46,0.45,0.37,0.38,0.0,0.0,0.38,1.11,0.89,0.0,0.0,0.0,1.08,0.58,0.31,0.0
3605,436.83,-0.126463,0.185589,-0.974456,-0.2606,0.211407,-0.942016,-0.199,0.204,0.25,0.51,0.51,0.24,0.34,0.0,0.0,0.37,1.1,0.82,0.0,0.0,0.0,0.98,0.36,0.23,0.0
3606,436.87,-0.125354,0.192822,-0.973194,-0.273371,0.21628,-0.937279,-0.206,0.211,0.26,0.53,0.52,0.18,0.34,0.0,0.0,0.32,1.06,0.81,0.0,0.0,0.0,0.97,0.21,0.08,0.0
3607,436.9,-0.124788,0.195011,-0.97283,-0.27683,0.21487,-0.936588,-0.207,0.211,0.46,0.97,0.57,0.27,0.33,0.0,0.0,0.33,1.11,0.91,0.0,0.0,0.0,0.78,0.3,0.08,0.16
3608,436.93,-0.117084,0.214444,-0.969693,-0.33247,0.375966,-0.864935,-0.24,0.311,0.59,1.27,0.57,0.22,0.27,0.0,0.0,0.45,1.14,0.94,0.0,0.0,0.0,0.65,0.44,0.08,0.23
3609,436.97,-0.094896,0.213834,-0.97225,-0.340893,0.351556,-0.871894,-0.232,0.297,0.64,1.49,0.52,0.14,0.23,0.0,0.0,0.51,1.27,1.03,0.0,0.0,0.0,0.35,0.58,0.2,0.93
3610,437.0,0.010272,0.312707,-0.949794,-0.42803,0.405569,-0.807654,-0.233,0.388,0.53,1.38,0.49,0.0,0.3,0.0,0.0,0.52,1.27,1.04,0.0,0.0,0.0,0.24,0.6,0.29,1.15
3611,437.03,0.011286,0.273583,-0.961782,-0.341565,0.368852,-0.864454,-0.179,0.338,0.32,1.23,0.57,0.0,0.32,0.0,0.0,0.51,1.31,1.08,0.0,0.0,0.0,0.09,0.6,0.45,1.16
3612,437.07,-0.040342,0.250169,-0.967361,-0.291644,0.323025,-0.900332,-0.176,0.298,0.16,1.13,0.71,0.0,0.32,0.0,0.0,0.54,1.26,1.07,0.0,0.0,0.0,0.19,0.6,0.51,0.53
3613,437.1,-0.03901,0.248548,-0.967834,-0.290871,0.322871,-0.900638,-0.175,0.297,0.11,1.05,0.78,0.0,0.33,0.0,0.0,0.54,1.3,1.1,0.0,0.0,0.0,0.18,0.57,0.37,0.15
3614,437.13,-0.074097,0.249259,-0.965598,-0.282359,0.312645,-0.906933,-0.188,0.292,0.17,1.18,0.8,0.02,0.37,0.0,0.0,0.5,1.3,1.09,0.0,0.0,0.0,0.21,0.59,0.25,0.07
3615,437.17,-0.070574,0.244793,-0.967004,-0.283011,0.311461,-0.907137,-0.186,0.289,0.22,1.14,0.72,0.02,0.41,0.0,0.0,0.42,1.26,1.09,0.0,0.0,0.0,0.17,0.6,0.07,0.0
3616,437.2,-0.059646,0.231237,-0.971067,-0.270512,0.303408,-0.913656,-0.173,0.276,0.2,1.07,0.68,0.02,0.43,0.0,0.0,0.47,1.29,0.99,0.0,0.0,0.0,0.16,0.73,0.04,0.0
3617,437.23,-0.053316,0.233039,-0.971005,-0.257744,0.301747,-0.917887,-0.163,0.276,0.12,0.87,0.62,0.0,0.39,0.0,0.0,0.48,1.3,0.89,0.0,0.0,0.0,0.19,0.88,0.08,0.0
3618,437.27,-0.05976,0.191432,-0.979685,-0.226347,0.248067,-0.941929,-0.148,0.225,0.07,0.83,0.69,0.0,0.35,0.0,0.0,0.57,1.35,0.81,0.0,0.0,0.0,0.23,0.99,0.15,0.0
3619,437.3,-0.056995,0.193166,-0.979509,-0.225463,0.250482,-0.941502,-0.146,0.227,0.04,0.78,0.65,0.0,0.29,0.0,0.0,0.56,1.33,0.72,0.0,0.0,0.0,0.38,0.94,0.28,0.0
3620,437.33,-0.012629,0.186972,-0.982284,-0.20061,0.199358,-0.959173,-0.109,0.196,0.04,0.76,0.62,0.0,0.32,0.0,0.0,0.57,1.34,0.69,0.0,0.0,0.0,0.4,0.85,0.37,0.0
3621,437.37,-0.011698,0.18768,-0.982161,-0.218944,0.246166,-0.944175,-0.119,0.222,0.03,0.69,0.61,0.0,0.29,0.0,0.0,0.58,1.29,0.58,0.0,0.0,0.0,0.39,0.85,0.44,0.0
3622,437.4,-0.023416,0.179072,-0.983557,-0.203465,0.226526,-0.952517,-0.117,0.207,0.01,0.62,0.59,0.0,0.19,0.0,0.0,0.6,1.19,0.48,0.0,0.0,0.0,0.28,0.94,0.46,0.0
3623,437.43,-0.03011,0.184798,-0.982315,-0.193647,0.21489,-0.957248,-0.115,0.203,0.0,0.37,0.62,0.0,0.16,0.0,0.0,0.65,1.11,0.39,0.0,0.0,0.0,0.27,1.1,0.46,0.0
3624,437.47,0.005465,0.169655,-0.985488,-0.185451,0.203075,-0.961441,-0.092,0.189,0.0,0.17,0.57,0.0,0.14,0.0,0.0,0.62,1.07,0.31,0.0,0.0,0.0,0.29,1.16,0.5,0.0
3625,437.5,0.006225,0.168548,-0.985674,-0.185274,0.206387,-0.960769,-0.092,0.19,0.0,0.0,0.53,0.08,0.2,0.0,0.0,0.58,1.02,0.35,0.0,0.0,0.0,0.41,1.26,0.67,0.0
3626,437.53,0.023194,0.154316,-0.987749,-0.163765,0.207086,-0.964519,-0.072,0.183,0.0,0.01,0.46,0.18,0.21,0.0,0.0,0.57,0.98,0.4,0.0,0.0,0.0,0.47,1.28,0.82,0.0
3627,437.57,0.030647,0.148983,-0.988365,-0.158991,0.155865,-0.974899,-0.065,0.154,0.0,0.01,0.5,0.18,0.16,0.0,0.0,0.45,0.85,0.76,0.0,0.0,0.0,0.73,1.27,1.0,0.0
3628,437.6,0.04134,0.124818,-0.991318,-0.129015,0.116177,-0.984814,-0.044,0.121,0.0,0.01,0.5,0.12,0.12,0.0,0.0,0.38,0.81,0.86,0.0,0.0,0.09,1.09,0.82,0.91,0.0
3629,437.63,0.023418,0.110411,-0.99361,-0.131002,0.131739,-0.98259,-0.054,0.122,0.08,0.07,0.52,0.01,0.19,0.0,0.0,0.32,0.9,0.97,0.13,0.68,0.09,1.37,0.37,0.69,0.0
3630,437.67,0.025313,0.091912,-0.995445,-0.110798,0.109606,-0.987781,-0.043,0.101,0.21,0.14,0.51,0.1,0.35,0.0,0.0,0.42,1.0,0.82,0.34,1.43,0.19,1.35,0.0,0.48,0.0
3631,437.7,0.032177,0.106043,-0.993841,-0.122116,0.125245,-0.984582,-0.045,0.116,0.35,0.14,0.62,0.09,0.51,0.0,0.04,0.37,0.97,0.58,0.92,2.44,0.38,1.1,0.0,0.24,0.0
3632,437.73,0.009348,0.078452,-0.996874,-0.112496,0.112283,-0.987288,-0.052,0.096,0.27,0.07,0.55,0.12,0.6,0.0,0.21,0.41,0.81,0.29,1.67,3.01,0.72,1.1,0.0,0.33,0.0
3633,437.77,0.003565,0.095956,-0.995379,-0.113899,0.099179,-0.988529,-0.056,0.098,0.15,0.0,0.44,0.07,0.64,0.0,0.37,0.36,0.71,0.1,2.39,3.54,0.96,0.94,0.0,0.53,0.0
3634,437.8,0.015614,0.092088,-0.995628,-0.090339,0.124345,-0.988118,-0.038,0.109,0.17,0.0,0.39,0.07,0.6,0.0,0.42,0.48,0.66,0.1,2.62,3.78,0.94,0.85,0.0,0.64,0.0
3635,437.83,-0.00039,0.089628,-0.995975,-0.090208,0.147401,-0.984954,-0.046,0.119,0.37,0.02,0.52,0.04,0.49,0.0,0.29,0.48,0.65,0.09,2.55,3.78,0.75,0.48,0.0,0.49,0.0
3636,437.87,0.026661,0.104073,-0.994212,-0.121622,0.193215,-0.973589,-0.048,0.15,0.63,0.13,0.69,0.0,0.41,0.0,0.14,0.46,0.67,0.03,2.4,3.73,0.53,0.42,0.0,0.18,0.0
3637,437.9,0.025961,0.092302,-0.995393,-0.120864,0.182274,-0.975791,-0.048,0.138,0.7,0.13,0.63,0.0,0.41,0.0,0.05,0.47,0.85,0.03,2.34,3.61,0.4,0.24,0.11,0.33,0.19
3638,437.93,0.129479,0.189607,-0.973285,-0.241712,0.284299,-0.927766,-0.059,0.244,0.65,0.14,0.49,0.0,0.48,0.08,0.07,0.43,1.01,0.17,2.25,3.37,0.34,0.15,0.13,0.47,0.75
3639,437.97,0.184223,0.198334,-0.962666,-0.295918,0.313858,-0.902179,-0.06,0.268,0.51,0.02,0.3,0.0,0.58,0.08,0.11,0.46,1.15,0.14,2.18,3.16,0.35,0.0,0.21,0.67,1.29
3640,438.0,0.220425,0.212056,-0.952074,-0.286298,0.313557,-0.905382,-0.035,0.276,0.36,0.04,0.36,0.0,0.65,0.08,0.29,0.34,1.06,0.14,2.12,3.08,0.25,0.0,0.15,0.6,1.49
3641,438.03,0.111961,0.156993,-0.981233,-0.211545,0.283048,-0.935485,-0.052,0.226,0.21,0.02,0.4,0.0,0.62,0.0,0.35,0.28,0.99,0.0,2.24,3.2,0.39,0.0,0.13,0.7,1.12
3642,438.07,0.085228,0.140632,-0.986387,-0.158241,0.211097,-0.964571,-0.037,0.178,0.08,0.02,0.47,0.0,0.57,0.0,0.4,0.2,0.93,0.04,2.36,3.23,0.49,0.0,0.06,0.8,0.79
3643,438.1,0.086548,0.150219,-0.984857,-0.154266,0.21652,-0.964013,-0.035,0.186,0.0,0.0,0.31,0.0,0.49,0.0,0.25,0.14,0.9,0.12,2.4,3.3,0.71,0.0,0.0,0.87,0.52
3644,438.13,0.097591,0.181792,-0.978482,-0.165245,0.259518,-0.951496,-0.035,0.225,0.16,0.0,0.34,0.0,0.44,0.0,0.13,0.15,0.89,0.19,2.32,3.28,0.58,0.0,0.0,0.83,0.56
3645,438.17,0.079973,0.186951,-0.979109,-0.158455,0.290742,-0.943589,-0.041,0.244,0.33,0.01,0.29,0.0,0.37,0.0,0.02,0.24,0.88,0.24,2.09,3.42,0.52,0.0,0.0,0.68,0.56
3646,438.2,0.07409,0.190333,-0.97892,-0.158348,0.284809,-0.945415,-0.044,0.242,0.5,0.01,0.32,0.0,0.36,0.0,0.0,0.43,0.97,0.3,1.97,3.35,0.34,0.02,0.0,0.42,0.54
3647,438.23,0.083176,0.19744,-0.97678,-0.160597,0.302046,-0.939668,-0.04,0.255,0.35,0.01,0.2,0.0,0.38,0.0,0.0,0.46,1.05,0.42,1.8,3.22,0.27,0.1,0.0,0.18,0.3
3648,438.27,0.100203,0.20413,-0.973802,-0.173595,0.294611,-0.939718,-0.038,0.255,0.17,0.0,0.18,0.0,0.41,0.01,0.0,0.44,1.1,0.51,1.75,2.92,0.14,0.16,0.0,0.0,0.1
3649,438.3,0.100347,0.198111,-0.97503,-0.172913,0.287962,-0.941902,-0.038,0.248,0.0,0.0,0.19,0.0,0.42,0.05,0.0,0.36,1.14,0.6,1.8,2.85,0.07,0.24,0.0,0.0,0.0
3650,438.33,0.086222,0.168154,-0.981983,-0.165785,0.295334,-0.9409,-0.041,0.237,0.0,0.0,0.16,0.0,0.41,0.05,0.0,0.51,1.15,0.54,1.82,2.92,0.04,0.19,0.0,0.0,0.07
3651,438.37,0.093086,0.170819,-0.980895,-0.132187,0.286838,-0.948815,-0.02,0.233,0.0,0.0,0.19,0.0,0.43,0.04,0.0,0.63,1.22,0.51,1.87,3.07,0.0,0.15,0.0,0.0,0.29
3652,438.4,0.083621,0.179905,-0.980123,-0.125151,0.280022,-0.951801,-0.021,0.234,0.0,0.0,0.2,0.0,0.44,0.0,0.0,0.62,1.11,0.33,1.78,3.1,0.02,0.06,0.0,0.0,0.45
3653,438.43,0.086162,0.152306,-0.984571,-0.140434,0.249596,-0.958113,-0.028,0.204,0.18,0.0,0.26,0.0,0.46,0.05,0.0,0.53,1.02,0.27,1.81,3.06,0.07,0.09,0.0,0.0,0.67
3654,438.47,0.080903,0.174711,-0.98129,-0.139236,0.282843,-0.949007,-0.03,0.233,0.33,0.04,0.27,0.0,0.47,0.08,0.0,0.35,0.85,0.26,1.8,3.06,0.1,0.1,0.0,0.0,0.67
3655,438.5,0.0796,0.173595,-0.981595,-0.14294,0.283126,-0.948371,-0.033,0.232,0.64,0.1,0.37,0.0,0.52,0.12,0.0,0.56,1.01,0.46,1.77,2.94,0.16,0.25,0.0,0.0,0.71
3656,438.53,0.128065,0.228659,-0.965046,-0.170232,0.318449,-0.93253,-0.022,0.281,0.59,0.16,0.34,0.0,0.51,0.19,0.0,0.67,1.19,0.67,1.57,2.84,0.16,0.28,0.0,0.0,0.57
3657,438.57,0.147517,0.24156,-0.959108,-0.178609,0.313219,-0.932734,-0.016,0.285,0.6,0.12,0.42,0.0,0.5,0.16,0.0,0.8,1.49,0.86,1.54,2.57,0.13,0.39,0.0,0.0,0.56
3658,438.6,0.114362,0.23233,-0.96589,-0.156078,0.296879,-0.942073,-0.022,0.271,0.3,0.06,0.25,0.0,0.42,0.12,0.0,0.65,1.59,1.02,1.36,2.33,0.05,0.29,0.0,0.0,0.61
3659,438.63,0.104464,0.208411,-0.972446,-0.178051,0.293712,-0.939165,-0.038,0.257,0.23,0.0,0.27,0.0,0.36,0.01,0.0,0.6,1.56,1.18,1.46,2.19,0.03,0.22,0.0,0.0,0.77
3660,438.67,0.101719,0.21903,-0.970402,-0.20585,0.292714,-0.93378,-0.055,0.263,0.12,0.0,0.21,0.0,0.29,0.01,0.0,0.61,1.45,1.27,1.43,2.12,0.06,0.06,0.0,0.0,0.91
3661,438.7,0.102347,0.22297,-0.969438,-0.20323,0.291622,-0.934695,-0.053,0.264,0.22,0.06,0.36,0.0,0.24,0.0,0.0,0.65,1.34,1.28,1.67,2.22,0.11,0.01,0.0,0.0,0.89
3662,438.73,0.086191,0.215808,-0.972624,-0.199492,0.297489,-0.933651,-0.059,0.263,0.2,0.06,0.3,0.0,0.2,0.0,0.0,0.64,1.27,1.18,1.68,2.21,0.24,0.0,0.0,0.09,0.9
3663,438.77,0.075936,0.183433,-0.980095,-0.183431,0.272059,-0.944636,-0.056,0.232,0.19,0.08,0.23,0.0,0.16,0.0,0.0,0.51,1.19,1.18,1.69,2.17,0.32,0.01,0.0,0.2,0.82
3664,438.8,0.06145,0.201169,-0.977627,-0.169184,0.254512,-0.952156,-0.056,0.232,0.24,0.01,0.26,0.0,0.18,0.0,0.0,0.52,1.24,1.03,1.66,2.07,0.35,0.01,0.0,0.2,0.81
3665,438.83,0.071558,0.191452,-0.97889,-0.211931,0.296882,-0.9311,-0.073,0.25,0.38,0.01,0.54,0.0,0.36,0.0,0.0,0.62,1.36,1.11,1.48,1.98,0.2,0.01,0.0,0.12,0.67
3666,438.87,0.088958,0.205172,-0.974675,-0.224178,0.344761,-0.911528,-0.072,0.284,0.46,0.0,0.76,0.0,0.53,0.0,0.0,0.76,1.48,1.07,1.31,1.94,0.09,0.0,0.0,0.0,0.67
3667,438.9,0.080148,0.206107,-0.975242,-0.223596,0.332505,-0.916212,-0.076,0.277,0.51,0.0,0.58,0.0,0.81,0.18,0.0,0.89,1.59,1.23,0.91,1.65,0.0,0.01,0.0,0.0,0.68
3668,438.93,0.04624,0.271672,-0.961278,-0.343803,0.420786,-0.839487,-0.164,0.367,0.62,0.09,0.35,0.0,1.05,0.18,0.0,0.8,1.75,1.36,0.55,1.12,0.0,0.01,0.0,0.0,1.15
3669,438.97,0.031209,0.359209,-0.932735,-0.391478,0.433368,-0.81175,-0.204,0.426,0.65,0.09,0.08,0.0,1.33,0.18,0.0,0.75,1.93,1.63,0.18,0.59,0.0,0.04,0.0,0.0,1.48
3670,439.0,0.021234,0.333468,-0.942522,-0.42284,0.403816,-0.811258,-0.225,0.398,0.44,0.44,0.34,0.0,1.32,0.0,0.02,0.62,1.72,1.87,0.0,0.63,0.0,0.03,0.0,0.0,1.41
3671,439.03,0.15015,0.313157,-0.937757,-0.345903,0.390966,-0.852934,-0.109,0.375,0.79,0.81,0.44,0.0,0.94,0.0,0.38,0.45,1.06,1.54,0.0,0.51,0.0,0.03,0.0,0.1,1.44
3672,439.07,-0.112475,0.404162,-0.907746,-0.313942,0.520506,-0.794049,-0.246,0.498,1.17,1.01,0.49,0.0,0.56,0.0,0.55,0.39,0.38,1.03,0.0,0.4,0.0,0.09,0.0,0.12,1.59
3673,439.1,-0.131049,0.378294,-0.916362,-0.380183,0.494762,-0.781455,-0.292,0.475,1.75,0.8,0.22,0.0,0.28,0.0,0.9,0.19,0.0,0.41,0.0,0.07,0.0,0.28,0.0,0.46,2.01
3674,439.13,-0.185283,0.383247,-0.904871,-0.424931,0.529543,-0.734178,-0.356,0.508,1.64,0.56,0.14,0.0,0.31,0.0,1.16,0.16,0.0,0.2,0.0,0.36,0.0,0.45,0.0,0.47,1.65
3675,439.17,-0.245626,0.395329,-0.885089,-0.434245,0.496331,-0.751723,-0.394,0.499,1.46,0.54,0.15,0.0,0.26,0.0,1.27,0.04,0.0,0.06,0.0,0.74,0.0,0.82,0.0,0.76,1.07
3676,439.2,-0.300734,0.326359,-0.89613,-0.431095,0.451606,-0.781159,-0.411,0.434,1.41,0.69,0.2,0.0,0.18,0.0,1.59,0.0,0.0,0.0,0.26,1.24,0.0,0.87,0.0,0.42,0.7
3677,439.23,-0.27997,0.370207,-0.885756,-0.427265,0.453663,-0.782071,-0.401,0.459,1.44,0.76,0.15,0.0,0.07,0.0,1.69,0.0,0.0,0.0,0.71,1.41,0.0,1.12,0.0,0.41,0.57
3678,439.27,-0.306853,0.377028,-0.873894,-0.434902,0.449882,-0.780043,-0.422,0.464,1.68,0.97,0.21,0.0,0.0,0.0,2.13,0.0,0.0,0.0,1.06,1.48,0.0,1.24,0.0,0.33,0.74
3679,439.3,-0.275808,0.371632,-0.886465,-0.452709,0.463341,-0.76182,-0.416,0.469,1.73,1.14,0.17,0.0,0.0,0.0,2.13,0.0,0.0,0.0,1.17,1.46,0.0,1.68,0.0,0.5,0.86
3680,439.33,-0.226232,0.340384,-0.912665,-0.459108,0.456246,-0.762273,-0.388,0.444,1.67,1.44,0.15,0.0,0.0,0.0,1.97,0.0,0.0,0.0,0.97,1.32,0.0,2.03,0.0,0.67,0.79
3681,439.37,-0.195178,0.359709,-0.912423,-0.467215,0.485256,-0.739078,-0.381,0.473,1.61,1.67,0.03,0.0,0.0,0.0,1.79,0.0,0.0,0.0,0.7,1.22,0.0,2.45,0.0,0.99,0.47
3682,439.4,-0.212604,0.346191,-0.913757,-0.459844,0.503246,-0.731634,-0.388,0.477,1.76,2.06,0.0,0.0,0.0,0.0,1.38,0.0,0.0,0.0,0.65,1.07,0.0,3.07,0.0,1.48,0.13
3683,439.43,-0.207859,0.324987,-0.922593,-0.416731,0.523988,-0.742813,-0.359,0.471,2.09,2.26,0.0,0.0,0.0,0.0,1.17,0.0,0.0,0.0,0.68,1.14,0.0,3.31,0.0,1.93,0.01
3684,439.47,-0.25236,0.342584,-0.904959,-0.389911,0.494252,-0.776971,-0.365,0.462,2.3,2.38,0.0,0.09,0.1,0.0,1.09,0.01,0.04,0.0,0.92,1.16,0.0,3.22,0.0,1.95,0.0
3685,439.5,-0.26572,0.328974,-0.906184,-0.408305,0.485097,-0.773284,-0.382,0.451,2.16,2.1,0.0,0.11,0.23,0.0,1.21,0.16,0.09,0.0,0.84,1.0,0.0,2.71,0.0,2.04,0.0
3686,439.53,-0.269837,0.300146,-0.914932,-0.38966,0.483886,-0.783594,-0.37,0.432,1.97,2.0,0.0,0.11,0.38,0.0,1.27,0.28,0.11,0.0,0.88,0.8,0.0,2.53,0.0,2.0,0.0
3687,439.57,-0.252913,0.296869,-0.920817,-0.400092,0.503081,-0.766052,-0.369,0.443,1.95,1.85,0.0,0.02,0.45,0.0,1.14,0.41,0.12,0.0,0.69,0.66,0.0,2.37,0.0,1.95,0.0
3688,439.6,-0.240428,0.291252,-0.925941,-0.403208,0.494297,-0.770126,-0.363,0.434,2.01,1.98,0.13,0.0,0.36,0.0,0.99,0.36,0.06,0.0,0.44,0.55,0.0,2.3,0.0,1.8,0.13
3689,439.63,-0.200957,0.268941,-0.941959,-0.368517,0.461714,-0.806855,-0.315,0.396,1.83,1.96,0.34,0.0,0.22,0.0,0.83,0.24,0.05,0.06,0.13,0.35,0.0,2.1,0.0,1.79,0.6
3690,439.67,-0.229529,0.311494,-0.92211,-0.36775,0.509208,-0.778118,-0.338,0.45,1.55,2.05,0.51,0.0,0.06,0.0,0.75,0.13,0.0,0.06,0.04,0.13,0.0,1.98,0.0,1.97,1.03
3691,439.7,-0.216751,0.305331,-0.92725,-0.369159,0.474825,-0.798913,-0.327,0.424,1.37,2.07,0.44,0.01,0.01,0.0,0.74,0.15,0.14,0.32,0.04,0.0,0.0,1.76,0.0,1.72,1.65
3692,439.73,-0.246439,0.228859,-0.941749,-0.393389,0.413098,-0.821338,-0.348,0.349,1.1,2.07,0.23,0.01,0.04,0.0,0.65,0.36,0.34,0.26,0.3,0.0,0.0,1.63,0.0,1.12,2.13
3693,439.77,-0.148371,0.232706,-0.961163,-0.378787,0.404355,-0.832476,-0.286,0.341,0.84,1.74,0.06,0.01,0.15,0.0,0.46,0.52,0.69,0.71,0.82,0.0,0.0,1.55,0.0,0.41,2.38
3694,439.8,-0.045862,0.191168,-0.980485,-0.427521,0.319693,-0.84559,-0.254,0.273,0.61,1.33,0.0,0.0,0.28,0.0,0.22,0.43,0.94,1.24,0.82,0.0,0.0,1.7,0.0,0.08,2.28
3695,439.83,0.0774,0.232454,-0.969523,-0.429263,0.355856,-0.830121,-0.193,0.316,0.44,0.67,0.0,0.0,0.45,0.0,0.06,0.38,1.3,2.13,0.56,0.0,0.04,1.93,0.0,0.0,1.33
3696,439.87,0.090913,0.239452,-0.966642,-0.505691,0.3981,-0.765371,-0.235,0.353,0.27,0.37,0.0,0.0,0.65,0.0,0.0,0.34,1.43,2.47,0.0,0.0,0.04,1.98,0.0,0.0,0.64
3697,439.9,0.097633,0.244356,-0.964758,-0.381057,0.323497,-0.866109,-0.154,0.301,0.01,0.06,0.0,0.0,0.86,0.17,0.0,0.46,1.52,2.29,0.0,0.0,0.04,1.9,0.0,0.0,0.0
3698,439.93,0.170324,0.238256,-0.95615,-0.356926,0.274263,-0.892963,-0.101,0.27,0.0,0.06,0.0,0.0,0.91,0.27,0.0,0.56,1.51,1.84,0.0,0.0,0.0,1.65,0.0,0.0,0.0
3699,439.97,0.168665,0.24178,-0.95556,-0.351098,0.325571,-0.877914,-0.099,0.3,0.0,0.0,0.0,0.0,0.77,0.55,0.0,0.6,1.53,1.42,0.0,0.0,0.0,1.53,0.0,0.0,0.0
3700,440.0,0.175509,0.239332,-0.954943,-0.343303,0.323844,-0.881628,-0.091,0.298,0.0,0.0,0.0,0.0,0.64,0.66,0.0,0.65,1.59,1.24,0.0,0.0,0.01,1.42,0.0,0.0,0.0
3701,440.03,0.130159,0.250643,-0.95929,-0.157554,0.285034,-0.94548,-0.014,0.274,0.0,0.0,0.0,0.0,0.58,0.72,0.0,0.57,1.52,1.23,0.0,0.09,0.01,1.18,0.0,0.02,0.0
3702,440.07,0.144634,0.251329,-0.957034,-0.154511,0.291273,-0.94408,-0.005,0.278,0.0,0.0,0.0,0.0,0.67,0.58,0.0,0.69,1.53,1.34,0.0,0.2,0.01,0.86,0.0,0.02,0.0
3703,440.1,0.154803,0.248984,-0.956056,-0.176647,0.29254,-0.939796,-0.012,0.278,0.0,0.0,0.0,0.0,0.68,0.57,0.0,0.79,1.45,1.36,0.07,0.4,0.03,0.43,0.0,0.14,0.0
3704,440.13,0.124897,0.239042,-0.962943,-0.145217,0.281238,-0.948587,-0.011,0.266,0.0,0.0,0.04,0.0,0.65,0.54,0.0,0.89,1.46,1.34,0.12,0.51,0.15,0.19,0.01,0.21,0.06
3705,440.17,0.13276,0.243215,-0.960844,-0.160632,0.281112,-0.946136,-0.015,0.268,0.0,0.0,0.13,0.0,0.61,0.53,0.0,0.84,1.39,1.22,0.31,0.65,0.22,0.03,0.1,0.45,0.16
3706,440.2,0.120732,0.232552,-0.965061,-0.175668,0.280177,-0.943738,-0.029,0.262,0.0,0.0,0.25,0.0,0.61,0.39,0.0,0.78,1.32,1.13,0.48,0.69,0.28,0.0,0.22,0.53,0.25
3707,440.23,0.127811,0.226505,-0.965588,-0.180722,0.279743,-0.942912,-0.028,0.259,0.06,0.0,0.32,0.0,0.65,0.39,0.0,0.8,1.19,1.16,0.52,0.78,0.24,0.0,0.36,0.66,0.32
3708,440.27,0.086231,0.224676,-0.97061,-0.154955,0.269096,-0.950566,-0.036,0.252,0.11,0.0,0.33,0.0,0.64,0.37,0.0,0.86,1.15,1.19,0.45,0.78,0.26,0.0,0.41,0.66,0.35
3709,440.3,0.085578,0.223511,-0.970937,-0.156975,0.269839,-0.950024,-0.037,0.251,0.15,0.0,0.32,0.0,0.61,0.38,0.0,0.89,1.16,1.19,0.32,0.85,0.28,0.0,0.48,0.66,0.37
3710,440.33,0.077481,0.231755,-0.969684,-0.170587,0.278038,-0.945301,-0.049,0.26,0.12,0.0,0.39,0.0,0.57,0.37,0.0,0.89,1.15,1.12,0.32,0.89,0.29,0.0,0.43,0.63,0.38
3711,440.37,0.061367,0.230326,-0.971177,-0.171511,0.280662,-0.944358,-0.057,0.261,0.07,0.0,0.43,0.0,0.57,0.46,0.0,0.83,1.15,0.94,0.21,0.97,0.37,0.0,0.38,0.64,0.41
3712,440.4,0.061229,0.235299,-0.969992,-0.196932,0.279227,-0.939814,-0.071,0.263,0.07,0.0,0.52,0.0,0.58,0.53,0.0,0.81,1.19,0.86,0.1,0.97,0.4,0.0,0.29,0.64,0.5
3713,440.43,0.050704,0.23504,-0.970662,-0.196405,0.282009,-0.939093,-0.076,0.264,0.03,0.0,0.5,0.0,0.64,0.62,0.0,0.76,1.3,0.86,0.01,0.94,0.32,0.0,0.39,0.67,0.82
3714,440.47,0.056441,0.236215,-0.97006,-0.350245,0.300191,-0.887251,-0.157,0.281,0.03,0.0,0.51,0.0,0.65,0.62,0.0,0.76,1.38,0.99,0.0,0.91,0.17,0.0,0.53,0.72,1.08
3715,440.5,0.057,0.233631,-0.970653,-0.351694,0.293912,-0.888778,-0.157,0.276,0.0,0.0,0.45,0.0,0.67,0.62,0.0,0.71,1.39,0.99,0.0,0.92,0.05,0.0,0.62,0.83,1.21
3716,440.53,0.057754,0.233229,-0.970705,-0.35089,0.292242,-0.889647,-0.156,0.275,0.1,0.0,0.44,0.0,0.58,0.42,0.0,0.7,1.35,0.96,0.0,0.96,0.18,0.0,0.65,1.08,1.62
3717,440.57,0.113153,0.28094,-0.953032,-0.375065,0.333506,-0.864928,-0.143,0.326,0.27,0.0,0.37,0.0,0.48,0.21,0.0,0.64,1.31,0.98,0.0,0.97,0.21,0.0,0.77,1.4,2.13
3718,440.6,0.084184,0.279337,-0.956496,-0.372584,0.340297,-0.863353,-0.157,0.328,0.41,0.06,0.41,0.0,0.34,0.0,0.0,0.61,1.15,1.12,0.0,0.87,0.18,0.02,0.78,1.77,2.7
3719,440.63,0.062646,0.283396,-0.956955,-0.405279,0.334655,-0.850738,-0.187,0.329,0.36,0.06,0.39,0.0,0.23,0.0,0.0,0.45,0.93,1.14,0.0,0.7,0.03,0.15,0.67,1.99,2.49
3720,440.67,0.075505,0.299864,-0.950989,-0.412672,0.383626,-0.826155,-0.187,0.367,0.21,0.06,0.44,0.0,0.12,0.0,0.0,0.29,0.72,1.08,0.0,0.53,0.0,0.34,0.49,2.09,2.15
3721,440.7,0.078865,0.297218,-0.951547,-0.410324,0.38684,-0.825826,-0.184,0.367,0.21,0.0,0.48,0.0,0.08,0.0,0.0,0.18,0.66,1.14,0.0,0.4,0.0,0.6,0.28,1.98,1.65
3722,440.73,0.000726,0.307505,-0.951546,-0.387831,0.378512,-0.840426,-0.213,0.366,0.28,0.0,0.64,0.0,0.07,0.0,0.0,0.08,0.67,1.15,0.0,0.32,0.05,0.81,0.17,1.87,1.38
3723,440.77,-0.009025,0.310852,-0.950415,-0.39223,0.376385,-0.839339,-0.221,0.367,0.37,0.11,0.85,0.0,0.09,0.0,0.0,0.08,0.63,1.05,0.0,0.17,0.19,0.9,0.0,2.04,1.19
3724,440.8,-0.06825,0.302826,-0.950599,-0.413501,0.380228,-0.827311,-0.265,0.367,0.47,0.24,0.92,0.0,0.08,0.0,0.0,0.0,0.4,0.56,0.68,0.21,0.19,1.3,0.0,1.84,1.13
3725,440.83,-0.088379,0.294448,-0.951572,-0.427265,0.355913,-0.831126,-0.282,0.35,0.53,0.34,0.98,0.0,0.04,0.0,0.0,0.0,0.17,0.2,1.37,0.22,0.14,1.58,0.0,1.8,1.11
3726,440.87,-0.084103,0.292018,-0.952708,-0.437607,0.35091,-0.827866,-0.285,0.347,0.63,0.29,0.94,0.0,0.02,0.0,0.0,0.0,0.0,0.0,1.97,0.28,0.0,1.9,0.0,1.4,1.11
3727,440.9,-0.085116,0.292006,-0.952621,-0.434374,0.353323,-0.828542,-0.284,0.348,0.54,0.31,0.85,0.0,0.01,0.0,0.0,0.19,0.0,0.46,1.82,0.28,0.0,2.3,0.09,1.73,1.25
3728,440.93,-0.128331,0.30033,-0.945163,-0.392668,0.379455,-0.83775,-0.284,0.364,0.44,0.34,0.75,0.0,0.0,0.0,0.0,0.33,0.0,0.79,2.76,0.27,0.0,2.62,0.09,2.29,1.23
3729,440.97,-0.144868,0.299822,-0.942932,-0.400105,0.395539,-0.826719,-0.299,0.374,0.45,0.41,0.74,0.0,0.0,0.0,0.0,0.92,0.0,1.07,3.82,0.2,0.0,2.76,0.09,3.02,1.23
3730,441.0,-0.176348,0.286338,-0.94176,-0.420236,0.378734,-0.824598,-0.326,0.36,0.57,0.48,0.85,0.0,0.06,0.0,0.0,1.45,0.0,0.81,4.96,0.1,0.0,2.31,0.14,3.58,0.97
3731,441.03,-0.15054,0.301262,-0.941583,-0.423068,0.386962,-0.819313,-0.315,0.373,0.55,0.49,0.96,0.0,0.17,0.0,0.0,2.06,0.0,0.71,5.0,0.0,0.0,2.21,0.14,3.41,0.72
3732,441.07,-0.227236,0.341438,-0.912022,-0.432395,0.382375,-0.816593,-0.365,0.397,0.34,0.52,1.05,0.0,0.28,0.0,0.0,2.16,0.0,0.49,5.0,0.0,0.0,2.25,0.17,2.95,0.57
3733,441.1,-0.237023,0.342152,-0.909259,-0.447094,0.377722,-0.810823,-0.379,0.396,0.07,0.53,1.26,0.0,0.22,0.0,0.09,2.01,0.0,0.34,5.0,0.0,0.0,2.82,0.03,2.59,0.5
3734,441.13,-0.255602,0.353369,-0.899888,-0.52204,0.39217,-0.757414,-0.439,0.423,0.01,0.64,1.47,0.0,0.11,0.03,0.33,1.77,0.0,0.12,5.0,0.12,0.0,3.38,0.27,2.54,0.54
3735,441.17,-0.261715,0.352766,-0.898366,-0.516247,0.381767,-0.766644,-0.437,0.415,0.0,0.48,1.09,0.0,0.0,0.03,0.33,1.07,0.0,0.05,3.33,0.12,0.0,2.58,0.24,1.77,0.3
3736,441.2,0.0,0.0,0.0,0.0,0.0,0.0,0.0,0.0,0.0,0.25,0.55,0.0,0.0,0.03,0.24,0.5,0.0,0.0,1.67,0.12,0.0,1.39,0.24,0.87,0.15
3737,441.23,0.0,0.0,0.0,0.0,0.0,0.0,0.0,0.0,0.0,0.0,0.0,0.0,0.0,0.0,0.0,0.0,0.0,0.0,0.0,0.0,0.0,0.0,0.0,0.0,0.0
3738,441.27,0.0,0.0,0.0,0.0,0.0,0.0,0.0,0.0,0.0,0.0,0.0,0.0,0.0,0.0,0.0,0.0,0.0,0.0,0.0,0.0,0.0,0.0,0.0,0.0,0.0
3739,441.3,0.0,0.0,0.0,0.0,0.0,0.0,0.0,0.0,0.0,0.0,0.0,0.0,0.0,0.0,0.0,0.0,0.0,0.0,0.0,0.0,0.0,0.0,0.0,0.0,0.0
3740,441.33,0.0,0.0,0.0,0.0,0.0,0.0,0.0,0.0,0.0,0.0,0.0,0.0,0.0,0.0,0.0,0.0,0.0,0.0,0.0,0.0,0.0,0.0,0.0,0.0,0.0
3741,441.37,0.0,0.0,0.0,0.0,0.0,0.0,0.0,0.0,0.01,0.0,0.34,0.0,0.03,0.0,0.02,0.45,0.0,0.0,1.67,0.28,0.0,1.31,0.79,1.43,0.18
3742,441.4,-0.300843,0.219048,-0.928177,-0.457269,0.315525,-0.831474,-0.407,0.295,0.14,0.0,0.67,0.0,0.09,0.0,0.02,1.14,0.0,0.0,3.33,0.28,0.0,2.91,0.79,2.51,0.28
3743,441.43,-0.194804,0.194473,-0.96137,-0.440486,0.295733,-0.847652,-0.338,0.265,0.33,0.0,0.9,0.0,0.2,0.0,0.02,1.87,0.0,0.0,5.0,0.28,0.0,4.58,1.01,3.56,0.49
3744,441.47,-0.208856,0.214973,-0.954026,-0.430595,0.30587,-0.849136,-0.341,0.281,0.56,0.0,0.78,0.0,0.27,0.0,0.0,2.1,0.0,0.0,5.0,0.11,0.0,4.93,0.64,3.02,0.4
3745,441.5,-0.218937,0.221222,-0.95033,-0.434056,0.305938,-0.847347,-0.348,0.285,0.69,0.0,0.79,0.0,0.33,0.0,0.06,1.81,0.0,0.0,5.0,0.52,0.0,5.0,1.11,2.41,0.57
3746,441.53,-0.187553,0.212909,-0.958902,-0.415612,0.308021,-0.855797,-0.321,0.28,0.65,0.0,0.87,0.0,0.42,0.16,0.19,1.23,0.0,0.0,5.0,1.89,0.0,5.0,2.49,1.46,0.73
3747,441.57,-0.239647,0.249085,-0.938364,-0.473005,0.280345,-0.835268,-0.382,0.29,0.44,0.0,0.98,0.0,0.51,0.31,0.42,0.7,0.0,0.0,5.0,2.71,0.0,5.0,2.79,0.56,1.2
3748,441.6,-0.207675,0.224147,-0.952171,-0.468617,0.266056,-0.842385,-0.36,0.267,0.18,0.0,0.91,0.0,0.61,0.55,0.63,0.54,0.0,0.0,5.0,3.37,0.0,5.0,3.22,0.09,1.58
3749,441.63,-0.251761,0.255759,-0.933383,-0.475491,0.262336,-0.839695,-0.389,0.284,0.17,0.0,0.97,0.0,0.62,0.55,0.63,0.45,0.0,0.0,5.0,3.27,0.0,5.0,2.86,0.0,1.88
3750,441.67,-0.163264,0.141869,-0.976329,-0.463104,0.213133,-0.860296,-0.329,0.191,0.33,0.0,0.99,0.0,0.66,0.65,0.54,0.48,0.0,0.0,5.0,3.54,0.0,5.0,3.19,0.0,1.96
3751,441.7,-0.157643,0.144763,-0.976828,-0.464956,0.211838,-0.859616,-0.327,0.192,0.33,0.0,1.06,0.08,0.63,0.49,0.46,0.47,0.0,0.0,5.0,3.66,0.0,5.0,3.36,0.0,1.93
3752,441.73,-0.164399,0.146066,-0.975519,-0.469041,0.244848,-0.848557,-0.334,0.211,0.33,0.0,0.94,0.16,0.63,0.47,0.5,0.54,0.0,0.0,5.0,3.86,0.0,5.0,3.04,0.0,1.74
3753,441.77,-0.2403,0.176976,-0.954429,-0.470793,0.247767,-0.846738,-0.376,0.232,0.21,0.0,0.75,0.21,0.66,0.22,0.61,0.51,0.0,0.0,5.0,3.95,0.0,5.0,2.64,0.0,1.62
3754,441.8,-0.109234,0.130852,-0.985366,-0.471274,0.243274,-0.847773,-0.307,0.201,0.29,0.0,0.56,0.13,0.71,0.33,0.62,0.57,0.0,0.04,5.0,4.26,0.0,5.0,2.81,0.0,1.44
3755,441.83,-0.242718,0.220997,-0.944589,-0.451854,0.266381,-0.851393,-0.369,0.265,0.25,0.0,0.5,0.05,0.64,0.37,0.66,0.7,0.0,0.04,5.0,4.45,0.0,4.91,3.1,0.0,1.43
3756,441.87,-0.224191,0.176249,-0.958475,-0.457694,0.220041,-0.861451,-0.358,0.214,0.28,0.0,0.58,0.0,0.45,0.48,0.67,0.65,0.0,0.04,5.0,4.84,0.0,4.88,3.8,0.0,1.28
3757,441.9,-0.272785,0.168127,-0.947271,-0.457457,0.21786,-0.862131,-0.384,0.21,0.2,0.0,0.43,0.0,0.2,0.28,0.48,0.38,0.0,0.0,3.33,3.33,0.0,3.21,2.55,0.0,0.84
3758,441.93,0.0,0.0,0.0,0.0,0.0,0.0,0.0,0.0,0.1,0.0,0.24,0.0,0.06,0.11,0.27,0.11,0.0,0.0,1.67,1.67,0.0,1.64,1.35,0.0,0.38
3759,441.97,0.0,0.0,0.0,0.0,0.0,0.0,0.0,0.0,0.0,0.0,0.0,0.0,0.0,0.0,0.0,0.0,0.0,0.0,0.0,0.0,0.0,0.0,0.0,0.0,0.0
3760,442.0,0.0,0.0,0.0,0.0,0.0,0.0,0.0,0.0,0.0,0.0,0.0,0.0,0.0,0.0,0.0,0.0,0.0,0.0,0.0,0.0,0.0,0.0,0.0,0.0,0.0
3761,442.03,0.0,0.0,0.0,0.0,0.0,0.0,0.0,0.0,0.0,0.0,0.0,0.0,0.0,0.0,0.0,0.0,0.0,0.0,0.0,0.0,0.0,0.0,0.0,0.0,0.0
3762,442.07,0.0,0.0,0.0,0.0,0.0,0.0,0.0,0.0,0.0,0.0,0.0,0.0,0.0,0.0,0.0,0.0,0.0,0.0,0.0,0.0,0.0,0.0,0.0,0.0,0.0
3763,442.1,0.0,0.0,0.0,0.0,0.0,0.0,0.0,0.0,0.0,0.0,0.0,0.0,0.0,0.0,0.0,0.0,0.0,0.0,0.0,0.0,0.0,0.0,0.0,0.0,0.0
3764,442.13,0.0,0.0,0.0,0.0,0.0,0.0,0.0,0.0,0.0,0.0,0.0,0.0,0.0,0.0,0.0,0.0,0.0,0.0,0.0,0.0,0.0,0.0,0.0,0.0,0.0
3765,442.17,0.0,0.0,0.0,0.0,0.0,0.0,0.0,0.0,0.0,0.0,0.0,0.0,0.0,0.0,0.0,0.0,0.0,0.0,0.0,0.0,0.0,0.0,0.0,0.0,0.0
3766,442.2,0.0,0.0,0.0,0.0,0.0,0.0,0.0,0.0,0.0,0.0,0.0,0.0,0.0,0.0,0.0,0.0,0.0,0.0,0.0,0.0,0.0,0.0,0.0,0.0,0.0
3767,442.23,0.0,0.0,0.0,0.0,0.0,0.0,0.0,0.0,0.0,0.0,0.0,0.0,0.0,0.0,0.0,0.0,0.0,0.0,0.0,0.0,0.0,0.0,0.0,0.0,0.0
3768,442.27,0.0,0.0,0.0,0.0,0.0,0.0,0.0,0.0,0.0,0.0,0.0,0.0,0.0,0.0,0.0,0.0,0.0,0.0,0.0,0.0,0.0,0.0,0.0,0.0,0.0
3769,442.3,0.0,0.0,0.0,0.0,0.0,0.0,0.0,0.0,0.0,0.0,0.0,0.0,0.0,0.0,0.0,0.0,0.0,0.0,0.0,0.0,0.0,0.0,0.0,0.0,0.0
3770,442.33,0.0,0.0,0.0,0.0,0.0,0.0,0.0,0.0,0.0,0.0,0.0,0.0,0.0,0.0,0.0,0.0,0.0,0.0,0.0,0.0,0.0,0.0,0.0,0.0,0.0
3771,442.37,0.0,0.0,0.0,0.0,0.0,0.0,0.0,0.0,0.0,0.0,0.0,0.0,0.0,0.0,0.0,0.0,0.0,0.0,0.0,0.0,0.0,0.0,0.0,0.0,0.0
3772,442.4,0.0,0.0,0.0,0.0,0.0,0.0,0.0,0.0,0.0,0.0,0.0,0.0,0.0,0.0,0.0,0.0,0.0,0.0,0.0,0.0,0.0,0.0,0.0,0.0,0.0
3773,442.43,0.0,0.0,0.0,0.0,0.0,0.0,0.0,0.0,0.0,0.0,0.0,0.0,0.0,0.0,0.0,0.0,0.0,0.0,0.0,0.0,0.0,0.0,0.0,0.0,0.0
3774,442.47,0.0,0.0,0.0,0.0,0.0,0.0,0.0,0.0,0.0,0.0,0.0,0.0,0.0,0.0,0.0,0.0,0.0,0.0,0.0,0.0,0.0,0.0,0.0,0.0,0.0
3775,442.5,0.0,0.0,0.0,0.0,0.0,0.0,0.0,0.0,0.0,0.0,0.2,0.0,0.27,0.31,0.58,0.23,0.0,0.19,1.67,1.29,0.0,1.67,1.33,0.38,0.0
3776,442.53,0.0,0.0,0.0,0.0,0.0,0.0,0.0,0.0,0.0,0.0,0.2,0.0,0.27,0.31,0.58,0.23,0.0,0.19,1.67,1.29,0.0,1.67,1.33,0.38,0.0
3777,442.57,0.0,0.0,0.0,0.0,0.0,0.0,0.0,0.0,0.0,0.0,0.79,0.0,0.27,0.36,1.31,0.41,0.0,0.48,3.33,2.36,0.0,3.33,2.07,1.0,0.0
3778,442.6,0.0,0.0,0.0,0.0,0.0,0.0,0.0,0.0,0.0,0.0,0.58,0.0,0.0,0.05,0.73,0.18,0.0,0.29,1.67,1.06,0.0,1.67,0.75,0.62,0.0
3779,442.63,0.0,0.0,0.0,0.0,0.0,0.0,0.0,0.0,0.0,0.0,0.84,0.0,0.0,0.08,1.61,0.34,0.0,0.29,3.33,2.73,0.0,3.28,2.19,0.62,0.78
3780,442.67,-0.225748,0.353744,-0.907691,-0.449112,0.268018,-0.852329,-0.366,0.34,0.0,0.0,0.6,0.0,0.0,0.04,1.72,0.25,0.0,0.0,3.33,3.33,0.0,3.15,3.11,0.0,1.48
3781,442.7,-0.231058,0.283557,-0.930703,-0.461589,0.278674,-0.842185,-0.372,0.307,0.03,0.0,1.09,0.0,0.0,0.15,2.44,0.38,0.0,0.0,5.0,5.0,0.0,4.81,4.62,0.0,1.84
3782,442.73,-0.213943,0.092587,-0.972448,-0.464917,0.23453,-0.853726,-0.356,0.177,0.03,0.0,0.84,0.0,0.0,0.11,1.56,0.21,0.0,0.0,3.33,3.33,0.0,3.2,3.18,0.0,1.06
3783,442.77,0.0,0.0,0.0,0.0,0.0,0.0,0.0,0.0,0.03,0.0,0.49,0.0,0.0,0.11,0.72,0.13,0.0,0.0,1.67,1.67,0.0,1.67,1.51,0.0,0.36
3784,442.8,0.0,0.0,0.0,0.0,0.0,0.0,0.0,0.0,0.0,0.0,0.0,0.0,0.0,0.0,0.0,0.0,0.0,0.0,0.0,0.0,0.0,0.0,0.0,0.0,0.0
3785,442.83,0.0,0.0,0.0,0.0,0.0,0.0,0.0,0.0,0.0,0.0,0.5,0.0,0.0,0.0,0.08,0.0,0.0,0.0,0.63,0.36,0.1,1.33,0.1,0.28,0.0
3786,442.87,-0.338136,0.289388,-0.895499,-0.49963,0.316624,-0.8063,-0.457,0.342,0.0,0.0,1.05,0.0,0.0,0.0,0.19,0.0,0.0,0.0,1.02,0.64,0.18,2.64,0.24,0.64,0.0
3787,442.9,-0.307252,0.342346,-0.887917,-0.503469,0.345654,-0.79186,-0.45,0.389,0.06,0.11,1.49,0.0,0.0,0.0,0.41,0.2,0.0,0.0,2.62,0.76,0.31,3.5,0.24,1.19,0.0
3788,442.93,-0.417043,0.231919,-0.8788,-0.582319,0.338488,-0.739141,-0.553,0.339,0.22,0.4,1.48,0.0,0.0,0.0,0.52,0.24,0.0,0.0,3.31,0.9,0.47,3.11,0.14,1.23,0.17
3789,442.97,-0.298631,0.278893,-0.912709,-0.546525,0.40958,-0.730448,-0.475,0.397,0.22,0.56,1.4,0.0,0.0,0.0,0.59,0.24,0.0,0.0,3.22,1.4,1.02,2.49,0.0,1.05,0.17
3790,443.0,-0.250362,0.241803,-0.93747,-0.376954,0.360359,-0.853257,-0.337,0.324,0.47,0.83,1.47,0.0,0.0,0.0,0.52,0.04,0.0,0.0,1.69,2.04,0.96,2.37,0.0,0.95,0.17
3791,443.03,-0.214369,0.349691,-0.91201,-0.534901,0.416589,-0.735074,-0.427,0.435,0.52,0.55,1.43,0.0,0.0,0.0,0.5,0.0,0.0,0.0,0.37,2.48,0.7,2.11,0.0,0.87,0.0
3792,443.07,-0.240637,0.312897,-0.918798,-0.472749,0.345255,-0.810745,-0.391,0.364,0.75,0.39,1.47,0.0,0.0,0.0,0.49,0.0,0.0,0.0,0.07,2.66,0.07,2.03,0.0,0.94,0.0
3793,443.1,-0.228502,0.294896,-0.927805,-0.530744,0.362046,-0.766312,-0.421,0.37,0.79,0.24,1.34,0.07,0.0,0.0,0.39,0.0,0.0,0.0,0.0,2.48,0.0,1.97,0.0,0.88,0.0
3794,443.13,-0.178536,0.21338,-0.960518,0.032273,-0.013534,-0.999387,-0.074,0.102,0.9,0.54,1.32,0.14,0.0,0.0,0.51,0.0,0.0,0.0,0.0,1.92,0.0,1.59,0.0,0.97,0.0
3795,443.17,-0.180475,0.233822,-0.955383,0.044111,-0.025924,-0.99869,-0.07,0.106,0.9,0.89,1.33,0.14,0.0,0.0,0.57,0.0,0.0,0.0,0.0,1.2,0.0,1.22,0.0,0.96,0.0
3796,443.2,-0.190711,0.216841,-0.957397,0.043267,-0.026965,-0.9987,-0.075,0.097,0.82,1.25,1.44,0.07,0.0,0.0,0.83,0.0,0.0,0.0,0.0,0.83,0.0,0.62,0.0,0.84,0.43
3797,443.23,-0.061195,0.366984,-0.928212,-0.420813,0.466318,-0.778115,-0.275,0.454,0.86,1.5,1.5,0.0,0.0,0.0,0.84,0.0,0.0,0.0,0.0,0.72,0.0,0.47,0.0,0.7,0.88
3798,443.27,-0.054769,0.360051,-0.931323,-0.371062,0.457027,-0.808356,-0.24,0.439,0.98,1.66,1.45,0.0,0.0,0.0,0.95,0.0,0.0,0.0,0.0,0.68,0.0,0.37,0.0,0.67,1.32
3799,443.3,-0.054052,0.357467,-0.93236,-0.373471,0.455796,-0.807942,-0.241,0.437,0.94,1.37,1.38,0.0,0.0,0.0,0.96,0.0,0.0,0.0,0.0,0.77,0.0,0.37,0.0,0.48,0.89
3800,443.33,-0.09092,0.266751,-0.959467,-0.511956,0.288041,-0.809279,-0.328,0.304,0.87,1.09,1.27,0.0,0.0,0.0,0.93,0.0,0.0,0.0,0.0,0.65,0.0,0.39,0.0,0.28,0.44
3801,443.37,-0.037396,0.281528,-0.958824,-0.515851,0.387473,-0.764044,-0.311,0.37,0.98,0.96,1.19,0.0,0.0,0.0,1.01,0.0,0.0,0.0,0.0,0.5,0.0,0.25,0.0,0.08,0.71
3802,443.4,0.028091,0.37262,-0.927559,-0.353466,0.472515,-0.807336,-0.185,0.453,1.15,1.04,1.13,0.0,0.0,0.0,1.03,0.0,0.0,0.0,0.0,0.27,0.0,0.16,0.0,0.0,1.46
3803,443.43,0.027904,0.370865,-0.928268,-0.371721,0.465782,-0.803038,-0.196,0.45,1.41,1.21,1.3,0.0,0.0,0.0,1.24,0.0,0.0,0.0,0.12,0.27,0.0,0.0,0.0,0.0,2.18
3804,443.47,0.019958,0.36435,-0.931048,-0.274098,0.412881,-0.868562,-0.14,0.408,1.36,1.13,1.38,0.0,0.0,0.0,1.25,0.0,0.0,0.0,0.29,0.37,0.0,0.0,0.0,0.0,2.18
3805,443.5,0.029546,0.344124,-0.938459,-0.258937,0.394384,-0.88171,-0.125,0.385,1.41,1.17,1.52,0.0,0.0,0.0,1.29,0.0,0.0,0.0,0.3,0.44,0.0,0.0,0.0,0.0,2.1
3806,443.53,0.014188,0.331569,-0.943324,-0.271042,0.408121,-0.871765,-0.141,0.387,1.09,0.94,1.43,0.0,0.0,0.0,1.23,0.0,0.0,0.0,0.17,0.36,0.0,0.0,0.0,0.0,1.53
3807,443.57,-0.036171,0.239605,-0.970197,-0.277838,0.310139,-0.909186,-0.166,0.285,0.96,0.86,1.34,0.0,0.0,0.0,1.13,0.0,0.0,0.0,0.01,0.24,0.15,0.0,0.0,0.0,0.9
3808,443.6,0.014503,0.279196,-0.960125,-0.300207,0.320916,-0.89827,-0.153,0.312,0.7,0.71,1.22,0.0,0.0,0.0,1.09,0.0,0.0,0.0,0.0,0.17,0.27,0.0,0.0,0.0,0.22
3809,443.63,0.016854,0.275446,-0.961169,-0.294879,0.328936,-0.897133,-0.149,0.314,0.77,0.71,1.21,0.0,0.0,0.0,0.92,0.0,0.0,0.0,0.0,0.2,0.46,0.11,0.0,0.0,0.07
3810,443.67,0.034384,0.272409,-0.961567,-0.350795,0.376355,-0.857496,-0.172,0.343,0.79,0.78,1.26,0.0,0.0,0.0,0.79,0.0,0.0,0.0,0.0,0.24,0.51,0.29,0.0,0.0,0.01
3811,443.7,0.047525,0.271152,-0.961363,-0.37962,0.397,-0.835631,-0.183,0.356,0.9,0.79,1.3,0.0,0.0,0.0,0.69,0.0,0.0,0.0,0.0,0.29,0.65,0.53,0.0,0.0,0.01
3812,443.73,0.057192,0.272044,-0.960584,-0.451361,0.465282,-0.761436,-0.225,0.405,0.95,0.95,1.32,0.0,0.0,0.0,0.72,0.0,0.0,0.0,0.0,0.2,0.67,0.61,0.0,0.06,0.0
3813,443.77,0.043758,0.304057,-0.951648,-0.439735,0.488591,-0.7536,-0.228,0.435,0.95,0.9,1.39,0.0,0.0,0.0,0.79,0.0,0.0,0.0,0.0,0.19,0.47,0.63,0.0,0.06,0.0
3814,443.8,0.068233,0.301639,-0.950978,-0.413544,0.511388,-0.753302,-0.2,0.445,0.9,0.9,1.4,0.03,0.0,0.0,0.74,0.0,0.0,0.0,0.0,0.18,0.21,0.71,0.0,0.14,0.0
3815,443.83,0.086605,0.297647,-0.95074,-0.528349,0.531961,-0.661713,-0.267,0.475,0.86,0.8,1.39,0.03,0.0,0.0,0.68,0.0,0.0,0.0,0.0,0.32,0.0,0.86,0.0,0.13,0.0
3816,443.87,0.10359,0.290795,-0.951161,-0.380392,0.484061,-0.788028,-0.158,0.419,0.83,0.83,1.34,0.03,0.0,0.0,0.59,0.0,0.0,0.0,0.0,0.34,0.0,1.01,0.0,0.13,0.0
3817,443.9,0.114278,0.284675,-0.951788,-0.391232,0.487809,-0.780372,-0.159,0.419,0.8,0.94,1.35,0.0,0.0,0.0,0.61,0.0,0.0,0.0,0.0,0.37,0.0,1.03,0.0,0.06,0.0
3818,443.93,0.1063,0.288321,-0.951615,-0.359455,0.45722,-0.813475,-0.142,0.4,0.77,1.08,1.3,0.03,0.0,0.0,0.57,0.0,0.0,0.0,0.0,0.42,0.0,1.08,0.0,0.21,0.0
3819,443.97,0.115602,0.280654,-0.952822,-0.393213,0.495555,-0.774473,-0.159,0.422,0.77,1.22,1.23,0.03,0.0,0.0,0.52,0.0,0.0,0.0,0.0,0.46,0.0,1.2,0.0,0.37,0.0
3820,444.0,0.136565,0.275014,-0.951692,-0.395085,0.506649,-0.766299,-0.149,0.427,0.82,1.22,1.15,0.06,0.0,0.0,0.45,0.0,0.0,0.0,0.0,0.54,0.0,1.36,0.0,0.53,0.0
3821,444.03,0.121676,0.260548,-0.957763,-0.3888,0.492784,-0.778459,-0.153,0.409,0.94,1.22,1.19,0.08,0.0,0.0,0.41,0.0,0.0,0.0,0.0,0.53,0.0,1.46,0.0,0.49,0.0
3822,444.07,0.090822,0.269434,-0.958727,-0.349285,0.417667,-0.838782,-0.143,0.365,1.07,1.23,1.19,0.09,0.0,0.0,0.45,0.0,0.0,0.0,0.0,0.51,0.0,1.43,0.0,0.54,0.0
3823,444.1,0.088416,0.27051,-0.958649,-0.332898,0.402241,-0.852866,-0.134,0.356,1.07,1.07,1.28,0.06,0.0,0.0,0.46,0.0,0.0,0.0,0.0,0.48,0.0,1.29,0.0,0.49,0.0
3824,444.13,0.082084,0.269244,-0.959568,-0.299327,0.389946,-0.87083,-0.118,0.346,0.99,0.86,1.26,0.01,0.0,0.0,0.49,0.0,0.0,0.0,0.0,0.42,0.0,1.18,0.0,0.49,0.0
3825,444.17,0.082673,0.273858,-0.95821,-0.304167,0.384329,-0.87165,-0.12,0.345,0.89,0.76,1.26,0.0,0.0,0.0,0.49,0.0,0.0,0.0,0.0,0.5,0.0,1.01,0.0,0.46,0.04
3826,444.2,0.052959,0.294216,-0.954271,-0.293826,0.374881,-0.879278,-0.131,0.35,0.88,0.97,1.2,0.0,0.0,0.0,0.5,0.0,0.0,0.0,0.0,0.55,0.0,0.97,0.0,0.57,0.04
3827,444.23,0.053836,0.281176,-0.958145,-0.332167,0.401539,-0.853482,-0.152,0.36,0.94,1.19,1.18,0.03,0.0,0.0,0.54,0.0,0.0,0.0,0.0,0.57,0.0,0.82,0.0,0.65,0.19
3828,444.27,0.069951,0.277417,-0.9582,-0.302211,0.397089,-0.866596,-0.127,0.354,1.0,1.3,1.15,0.07,0.0,0.0,0.57,0.0,0.0,0.0,0.0,0.47,0.0,0.77,0.0,0.8,0.31
3829,444.3,0.075928,0.272535,-0.959145,-0.330192,0.406942,-0.851688,-0.14,0.359,1.03,1.3,1.14,0.14,0.0,0.0,0.58,0.0,0.0,0.0,0.0,0.33,0.0,0.67,0.0,0.94,0.44
3830,444.33,0.079793,0.269657,-0.959645,-0.305664,0.397592,-0.865153,-0.123,0.351,1.31,1.48,1.0,0.12,0.0,0.0,0.58,0.0,0.0,0.0,0.0,0.24,0.0,0.55,0.0,0.94,1.15
3831,444.37,0.267747,0.370761,-0.889296,-0.20547,0.49277,-0.845553,0.036,0.462,1.33,1.51,0.95,0.24,0.0,0.0,0.58,0.0,0.0,0.0,0.0,0.3,0.0,0.51,0.0,0.93,1.71
3832,444.4,0.207985,0.333019,-0.919696,-0.345133,0.457927,-0.81926,-0.079,0.427,1.06,1.26,0.94,0.16,0.0,0.0,0.57,0.0,0.0,0.0,0.0,0.39,0.0,0.57,0.0,0.91,1.97
3833,444.43,0.147498,0.323994,-0.93449,-0.340976,0.491703,-0.801226,-0.111,0.439,0.52,0.85,1.02,0.16,0.0,0.0,0.41,0.0,0.0,0.0,0.0,0.59,0.0,0.89,0.0,0.95,1.23
3834,444.47,0.174828,0.246615,-0.953214,-0.487267,0.487372,-0.724596,-0.184,0.412,0.39,0.67,1.11,0.01,0.0,0.0,0.25,0.0,0.0,0.0,0.0,0.62,0.0,1.1,0.0,0.99,0.7
3835,444.5,0.178011,0.252479,-0.951087,-0.520494,0.5058,-0.687933,-0.206,0.433,0.5,0.69,1.09,0.01,0.0,0.0,0.14,0.0,0.0,0.0,0.0,0.65,0.0,1.32,0.0,1.05,0.44
3836,444.53,0.181259,0.25474,-0.94987,-0.493056,0.489961,-0.718911,-0.185,0.42,0.59,0.68,1.03,0.01,0.0,0.0,0.1,0.0,0.0,0.0,0.0,0.6,0.0,1.4,0.0,1.04,0.41
3837,444.57,0.177379,0.249818,-0.951907,-0.564807,0.490564,-0.663581,-0.235,0.43,0.53,0.53,0.91,0.0,0.0,0.0,0.14,0.0,0.0,0.0,0.0,0.58,0.0,1.41,0.0,0.9,0.34
3838,444.6,0.174744,0.243284,-0.954085,-0.53975,0.477597,-0.693233,-0.218,0.413,0.45,0.32,0.76,0.0,0.0,0.0,0.15,0.0,0.0,0.0,0.0,0.56,0.0,1.27,0.0,0.69,0.31
3839,444.63,0.179668,0.244315,-0.952906,-0.393641,0.453894,-0.799392,-0.122,0.379,0.49,0.13,0.7,0.0,0.0,0.0,0.14,0.0,0.0,0.0,0.0,0.54,0.0,1.17,0.0,0.58,0.35
3840,444.67,0.191207,0.236506,-0.952631,-0.473923,0.454893,-0.753969,-0.164,0.385,0.56,0.0,0.7,0.0,0.0,0.0,0.07,0.0,0.0,0.0,0.0,0.56,0.0,1.1,0.0,0.5,0.39
3841,444.7,0.190721,0.240107,-0.951827,-0.444831,0.454326,-0.771825,-0.146,0.383,0.64,0.08,0.79,0.0,0.0,0.0,0.0,0.0,0.0,0.0,0.0,0.59,0.0,1.12,0.0,0.52,0.4
3842,444.73,0.183196,0.247869,-0.951315,-0.381896,0.441824,-0.811755,-0.112,0.373,0.61,0.1,0.8,0.0,0.0,0.0,0.0,0.0,0.0,0.0,0.0,0.55,0.0,1.13,0.0,0.53,0.45
3843,444.77,0.194725,0.242003,-0.950535,-0.373986,0.437008,-0.818021,-0.101,0.367,0.59,0.18,0.79,0.0,0.0,0.0,0.0,0.0,0.0,0.0,0.0,0.53,0.0,1.17,0.0,0.49,0.45
3844,444.8,0.189895,0.245846,-0.950526,-0.387639,0.450375,-0.8043,-0.112,0.378,0.55,0.1,0.75,0.0,0.0,0.0,0.03,0.0,0.0,0.0,0.0,0.41,0.0,1.1,0.0,0.48,0.6
3845,444.83,0.189138,0.242001,-0.951663,-0.402965,0.459074,-0.791752,-0.122,0.382,0.56,0.08,0.71,0.0,0.0,0.0,0.03,0.0,0.0,0.0,0.0,0.25,0.0,1.11,0.0,0.48,0.68
3846,444.87,0.18174,0.228561,-0.956415,-0.470286,0.444701,-0.762281,-0.166,0.373,0.52,0.0,0.74,0.0,0.0,0.0,0.03,0.0,0.0,0.0,0.0,0.11,0.0,1.1,0.0,0.57,0.84
3847,444.9,0.184097,0.236473,-0.954038,-0.401634,0.454991,-0.794779,-0.124,0.377,0.5,0.0,0.77,0.0,0.0,0.0,0.0,0.0,0.0,0.0,0.0,0.08,0.0,1.18,0.0,0.59,0.81
3848,444.93,0.177022,0.237067,-0.955229,-0.38695,0.454882,-0.802092,-0.119,0.375,0.43,0.0,0.8,0.0,0.0,0.0,0.0,0.0,0.0,0.0,0.0,0.14,0.0,1.19,0.0,0.58,0.78
3849,444.97,0.159475,0.248091,-0.95552,-0.406954,0.457863,-0.790411,-0.141,0.384,0.41,0.0,0.76,0.0,0.0,0.0,0.0,0.0,0.0,0.0,0.0,0.15,0.0,1.26,0.0,0.62,0.6
3850,445.0,0.107514,0.246485,-0.963164,-0.466579,0.418,-0.779474,-0.203,0.364,0.44,0.01,0.72,0.0,0.0,0.0,0.0,0.0,0.0,0.0,0.0,0.14,0.0,1.3,0.0,0.65,0.44
3851,445.03,0.106389,0.248136,-0.962865,-0.425208,0.420694,-0.801383,-0.179,0.362,0.47,0.01,0.71,0.0,0.0,0.0,0.0,0.0,0.0,0.0,0.0,0.18,0.0,1.31,0.0,0.76,0.27
3852,445.07,0.110462,0.262478,-0.958595,-0.386503,0.413818,-0.824239,-0.154,0.363,0.43,0.01,0.68,0.0,0.0,0.0,0.0,0.0,0.0,0.0,0.0,0.17,0.0,1.32,0.0,0.81,0.22
3853,445.1,0.110494,0.256581,-0.960186,-0.468694,0.410007,-0.782445,-0.203,0.365,0.37,0.0,0.65,0.0,0.0,0.0,0.0,0.0,0.0,0.0,0.0,0.2,0.0,1.31,0.0,0.87,0.19
3854,445.13,0.124085,0.25985,-0.957643,-0.406785,0.4147,-0.813972,-0.158,0.364,0.29,0.0,0.59,0.0,0.0,0.0,0.0,0.0,0.0,0.0,0.0,0.15,0.0,1.34,0.0,0.87,0.17
3855,445.17,0.114508,0.251318,-0.961107,-0.462706,0.419458,-0.780998,-0.197,0.368,0.25,0.0,0.57,0.0,0.0,0.0,0.0,0.0,0.0,0.0,0.0,0.17,0.0,1.35,0.0,0.77,0.18
3856,445.2,0.114811,0.252226,-0.960833,-0.460254,0.423022,-0.780525,-0.196,0.37,0.29,0.0,0.56,0.0,0.0,0.0,0.01,0.0,0.0,0.0,0.0,0.13,0.0,1.33,0.0,0.78,0.32
3857,445.23,0.122901,0.24887,-0.960707,-0.481934,0.409579,-0.774587,-0.204,0.363,0.39,0.0,0.58,0.0,0.0,0.0,0.04,0.0,0.0,0.0,0.0,0.18,0.0,1.27,0.0,0.77,0.41
3858,445.27,0.122475,0.247097,-0.96122,-0.445828,0.418331,-0.791351,-0.182,0.363,0.46,0.0,0.57,0.0,0.0,0.0,0.07,0.0,0.0,0.0,0.0,0.21,0.0,1.21,0.0,0.82,0.52
3859,445.3,0.123831,0.245218,-0.961527,-0.475607,0.402229,-0.78231,-0.199,0.356,0.51,0.0,0.59,0.0,0.0,0.0,0.11,0.0,0.0,0.0,0.0,0.23,0.0,1.19,0.0,0.87,0.6
3860,445.33,0.116639,0.244115,-0.962706,-0.486826,0.349509,-0.800527,-0.207,0.325,0.46,0.0,0.6,0.0,0.0,0.0,0.12,0.0,0.0,0.0,0.0,0.17,0.0,1.22,0.0,0.89,0.59
3861,445.37,0.107837,0.250435,-0.962109,-0.420922,0.385585,-0.821066,-0.174,0.343,0.47,0.0,0.52,0.0,0.0,0.0,0.13,0.0,0.0,0.0,0.0,0.15,0.0,1.25,0.0,0.82,0.61
3862,445.4,0.112063,0.254366,-0.960593,-0.497665,0.367267,-0.785776,-0.217,0.342,0.39,0.0,0.47,0.0,0.0,0.0,0.12,0.0,0.0,0.0,0.0,0.12,0.0,1.3,0.0,0.68,0.58
3863,445.43,0.114838,0.25666,-0.959655,-0.459768,0.350634,-0.815885,-0.192,0.33,0.44,0.0,0.51,0.0,0.0,0.0,0.16,0.0,0.0,0.0,0.0,0.19,0.0,1.28,0.0,0.56,0.64
3864,445.47,0.113019,0.248341,-0.962057,-0.451537,0.392161,-0.801451,-0.19,0.348,0.43,0.0,0.62,0.0,0.0,0.0,0.22,0.0,0.0,0.0,0.0,0.27,0.0,1.26,0.0,0.58,0.67
3865,445.5,0.113932,0.249228,-0.96172,-0.449931,0.393992,-0.801456,-0.188,0.35,0.47,0.0,0.66,0.0,0.0,0.0,0.21,0.0,0.0,0.0,0.0,0.31,0.0,1.26,0.0,0.51,0.65
3866,445.53,0.116868,0.255377,-0.959752,-0.476492,0.391558,-0.78717,-0.203,0.355,0.57,0.06,0.6,0.0,0.0,0.0,0.21,0.0,0.0,0.0,0.0,0.31,0.0,1.2,0.0,0.56,0.83
3867,445.57,0.124693,0.261598,-0.957088,-0.484647,0.416829,-0.769007,-0.206,0.374,0.72,0.06,0.58,0.0,0.0,0.0,0.12,0.0,0.0,0.0,0.0,0.3,0.0,1.1,0.0,0.57,0.89
3868,445.6,0.12467,0.260811,-0.957306,-0.478074,0.431992,-0.76474,-0.202,0.382,0.83,0.07,0.57,0.0,0.0,0.0,0.08,0.0,0.0,0.0,0.0,0.34,0.0,0.92,0.0,0.47,0.92
3869,445.63,0.135215,0.282436,-0.949709,-0.365723,0.415751,-0.832705,-0.129,0.373,0.84,0.04,0.58,0.0,0.0,0.0,0.0,0.0,0.0,0.0,0.0,0.23,0.0,0.9,0.0,0.36,0.96
3870,445.67,0.169018,0.295078,-0.940405,-0.351719,0.438088,-0.827268,-0.103,0.393,0.92,0.17,0.57,0.0,0.0,0.0,0.03,0.0,0.0,0.0,0.0,0.18,0.0,0.89,0.0,0.27,1.0
3871,445.7,0.164705,0.296742,-0.940647,-0.342909,0.44349,-0.828088,-0.1,0.396,0.88,0.16,0.57,0.0,0.0,0.0,0.03,0.0,0.0,0.0,0.0,0.05,0.0,0.88,0.0,0.24,1.23
3872,445.73,0.163645,0.305506,-0.938022,-0.341951,0.445209,-0.827562,-0.101,0.402,0.84,0.13,0.58,0.0,0.0,0.0,0.03,0.0,0.0,0.0,0.0,0.05,0.0,0.86,0.0,0.13,1.32
3873,445.77,0.166607,0.300278,-0.939189,-0.341356,0.438085,-0.8316,-0.098,0.395,0.7,0.1,0.66,0.0,0.0,0.0,0.05,0.0,0.0,0.0,0.0,0.01,0.0,0.83,0.0,0.13,1.36
3874,445.8,0.144937,0.318826,-0.936666,-0.356863,0.460627,-0.812694,-0.121,0.419,0.58,0.11,0.75,0.0,0.0,0.0,0.05,0.0,0.0,0.0,0.0,0.08,0.0,1.03,0.0,0.2,1.17
3875,445.83,0.183822,0.298116,-0.936662,-0.253077,0.405284,-0.878463,-0.038,0.37,0.52,0.23,0.87,0.0,0.0,0.0,0.05,0.0,0.0,0.0,0.0,0.17,0.0,1.09,0.0,0.23,0.92
3876,445.87,0.173584,0.308933,-0.935109,-0.266265,0.406816,-0.873844,-0.051,0.377,0.55,0.31,0.94,0.0,0.0,0.0,0.0,0.0,0.0,0.0,0.0,0.17,0.0,1.07,0.0,0.22,0.99
3877,445.9,0.133321,0.323286,-0.936862,-0.382263,0.465762,-0.798085,-0.143,0.427,0.67,0.39,0.82,0.0,0.0,0.0,0.0,0.0,0.0,0.0,0.0,0.1,0.0,0.84,0.0,0.15,1.01
3878,445.93,0.132879,0.315634,-0.939531,-0.316033,0.406356,-0.85732,-0.102,0.382,0.88,0.36,0.61,0.0,0.0,0.0,0.0,0.0,0.0,0.0,0.0,0.04,0.0,0.64,0.0,0.12,1.54
3879,445.97,0.203842,0.368008,-0.907204,-0.288552,0.438293,-0.851256,-0.048,0.43,1.1,0.37,0.26,0.0,0.0,0.0,0.0,0.0,0.0,0.0,0.0,0.03,0.02,0.43,0.0,0.0,2.07
3880,446.0,0.263232,0.388401,-0.883093,-0.292115,0.489246,-0.821771,-0.017,0.475,1.27,0.42,0.11,0.0,0.0,0.0,0.0,0.0,0.0,0.0,0.0,0.03,0.02,0.19,0.0,0.0,2.7
3881,446.03,0.260091,0.394014,-0.881536,-0.27588,0.483724,-0.830603,-0.009,0.474,1.26,0.4,0.0,0.0,0.0,0.0,0.0,0.0,0.0,0.0,0.0,0.0,0.18,0.17,0.0,0.0,2.76
3882,446.07,0.29,0.368001,-0.883445,-0.318237,0.445283,-0.836928,-0.016,0.442,1.18,0.37,0.01,0.0,0.0,0.0,0.0,0.0,0.0,0.0,0.0,0.0,0.34,0.14,0.0,0.0,2.71
3883,446.1,0.266888,0.40267,-0.875573,-0.356318,0.445921,-0.821092,-0.053,0.464,0.93,0.24,0.03,0.0,0.0,0.0,0.0,0.0,0.0,0.0,0.0,0.0,0.48,0.41,0.0,0.0,2.28
3884,446.13,0.238351,0.339797,-0.909795,-0.445064,0.417028,-0.792468,-0.121,0.418,0.58,0.16,0.21,0.0,0.0,0.0,0.0,0.0,0.0,0.0,0.0,0.0,0.32,0.75,0.0,0.0,1.46
3885,446.17,0.12804,0.204551,-0.970446,-0.336324,0.317687,-0.886545,-0.112,0.274,0.16,0.0,0.25,0.0,0.0,0.0,0.0,0.0,0.0,0.0,0.0,0.0,0.14,0.93,0.0,0.0,0.51
3886,446.2,0.121982,0.196704,-0.972845,-0.283696,0.245092,-0.927064,-0.085,0.228,0.0,0.0,0.35,0.07,0.0,0.0,0.0,0.0,0.0,0.02,0.0,0.0,0.0,0.98,0.0,0.0,0.0
3887,446.23,0.148667,0.164584,-0.975095,-0.197198,0.17883,-0.963915,-0.025,0.175,0.0,0.0,0.27,0.2,0.0,0.0,0.0,0.0,0.0,0.04,0.0,0.0,0.0,0.75,0.0,0.0,0.0
3888,446.27,0.156944,0.147683,-0.976503,-0.209196,0.177206,-0.961683,-0.027,0.166,0.0,0.0,0.23,0.31,0.0,0.0,0.0,0.0,0.0,0.12,0.0,0.0,0.0,0.77,0.0,0.0,0.0
3889,446.3,0.155524,0.149177,-0.976503,-0.209058,0.180535,-0.961094,-0.028,0.169,0.0,0.0,0.16,0.45,0.0,0.0,0.0,0.0,0.0,0.16,0.0,0.0,0.0,0.61,0.0,0.0,0.0
3890,446.33,0.12957,0.158614,-0.978802,-0.186461,0.160449,-0.969272,-0.029,0.162,0.0,0.0,0.06,0.31,0.0,0.0,0.0,0.0,0.0,0.21,0.0,0.0,0.0,0.46,0.0,0.0,0.0
3891,446.37,0.088315,0.17859,-0.979952,-0.19282,0.154316,-0.969024,-0.054,0.169,0.34,0.0,0.04,0.2,0.0,0.0,0.0,0.0,0.0,0.13,0.0,0.0,0.0,0.26,0.0,0.0,0.35
3892,446.4,0.183509,0.295278,-0.937622,-0.351904,0.359524,-0.864237,-0.093,0.349,0.66,0.0,0.0,0.0,0.0,0.0,0.0,0.0,0.01,0.07,0.0,0.02,0.0,0.1,0.0,0.0,1.31
3893,446.43,0.194859,0.365125,-0.910337,-0.310428,0.429141,-0.848218,-0.066,0.424,0.88,0.0,0.0,0.0,0.0,0.03,0.0,0.0,0.03,0.0,0.0,0.02,0.0,0.0,0.0,0.0,1.91
3894,446.47,0.169712,0.290258,-0.941779,-0.381311,0.399295,-0.833766,-0.119,0.37,0.74,0.0,0.0,0.0,0.0,0.03,0.0,0.0,0.06,0.0,0.0,0.02,0.0,0.0,0.0,0.0,2.1
3895,446.5,0.164315,0.292529,-0.942034,-0.38231,0.401817,-0.832095,-0.122,0.373,0.41,0.0,0.0,0.0,0.0,0.03,0.0,0.0,0.05,0.01,0.0,0.06,0.0,0.0,0.0,0.0,1.14
3896,446.53,0.023724,0.221426,-0.974889,-0.201652,0.273024,-0.940635,-0.093,0.253,0.19,0.0,0.0,0.0,0.0,0.0,0.0,0.0,0.03,0.06,0.0,0.14,0.0,0.01,0.0,0.0,0.55
3897,446.57,0.033607,0.204203,-0.978351,-0.198213,0.219101,-0.955357,-0.085,0.216,0.0,0.0,0.0,0.0,0.0,0.0,0.0,0.0,0.0,0.06,0.0,0.24,0.0,0.03,0.0,0.0,0.0
3898,446.6,0.042359,0.188797,-0.981102,-0.202707,0.205822,-0.957365,-0.083,0.201,0.0,0.0,0.0,0.1,0.0,0.0,0.0,0.0,0.0,0.05,0.0,0.32,0.0,0.08,0.0,0.0,0.0
3899,446.63,0.037635,0.149403,-0.98806,-0.204967,0.154192,-0.966547,-0.085,0.154,0.0,0.0,0.0,0.25,0.0,0.0,0.0,0.0,0.0,0.0,0.14,0.33,0.0,0.08,0.0,0.0,0.0
3900,446.67,0.016116,0.160821,-0.986852,-0.217117,0.165836,-0.961956,-0.103,0.166,0.0,0.0,0.0,0.39,0.0,0.0,0.0,0.0,0.0,0.0,0.23,0.27,0.0,0.05,0.0,0.0,0.0
3901,446.7,0.015325,0.162401,-0.986606,-0.216939,0.16785,-0.961646,-0.103,0.168,0.0,0.0,0.0,0.31,0.0,0.0,0.0,0.0,0.0,0.0,0.27,0.21,0.0,0.0,0.0,0.0,0.0
3902,446.73,0.027047,0.171178,-0.984869,-0.206087,0.192177,-0.959477,-0.092,0.185,0.31,0.0,0.0,0.17,0.0,0.0,0.0,0.0,0.0,0.0,0.17,0.21,0.0,0.0,0.0,0.0,0.61
3903,446.77,0.144992,0.338252,-0.929819,-0.400111,0.397583,-0.825736,-0.144,0.397,0.62,0.0,0.0,0.03,0.0,0.0,0.0,0.0,0.0,0.0,0.07,0.27,0.0,0.0,0.0,0.0,1.21
3904,446.8,0.131319,0.338779,-0.931657,-0.404652,0.395451,-0.824546,-0.154,0.396,0.94,0.0,0.0,0.0,0.0,0.0,0.0,0.0,0.0,0.0,0.06,0.18,0.0,0.0,0.0,0.0,1.92
3905,446.83,0.138442,0.327606,-0.934617,-0.329668,0.39552,-0.857253,-0.106,0.384,0.79,0.0,0.0,0.0,0.0,0.0,0.0,0.0,0.0,0.0,0.02,0.13,0.0,0.0,0.0,0.0,1.46
3906,446.87,0.041804,0.282844,-0.958255,-0.205172,0.320415,-0.924791,-0.087,0.31,0.61,0.0,0.0,0.0,0.0,0.0,0.0,0.0,0.0,0.0,0.02,0.04,0.0,0.0,0.0,0.0,0.96
3907,446.9,0.041897,0.283757,-0.95798,-0.203597,0.323443,-0.924085,-0.086,0.312,0.39,0.0,0.03,0.0,0.0,0.0,0.0,0.0,0.0,0.0,0.0,0.2,0.0,0.0,0.0,0.0,0.26
3908,446.93,0.043415,0.201832,-0.978457,-0.167232,0.302609,-0.938329,-0.065,0.257,0.35,0.0,0.03,0.0,0.0,0.0,0.0,0.0,0.0,0.0,0.0,0.32,0.0,0.01,0.0,0.0,0.11
3909,446.97,0.034034,0.185895,-0.98198,-0.143489,0.291329,-0.9458,-0.057,0.243,0.3,0.0,0.03,0.0,0.0,0.0,0.0,0.0,0.0,0.0,0.01,0.49,0.0,0.03,0.0,0.0,0.0
3910,447.0,0.043635,0.204085,-0.97798,-0.164925,0.273461,-0.947638,-0.063,0.243,0.25,0.0,0.04,0.0,0.0,0.0,0.0,0.0,0.0,0.0,0.03,0.49,0.0,0.03,0.0,0.0,0.0
3911,447.03,0.051889,0.185839,-0.981209,-0.159504,0.275496,-0.947977,-0.056,0.235,0.16,0.0,0.11,0.0,0.0,0.0,0.0,0.0,0.0,0.0,0.03,0.49,0.0,0.01,0.0,0.0,0.0
3912,447.07,0.043799,0.177753,-0.9831,-0.165535,0.26644,-0.94953,-0.063,0.226,0.14,0.0,0.21,0.0,0.0,0.0,0.0,0.0,0.0,0.0,0.01,0.43,0.0,0.0,0.0,0.0,0.0
3913,447.1,0.044354,0.174666,-0.983628,-0.163984,0.266421,-0.949805,-0.062,0.224,0.09,0.0,0.2,0.0,0.0,0.0,0.0,0.0,0.0,0.0,0.06,0.51,0.0,0.0,0.0,0.0,0.0
3914,447.13,0.045159,0.150517,-0.987575,-0.126503,0.181824,-0.97516,-0.041,0.168,0.08,0.0,0.14,0.0,0.0,0.0,0.0,0.0,0.0,0.0,0.16,0.6,0.0,0.0,0.0,0.0,0.0
3915,447.17,0.057251,0.16315,-0.984939,-0.133372,0.206409,-0.969333,-0.039,0.187,0.02,0.0,0.04,0.0,0.0,0.0,0.0,0.0,0.0,0.0,0.27,0.69,0.0,0.0,0.0,0.0,0.0
3916,447.2,0.053178,0.156016,-0.986322,-0.146459,0.203709,-0.968015,-0.048,0.182,0.46,0.05,0.01,0.0,0.0,0.0,0.0,0.0,0.0,0.0,0.28,0.64,0.0,0.0,0.0,0.01,0.85
3917,447.23,0.157617,0.371702,-0.914874,-0.261444,0.411783,-0.872973,-0.058,0.413,0.86,0.24,0.0,0.0,0.0,0.0,0.0,0.0,0.0,0.0,0.2,0.58,0.0,0.0,0.0,0.01,1.75
3918,447.27,0.210503,0.376579,-0.902151,-0.271907,0.414344,-0.868554,-0.035,0.42,1.31,0.51,0.0,0.0,0.0,0.0,0.0,0.0,0.0,0.0,0.09,0.58,0.0,0.0,0.0,0.06,2.64
3919,447.3,0.202971,0.380757,-0.902124,-0.271223,0.410927,-0.870389,-0.038,0.42,1.32,0.66,0.0,0.0,0.0,0.0,0.01,0.0,0.0,0.0,0.03,0.65,0.0,0.0,0.0,0.13,2.7
3920,447.33,0.204141,0.382731,-0.901024,-0.271802,0.405556,-0.872724,-0.038,0.418,1.21,0.48,0.0,0.0,0.0,0.0,0.01,0.0,0.0,0.0,0.06,0.77,0.0,0.0,0.0,0.22,2.34
3921,447.37,0.217838,0.346819,-0.912285,-0.331021,0.37348,-0.866567,-0.064,0.385,0.77,0.21,0.04,0.0,0.0,0.0,0.01,0.0,0.0,0.0,0.15,0.88,0.0,0.0,0.0,0.23,1.45
3922,447.4,0.094958,0.16201,-0.98221,-0.146804,0.213133,-0.965931,-0.027,0.19,0.31,0.0,0.11,0.0,0.0,0.0,0.0,0.0,0.0,0.0,0.16,0.94,0.0,0.0,0.0,0.15,0.54
3923,447.43,0.110148,0.177189,-0.977994,-0.140293,0.206019,-0.968439,-0.015,0.194,0.03,0.0,0.16,0.2,0.0,0.0,0.0,0.0,0.0,0.0,0.1,0.96,0.0,0.0,0.0,0.14,0.0
3924,447.47,0.109187,0.088853,-0.990042,-0.103995,0.138289,-0.984917,0.003,0.115,0.05,0.0,0.22,0.44,0.0,0.0,0.0,0.0,0.0,0.0,0.02,0.94,0.0,0.0,0.0,0.11,0.0
3925,447.5,0.111194,0.093297,-0.98941,-0.107784,0.144303,-0.983646,0.002,0.12,0.11,0.04,0.23,0.6,0.0,0.0,0.0,0.0,0.0,0.0,0.0,0.94,0.0,0.0,0.0,0.13,0.0
3926,447.53,0.108827,0.096229,-0.989392,-0.104979,0.145615,-0.983756,0.002,0.122,0.11,0.1,0.24,0.79,0.0,0.0,0.0,0.0,0.0,0.0,0.0,0.91,0.0,0.0,0.0,0.12,0.0
3927,447.57,0.113675,0.092365,-0.989215,-0.084156,0.152402,-0.984729,0.015,0.123,0.15,0.1,0.23,0.91,0.0,0.0,0.0,0.0,0.0,0.0,0.01,0.96,0.0,0.0,0.0,0.18,0.0
3928,447.6,0.118653,0.094599,-0.988419,-0.087461,0.158316,-0.983507,0.016,0.128,0.17,0.07,0.2,1.09,0.0,0.0,0.0,0.0,0.0,0.0,0.01,1.05,0.0,0.0,0.0,0.24,0.0
3929,447.63,0.118474,0.104965,-0.987394,-0.084017,0.155568,-0.984246,0.017,0.131,0.23,0.05,0.22,0.97,0.0,0.0,0.0,0.0,0.0,0.0,0.01,1.16,0.0,0.0,0.0,0.26,0.0
3930,447.67,0.121334,0.104999,-0.987043,-0.084164,0.152516,-0.984711,0.019,0.13,0.27,0.05,0.24,0.94,0.0,0.0,0.0,0.0,0.0,0.0,0.0,1.19,0.0,0.0,0.0,0.32,0.0
3931,447.7,0.121244,0.103762,-0.987184,-0.085061,0.14991,-0.985034,0.018,0.128,0.66,0.45,0.21,0.92,0.0,0.0,0.0,0.0,0.0,0.0,0.0,1.16,0.0,0.0,0.03,0.52,0.04
3932,447.73,0.089732,0.158939,-0.983202,-0.180021,0.313106,-0.9325,-0.047,0.242,0.91,0.73,0.16,0.65,0.0,0.0,0.0,0.0,0.0,0.0,0.0,1.11,0.0,0.0,0.09,0.71,0.5
3933,447.77,0.198013,0.28989,-0.936352,-0.185781,0.364374,-0.912533,0.007,0.34,1.03,1.02,0.17,0.32,0.0,0.0,0.0,0.0,0.0,0.0,0.0,1.13,0.0,0.0,0.1,0.75,0.54
3934,447.8,0.132232,0.233622,-0.963294,-0.142802,0.347204,-0.926853,-0.006,0.298,0.78,0.75,0.24,0.0,0.0,0.0,0.0,0.0,0.0,0.0,0.0,1.13,0.0,0.0,0.11,0.69,0.51
3935,447.83,0.135108,0.239026,-0.961568,-0.13529,0.341503,-0.930093,-0.0,0.298,0.53,0.62,0.29,0.14,0.0,0.0,0.0,0.0,0.0,0.0,0.0,1.1,0.0,0.0,0.05,0.59,0.05
3936,447.87,0.119842,0.138555,-0.983077,-0.051243,0.2106,-0.976228,0.035,0.176,0.43,0.54,0.3,0.3,0.0,0.0,0.0,0.0,0.0,0.0,0.0,1.11,0.0,0.0,0.03,0.64,0.02
3937,447.9,0.120319,0.14353,-0.982305,-0.052059,0.212621,-0.975747,0.035,0.18,0.4,0.57,0.25,0.48,0.0,0.0,0.0,0.0,0.0,0.0,0.0,1.1,0.0,0.0,0.0,0.55,0.0
3938,447.93,0.120744,0.146225,-0.981855,-0.043513,0.174043,-0.983776,0.039,0.162,0.42,0.53,0.22,0.47,0.0,0.0,0.0,0.0,0.0,0.0,0.0,1.08,0.0,0.0,0.0,0.55,0.0
3939,447.97,0.107415,0.154105,-0.982198,-0.038782,0.176254,-0.98358,0.035,0.166,0.44,0.45,0.14,0.46,0.0,0.0,0.0,0.0,0.0,0.0,0.0,1.07,0.0,0.0,0.0,0.59,0.0
3940,448.0,0.105967,0.143178,-0.984008,-0.048418,0.188559,-0.980868,0.029,0.167,0.3,0.4,0.15,0.47,0.0,0.0,0.0,0.0,0.0,0.0,0.0,1.05,0.0,0.0,0.0,0.7,0.0
3941,448.03,0.116927,0.142655,-0.982842,-0.039619,0.184734,-0.98199,0.039,0.165,0.26,0.4,0.12,0.54,0.0,0.0,0.0,0.0,0.0,0.0,0.0,1.05,0.0,0.0,0.0,0.76,0.0
3942,448.07,0.115903,0.142937,-0.982922,-0.036391,0.185848,-0.981904,0.04,0.166,0.21,0.44,0.1,0.54,0.0,0.0,0.0,0.0,0.0,0.0,0.0,0.98,0.0,0.0,0.02,0.75,0.0
3943,448.1,0.116689,0.14062,-0.983163,-0.036709,0.188647,-0.981359,0.041,0.166,0.3,0.49,0.06,0.35,0.0,0.0,0.0,0.0,0.0,0.0,0.0,1.06,0.0,0.0,0.02,0.81,0.0
3944,448.13,0.136389,0.141394,-0.980513,-0.04811,0.211751,-0.976139,0.045,0.179,0.41,0.58,0.09,0.14,0.0,0.0,0.0,0.0,0.0,0.0,0.0,1.16,0.0,0.0,0.04,0.88,0.0
3945,448.17,0.131183,0.148754,-0.980134,-0.054372,0.222183,-0.973488,0.039,0.188,0.61,0.68,0.14,0.0,0.0,0.0,0.0,0.0,0.0,0.0,0.0,1.28,0.0,0.0,0.05,0.98,0.0
3946,448.2,0.121758,0.151148,-0.980984,-0.050906,0.226164,-0.972758,0.036,0.191,0.71,0.77,0.2,0.0,0.0,0.0,0.0,0.0,0.0,0.0,0.0,1.23,0.0,0.0,0.05,0.97,0.0
3947,448.23,0.124447,0.150012,-0.980821,-0.070031,0.25409,-0.964642,0.028,0.205,0.81,0.78,0.25,0.0,0.0,0.0,0.0,0.0,0.0,0.0,0.0,1.23,0.0,0.0,0.03,0.9,0.0
3948,448.27,0.132104,0.152102,-0.979497,-0.087954,0.256094,-0.962642,0.023,0.207,0.81,0.79,0.27,0.02,0.0,0.0,0.0,0.0,0.0,0.0,0.0,1.11,0.0,0.0,0.0,0.77,0.0
3949,448.3,0.13042,0.150193,-0.980017,-0.086303,0.253923,-0.963366,0.023,0.205,0.82,0.65,0.26,0.02,0.0,0.0,0.0,0.0,0.0,0.0,0.01,1.14,0.0,0.0,0.0,0.66,0.0
3950,448.33,0.117437,0.148185,-0.981962,-0.089151,0.26548,-0.959986,0.015,0.21,0.76,0.55,0.2,0.02,0.0,0.0,0.0,0.0,0.0,0.0,0.01,1.14,0.0,0.0,0.01,0.7,0.0
3951,448.37,0.118552,0.153315,-0.98104,-0.082304,0.259425,-0.96225,0.019,0.209,0.62,0.39,0.17,0.02,0.0,0.0,0.0,0.0,0.0,0.0,0.03,1.23,0.0,0.0,0.01,0.77,0.0
3952,448.4,0.137702,0.147465,-0.979435,-0.079336,0.202378,-0.976089,0.03,0.177,0.54,0.44,0.14,0.02,0.0,0.0,0.0,0.0,0.0,0.0,0.06,1.25,0.0,0.0,0.01,0.9,0.0
3953,448.43,0.136632,0.146498,-0.97973,-0.065481,0.19184,-0.979239,0.036,0.171,0.46,0.37,0.08,0.02,0.0,0.0,0.0,0.0,0.0,0.0,0.17,1.26,0.0,0.0,0.03,0.89,0.0
3954,448.47,0.135222,0.143786,-0.980327,-0.066823,0.184488,-0.980561,0.035,0.166,0.45,0.36,0.03,0.09,0.0,0.0,0.0,0.0,0.0,0.0,0.19,1.24,0.0,0.0,0.03,0.86,0.0
3955,448.5,0.136553,0.141803,-0.980431,-0.068156,0.182132,-0.980909,0.035,0.164,0.42,0.31,0.0,0.16,0.0,0.0,0.0,0.0,0.0,0.0,0.25,1.21,0.0,0.0,0.03,0.83,0.0
3956,448.53,0.138095,0.141803,-0.980215,-0.067222,0.181841,-0.981028,0.036,0.164,0.39,0.24,0.0,0.18,0.0,0.0,0.0,0.0,0.0,0.0,0.24,1.26,0.0,0.0,0.04,0.91,0.0
3957,448.57,0.122263,0.131864,-0.983699,-0.067725,0.197165,-0.978028,0.028,0.166,0.34,0.12,0.0,0.09,0.0,0.0,0.0,0.0,0.0,0.0,0.34,1.38,0.0,0.0,0.04,0.96,0.0
3958,448.6,0.133847,0.128218,-0.982672,-0.073581,0.174475,-0.981909,0.031,0.153,0.36,0.13,0.0,0.02,0.0,0.0,0.0,0.0,0.0,0.0,0.4,1.43,0.0,0.0,0.04,0.96,0.0
3959,448.63,0.155724,0.157285,-0.975198,-0.116553,0.263168,-0.957684,0.02,0.214,0.59,0.28,0.0,0.0,0.0,0.0,0.0,0.0,0.0,0.0,0.48,1.48,0.0,0.0,0.19,1.15,0.26
3960,448.67,0.170667,0.287883,-0.942335,-0.281637,0.345687,-0.895087,-0.06,0.332,0.88,0.46,0.0,0.0,0.0,0.0,0.0,0.0,0.0,0.0,0.43,1.49,0.0,0.0,0.4,1.44,0.59
3961,448.7,0.177112,0.285902,-0.941749,-0.282634,0.343223,-0.895721,-0.057,0.33,0.98,0.48,0.1,0.0,0.0,0.0,0.02,0.0,0.0,0.0,0.49,1.37,0.0,0.0,0.67,1.96,0.59
3962,448.73,0.163007,0.18917,-0.96832,-0.134597,0.240435,-0.961288,0.015,0.219,0.93,0.47,0.19,0.0,0.0,0.0,0.02,0.0,0.0,0.0,0.52,1.17,0.0,0.0,0.78,2.14,0.33
3963,448.77,0.160098,0.187457,-0.969138,-0.141717,0.246839,-0.958638,0.01,0.222,0.92,0.41,0.49,0.0,0.0,0.0,0.2,0.02,0.0,0.0,0.64,0.98,0.0,0.0,1.15,2.58,0.0
3964,448.8,0.133417,0.120774,-0.983674,-0.097969,0.208048,-0.9732,0.018,0.166,1.05,0.4,0.67,0.0,0.0,0.0,0.3,0.11,0.0,0.0,0.72,0.9,0.0,0.0,1.47,2.77,0.0
3965,448.83,0.136132,0.128742,-0.98229,-0.09815,0.204826,-0.973865,0.019,0.169,1.06,0.34,0.82,0.0,0.0,0.0,0.38,0.13,0.0,0.0,0.77,0.83,0.0,0.0,1.75,2.99,0.0
3966,448.87,0.136647,0.131556,-0.981845,-0.101948,0.198191,-0.974847,0.018,0.167,1.05,0.32,0.76,0.0,0.0,0.0,0.29,0.18,0.0,0.0,0.82,0.73,0.0,0.0,1.77,2.95,0.0
3967,448.9,0.136199,0.134098,-0.981564,-0.106237,0.204096,-0.973169,0.015,0.171,1.11,0.47,0.84,0.0,0.0,0.3,0.51,0.1,0.0,0.0,0.67,0.82,0.0,0.0,1.43,3.23,0.26
3968,448.93,0.13994,0.196767,-0.970412,-0.239107,0.285513,-0.928068,-0.052,0.249,1.52,0.84,1.07,0.0,0.0,0.55,0.65,0.07,0.0,0.0,0.74,1.04,0.0,0.0,1.06,3.68,0.45
3969,448.97,0.137879,0.262581,-0.955008,-0.230542,0.34685,-0.909145,-0.05,0.316,1.89,1.23,1.23,0.0,0.0,0.84,0.79,0.0,0.0,0.0,0.78,1.27,0.0,0.0,0.59,4.03,0.6
3970,449.0,0.150027,0.288962,-0.945512,-0.230252,0.351068,-0.907598,-0.043,0.333,2.18,1.26,1.36,0.0,0.0,0.54,0.49,0.0,0.0,0.0,0.95,1.36,0.0,0.0,0.71,4.05,0.73
3971,449.03,0.079072,0.359597,-0.929752,-0.204291,0.418251,-0.88506,-0.069,0.405,2.25,1.06,1.29,0.0,0.0,0.3,0.27,0.0,0.0,0.0,0.75,1.01,0.0,0.0,0.93,3.43,1.19
3972,449.07,0.200205,0.360797,-0.910902,-0.172411,0.468272,-0.8666,0.016,0.436,2.32,0.85,1.18,0.0,0.0,0.0,0.05,0.0,0.0,0.0,0.46,0.57,0.0,0.0,1.16,2.93,1.58
3973,449.1,0.225116,0.355848,-0.907025,-0.187022,0.454631,-0.870823,0.021,0.428,1.98,0.58,0.89,0.0,0.0,0.0,0.0,0.0,0.0,0.0,0.15,0.14,0.0,0.0,1.14,2.38,1.54
3974,449.13,0.142993,0.342584,-0.928542,-0.270901,0.36628,-0.890198,-0.07,0.372,1.62,0.54,0.74,0.0,0.0,0.0,0.0,0.0,0.0,0.0,0.04,0.35,0.0,0.0,0.92,2.26,1.01
3975,449.17,0.056958,0.271523,-0.960745,-0.146928,0.316603,-0.93711,-0.047,0.301,1.26,0.47,0.88,0.0,0.0,0.0,0.1,0.0,0.0,0.0,0.0,0.95,0.0,0.0,0.84,2.13,0.58
3976,449.2,0.06273,0.227051,-0.971861,-0.173934,0.273954,-0.945884,-0.058,0.256,1.06,0.47,1.06,0.0,0.0,0.0,0.16,0.0,0.0,0.0,0.0,1.27,0.0,0.0,0.77,2.03,0.31
3977,449.23,0.033666,0.23371,-0.971723,-0.203387,0.272525,-0.940406,-0.089,0.259,0.88,0.41,1.17,0.0,0.0,0.0,0.16,0.0,0.0,0.0,0.0,1.34,0.0,0.12,0.56,1.95,0.31
3978,449.27,0.021362,0.1957,-0.980431,-0.187215,0.262784,-0.946517,-0.086,0.234,0.68,0.28,1.03,0.0,0.0,0.0,0.06,0.0,0.0,0.0,0.0,1.03,0.0,0.27,0.27,1.78,0.23
3979,449.3,0.02157,0.20183,-0.979183,-0.186922,0.26776,-0.94518,-0.086,0.239,0.83,0.31,0.93,0.0,0.0,0.0,0.0,0.0,0.0,0.0,0.0,0.79,0.0,0.44,0.0,1.14,0.33
3980,449.33,0.026631,0.238518,-0.970773,-0.185226,0.283686,-0.940858,-0.083,0.267,1.19,0.42,0.9,0.0,0.0,0.0,0.0,0.0,0.15,0.0,0.03,0.46,0.0,0.33,0.0,0.56,0.45
3981,449.37,0.043481,0.267861,-0.962476,-0.189055,0.307952,-0.932429,-0.077,0.295,1.4,0.64,0.63,0.03,0.0,0.0,0.0,0.0,0.22,0.0,0.11,0.28,0.0,0.24,0.0,0.0,0.64
3982,449.4,0.163465,0.334466,-0.928123,-0.256682,0.368998,-0.893283,-0.051,0.369,1.37,0.57,0.42,0.04,0.0,0.0,0.0,0.0,0.22,0.0,0.11,0.34,0.0,0.07,0.0,0.0,1.2
3983,449.43,0.229745,0.3468,-0.909366,-0.222699,0.413949,-0.882639,0.004,0.401,1.15,0.32,0.24,0.04,0.0,0.0,0.0,0.0,0.07,0.0,0.07,0.39,0.0,0.07,0.0,0.0,1.74
3984,449.47,0.217786,0.353094,-0.909887,-0.221245,0.405651,-0.886847,-0.002,0.4,1.12,0.08,0.35,0.01,0.0,0.0,0.0,0.0,0.0,0.02,0.0,0.4,0.0,0.0,0.0,0.0,2.37
3985,449.5,0.220891,0.34517,-0.912176,-0.22774,0.403468,-0.886199,-0.004,0.394,1.14,0.21,0.46,0.0,0.0,0.0,0.0,0.0,0.03,0.02,0.0,0.37,0.01,0.0,0.0,0.0,2.54
3986,449.53,0.196212,0.295486,-0.934981,-0.250331,0.370973,-0.894267,-0.03,0.349,1.05,0.36,0.52,0.0,0.0,0.0,0.0,0.0,0.03,0.02,0.11,0.54,0.01,0.0,0.0,0.05,2.56
3987,449.57,0.22196,0.262033,-0.939187,-0.215362,0.394228,-0.893422,0.004,0.344,1.04,0.57,0.57,0.0,0.0,0.0,0.0,0.0,0.03,0.0,0.14,0.74,0.01,0.0,0.0,0.05,2.38
3988,449.6,0.227868,0.26538,-0.93683,-0.174596,0.390811,-0.903761,0.029,0.342,1.2,0.74,0.57,0.0,0.0,0.0,0.0,0.0,0.0,0.0,0.14,0.9,0.0,0.0,0.0,0.05,2.22
3989,449.63,0.229626,0.274284,-0.933831,-0.17626,0.400427,-0.899217,0.029,0.353,1.59,0.99,0.54,0.0,0.0,0.0,0.0,0.0,0.0,0.0,0.02,0.73,0.08,0.0,0.0,0.0,2.2
3990,449.67,0.240184,0.268752,-0.932783,-0.207468,0.384662,-0.89944,0.018,0.343,1.95,1.11,0.48,0.0,0.0,0.0,0.0,0.0,0.0,0.0,0.0,0.52,0.16,0.0,0.0,0.0,2.26
3991,449.7,0.24038,0.268166,-0.932901,-0.212756,0.386575,-0.897382,0.015,0.344,2.15,1.02,0.41,0.0,0.0,0.0,0.0,0.0,0.0,0.0,0.0,0.28,0.16,0.0,0.0,0.0,2.18
3992,449.73,0.254696,0.292568,-0.921702,-0.212003,0.412431,-0.885977,0.024,0.372,2.01,0.69,0.31,0.0,0.0,0.0,0.0,0.0,0.0,0.0,0.0,0.27,0.09,0.0,0.0,0.0,2.08
3993,449.77,0.216494,0.286188,-0.933395,-0.223507,0.413819,-0.882495,-0.004,0.368,1.74,0.34,0.28,0.0,0.0,0.0,0.0,0.0,0.04,0.0,0.0,0.26,0.0,0.0,0.0,0.0,2.14
3994,449.8,0.198259,0.269971,-0.942236,-0.220882,0.393278,-0.892493,-0.012,0.347,1.47,0.26,0.24,0.0,0.0,0.0,0.0,0.0,0.09,0.0,0.0,0.39,0.03,0.0,0.02,0.0,2.13
3995,449.83,0.204655,0.239891,-0.948983,-0.261651,0.375801,-0.888995,-0.031,0.323,1.34,0.4,0.24,0.0,0.0,0.0,0.0,0.0,0.13,0.0,0.0,0.44,0.03,0.0,0.02,0.0,2.09
3996,449.87,0.1997,0.241446,-0.949644,-0.267651,0.379714,-0.88554,-0.037,0.326,1.31,0.54,0.17,0.0,0.0,0.0,0.0,0.0,0.15,0.0,0.0,0.44,0.05,0.0,0.02,0.0,2.04
3997,449.9,0.19531,0.23636,-0.951834,-0.270834,0.377545,-0.885499,-0.041,0.322,0.99,0.42,0.17,0.0,0.0,0.0,0.0,0.0,0.2,0.0,0.0,0.36,0.07,0.0,0.0,0.01,1.52
3998,449.93,0.092319,0.190702,-0.977297,-0.175243,0.284203,-0.942613,-0.043,0.242,0.57,0.18,0.16,0.0,0.0,0.0,0.0,0.0,0.29,0.17,0.03,0.33,0.07,0.01,0.0,0.01,0.88
3999,449.97,0.099209,0.140526,-0.985094,-0.122209,0.195327,-0.973094,-0.012,0.17,0.14,0.0,0.16,0.06,0.0,0.0,0.0,0.0,0.4,0.37,0.08,0.32,0.05,0.05,0.0,0.01,0.13
